0.019237792368652973
0.05206938819961243
0.08678759173897899
0.12332762948745313
0.16153928315167748
0.20117714544667636
0.24189760695471138
0.283265188602646
0.32476976217157305
0.36585430382255635
0.40595048212838325
0.01339140096615482
0.4084375761475506
0.3780630177040163
0.34438772265916484
0.3074881467985917
0.2675849677664271
0.22505574816008855
0.18043174409807022
0.13437528230644583
0.08763800963557791
0.041005077832026504
0.004765759221138158
0.04899972807421685
0.09114655982695485
0.1308032118470438
0.16771768549472504
0.2017775014835206
0.23298822918017473
0.26144752852550096
0.28731906978050437
0.31080916902314226
0.04753457371445008
0.3463804007202278
0.30975078919143917
0.2738743263037396
0.2389678806638751
0.2051878595754525
0.17263338017375102
0.1413521659277543
0.11134793354014638
0.0825882539033323
0.05501215188518957
0.02853698373849778
0.003064359206669448
0.02151495564195008
0.045317106721435435
0.06846207766427996
0.09107132765341437
0.11326598682014802
0.1351654587432659
0.15688629039402485
0.1785411832643624
0.200238033123947
0.22207889905812436
0.2441588154227508
0.26656437423964197
0.02951548921506697
0.23472530011033033
0.21610825538220896
0.19706272905998984
0.17744707855512074
0.15711156355501288
0.13589961813286838
0.11364986970549412
0.09019918069172367
0.06538702373886002
0.03906151206818159
0.014650306719530937
0.03710353908848468
0.061056572854370245
0.08653652181495941
0.11352082812995243
0.14192722020649612
0.17160571788396725
0.20233444457680302
0.23382097750895534
0.2657104986194762
0.29760106153498644
0.3290649993941535
0.35967418302509824
0.389025910684217
0.4167660031342389
0.4426062835588031
0.015188123811574663
0.4198230025858851
0.3926294025801171
0.3634478343452363
0.33258905840892766
0.30043235506740595
0.26740627471189565
0.23396364928068872
0.20055401862273212
0.16759718782391023
0.1354612981684975
0.1044477054474735
0.07478350550840343
0.04662117883560718
0.020043870418389426
0.004925604132803824
0.028313897087183515
0.05018594598595158
0.07063454509365669
0.08977129736040479
0.10771920903822807
0.1246069333088404
0.14056451450043647
0.15572040865752468
0.1701995345178975
0.1841221198071628
0.1976031351233758
0.210752140860995
0.22367340523605955
0.2364661802028874
0.24922504555231964
0.006235447405112903
0.25161769649542015
0.2370991672818661
0.2230730019560573
0.20945941637781146
0.1961736560605932
0.18312615454604508
0.1702225315812413
0.1573634793490581
0.14444458985751146
0.13135618433037105
0.11798321689640706
0.10420534067665937
0.08989724478444702
0.07492939538869217
0.05916934131237228
0.04248377126332559
0.024741529585015964
0.02113692249034982
0.05681493132632687
0.09470529062423239
0.1347071703639811
0.17659900631507228
0.22002651446139632
0.26450289700769425
0.30942520413620667
0.3541081607184994
0.39783273339848724
0.007156894876838141
0.4123542152235059
0.37966549108371844
0.34310572853559124
0.30277443958171113
0.258968835005809
0.21220046166931536
0.16318581566412374
0.11280583645338985
0.06203679991706236
0.011863676343184928
0.0368072473687118
0.08321958304926062
0.12681052495862483
0.1672239941977812
0.20429775694174815
0.2380332847301172
0.26855776465501785
0.2960858301912303
0.3208857986137258
0.0336710683710173
0.32957706078574117
0.29020831645787337
0.2518532004087142
0.2147452470946598
0.17903752144182916
0.14480988705297626
0.11207932466667492
0.08081142433941266
0.05093167249832321
0.022335669389932672
0.005102153430622328
0.03152142809080323
0.0570702656093318
0.08190098527580408
0.10616690259708916
0.1300199109559698
0.15360860502208026
0.17707671682735088
0.20056166119680566
0.22419301276840575
0.24809076191753665
0.01000250989827517
0.2502993175328295
0.23039250648020002
0.2100984165538472
0.18924568437022854
0.16765130068629663
0.14512207643903824
0.12145709196017909
0.09645156086155796
0.06990261052058525
0.041617515456337933
0.01635172519745201
0.04096463604688938
0.06734307157803276
0.0955066661954125
0.1254030763745021
0.1568941478536096
0.18974640940316306
0.22362891359221929
0.2581210159179884
0.29273132729405593
0.32692691166810933
0.3601693721119244
0.39195260442431595
0.42183644618713484
0.008875797489021182
0.4388530570444836
0.4109402083888549
0.3805223958599169
0.34792756921873824
0.31358655769030447
0.27801110564697507
0.24176116247492463
0.20540578775602492
0.16948367554560612
0.1344693004185839
0.10074907962883894
0.06860941249054572
0.0382359347719593
0.00972154209930462
0.016920028664200643
0.041738151346527363
0.06482922901071478
0.08632217213771323
0.10636625663966262
0.12512159700007294
0.1427520945833192
0.15942052289118375
0.17528533910974534
0.19049881604808855
0.20520613309180918
0.21954512408269042
0.2336464393760061
0.2476339312770256
0.012463236794917782
0.25921169550162326
0.24314413075162444
0.22767514683226048
0.2127052902839543
0.19812787761588763
0.18382933796998058
0.16968929543826758
0.15558047648431633
0.14136853792274603
0.12691192649491098
0.11206190395890173
0.09666290286290175
0.08055341774022998
0.06356768228942791
0.045538429703766314
0.026301069867283616
0.023698928596630364
0.0631427012956347
0.10514229693721482
0.149522693670839
0.195937562067786
0.24385866345267043
0.2925875852818876
0.3412944976332502
0.38908229321919285
0.0002124669727120304
0.4170288437369932
0.3814716109809559
0.3413864648158527
0.2969080028144576
0.24844142924240767
0.1966828637451148
0.14259704031221504
0.08734606795768779
0.032177545497318646
0.021705204593637603
0.07326129374811703
0.12169415085540683
0.1664859146205266
0.207387916451083
0.24438060747297718
0.27761892442622893
0.30737635658875506
0.058434528963997256
0.35660712560384755
0.3132182370658721
0.2707392622974647
0.22953065310885998
0.18984220145061592
0.15181921801963236
0.11551536018908555
0.08090866806470538
0.04791812200528727
0.01641896124317397
0.013744161440963625
0.042746486066916306
0.0707748030142615
0.09802112754620139
0.12467796099175504
0.1509346912410479
0.17697471034301596
0.20297287074587064
0.22909295170910343
0.25548485974484697
0.014466783612749431
0.2510239488167668
0.22882516267960884
0.20608727990838582
0.18258766156934664
0.15808895239685292
0.13234234451680404
0.1050928283560309
0.07608723166954479
0.0450859145324414
0.018661298946041585
0.04613180676066653
0.07565568522403213
0.10722503002774776
0.1407268394765644
0.17592588197201556
0.21245669293479694
0.24982938557539985
0.28745221552201206
0.3246704402482832
0.36081678509422765
0.3952653217587775
0.42747934201304644
0.0006043234291448346
0.4310892519103569
0.39969680640385846
0.3655317921777234
0.329053174392385
0.29084601105668223
0.25158242898305383
0.21196917798878256
0.17269059972106443
0.13435710445689175
0.09746735241569882
0.06238823983828533
0.02935228537520744
0.0015313184819402414
0.03025718858668794
0.056900772696878474
0.08159573534423338
0.10451406931909213
0.1258500052336597
0.1458078739553071
0.1645935373190629
0.1824087582620297
0.1994478293692621
0.21589583155153744
0.23192799139529285
0.24770971013779272
0.26339693054828545
0.0002930220645899675
0.25464482682441025
0.23718394685375352
0.22031661819659387
0.20390854903923
0.18781496066067607
0.17188098344029573
0.15594178620353183
0.13982261849405184
0.1233389790658717
0.1062971710145607
0.0884955655773254
0.06972696993550442
0.04978256997677066
0.0284579770389692
0.027146874587591338
0.07152556088505728
0.1187918030920718
0.1686302649640667
0.22048514411544565
0.2735617688099148
0.326867813404115
0.3792956422106998
0.4297339849820663
0.045103455014373246
0.38337266754194177
0.33896439280220114
0.28945407685907915
0.23540006557225499
0.1777532441427279
0.11780940774174331
0.05708640346915382
0.0028523300960771533
0.060583720648209945
0.11497265929131467
0.16525060249509266
0.2110214865160816
0.25221295593069737
0.28899944548390905
0.32172055825510026
0.04309966782624208
0.34395161573399574
0.2967034349726497
0.25054889806857156
0.2059020000855572
0.16303108413751255
0.12207052631021444
0.08304086856011576
0.0458722056923641
0.010427095556835918
0.023479175196868884
0.056061863085737074
0.08755360503281708
0.11819435281148288
0.1482237120295964
0.1778749389057746
0.2073698879100444
0.2369142894194119
0.2666928463256778
0.01894132277714504
0.255134246760165
0.22967127317114075
0.2034211704075543
0.17609352017155455
0.14738120685005796
0.11696815232250676
0.08454119486632913
0.04980749701700713
0.021777049081490665
0.05303913562159622
0.086652154281673
0.12254422214382713
0.16049030976121667
0.20009533808820146
0.2407957643108438
0.2818854970710447
0.3225668968529322
0.36202054253707755
0.39948114324627626
0.4343045303593607
0.009316658690792071
0.42159496560796117
0.3860419162026
0.347476231972617
0.3065307817895512
0.2639846720637841
0.22069768474239387
0.1775309804881001
0.13526997268565932
0.09456415005828711
0.05589262566236487
0.019556415376840462
0.014307785174039574
0.045700515721414536
0.07472720658101943
0.10156663542378935
0.1264437554340204
0.14960833487368405
0.1713194083880597
0.19183476223142587
0.21140437996972883
0.230266768189362
0.2486472133624152
0.2667571959835603
0.008743180391592626
0.27234848085958907
0.25218305259779933
0.2327073025330849
0.21375307523319031
0.19513526594933073
0.17665307859614227
0.1580909006224098
0.13921914424044896
0.11979548033078966
0.09956698903425223
0.07827386667446853
0.055655445697593633
0.031459364782436175
0.023364801205594768
0.05622110693674048
0.09150861678911187
0.129115578625572
0.1687567816494341
0.2099596581573798
0.25207365232862017
0.2943081984553147
0.3357976944999283
0.37568340747859286
0.4131960553966868
0.010874478079095959
0.43427349880610594
0.3990884316380596
0.36053656529049394
0.3192127887146375
0.2758929485441453
0.23147064205219542
0.18687266289781493
0.14297028641632128
0.100504684105568
0.06003930210289963
0.021943081901756332
0.01359979729805319
0.04656259551051771
0.07704071201646981
0.1052160357647221
0.13132565686781894
0.15563700551528814
0.17842963454680627
0.1999828308996263
0.22056782616135406
0.2404433364673485
0.25985330530518364
0.2790259264290291
0.0025920903715196952
0.266993178825448
0.2460414091063377
0.2257008259084487
0.20577685849594843
0.1860555838065493
0.16630533851728654
0.1462781852273702
0.1257117456755642
0.10433203104294239
0.08185803345079404
0.05800897300406711
0.03251517232553216
0.03401770203439003
0.08764778444653148
0.14446280834616046
0.20376204035349216
0.26448787089596876
0.32529130289167385
0.38467026963323264
0.0001710469619727161
0.4123007430876367
0.36410503001206845
0.30942979392722186
0.24881571352787346
0.18339553218271898
0.1148532238665668
0.04524371958541778
0.023294269967774943
0.08884705558970941
0.14996080564451503
0.20574632688328764
0.25585671337981675
0.30038189019532807
0.3397128648180364
0.02568585517066889
0.33398383301855294
0.2798948274916776
0.22694999456851
0.17570190678673242
0.1264909456051606
0.07946399565761612
0.03460746831073323
0.008214817112533204
0.049225311200529726
0.0887012774680756
0.12694914072754315
0.16428412475714718
0.2010139592173605
0.2374252454157882
0.2737711959488561
0.009988690060569067
0.27666891524609866
0.24482064909082463
0.21173453116366991
0.17700635006274523
0.14021718974524425
0.10095597757036037
0.0588520894466485
0.028009484057088196
0.06651631413233937
0.10772703543226637
0.15136956464489726
0.19692401148401859
0.24362680177782933
0.29051735781692767
0.3365270674112712
0.38059568779493264
0.42178904539016604
0.0009411064721288418
0.4263033019291461
0.38580800724811715
0.34160027809943083
0.2945104895302445
0.24558223385675143
0.19596490820413176
0.1467855285634747
0.09903038266145686
0.05346221570901097
0.010584406142295666
0.02935179009011954
0.06631057087278289
0.10042134300274912
0.13192762911559808
0.16114278356419057
0.18841560024355533
0.2141058204676607
0.23856796048912737
0.26214134343539247
0.2851442763502505
0.009307979987310672
0.2923722218782403
0.2674199485951944
0.24312264395784758
0.2192357054321946
0.19548177940063882
0.1715552269144352
0.14712670461090066
0.12184890652735474
0.09536476036507821
0.06731958584700225
0.03737880724158109
0.030365707657719995
0.07127895676779213
0.11493742993592782
0.16097974142493576
0.20876899333531712
0.2574116694160794
0.3058269252605248
0.35286031963474107
0.39741892546312485
0.43859500701231374
0.023726348046970765
0.40200246133624756
0.3576202754032161
0.30981196184041204
0.25961579962682996
0.2082379525740477
0.15691303999804204
0.10676287869449272
0.0586873118101125
0.013306879787772563
0.029042008709719402
0.0682729986137126
0.10449548094818514
0.1379562759932184
0.16898767514768892
0.19796642983018184
0.22528420113683073
0.25132779193050053
0.2764666830916658
0.3010453973531669
0.004698108186677118
0.2865318878543317
0.2601681210340244
0.23429795658051794
0.2086323936988175
0.1828462576834099
0.15658483176014676
0.12947169221785554
0.10111929669423098
0.07114413325252363
0.039188301179557766
0.03301430398934879
0.07664181525375596
0.12303349158316318
0.17171812346906268
0.2219206857010737
0.2726018682797218
0.32255582960262374
0.37055177704940345
0.41548623529612216
0.0004977145886052321
0.41934925198337347
0.3748944718047151
0.3264358492368248
0.27498022239583353
0.22177445772878301
0.16815898957752645
0.11540304159769232
0.06456424477139908
0.01640330782397656
0.02863828320545636
0.07040966554551975
0.10899269171986252
0.14463530909960395
0.17769024924192625
0.20856574841509748
0.23768959262323805
0.2654847446363684
0.29235363202605763
0.014293706312963048
0.3079686918165858
0.2792963740252358
0.251197201118087
0.2233767013389175
0.19549303176879543
0.16716640822394307
0.1379897944032515
0.10754268097835318
0.07541011723470728
0.041209196155574945
0.048083838364372855
0.12015846136522809
0.19507030028905015
0.2709754583201759
0.3456044585118659
0.4166083712078294
0.038772977546642995
0.3764029871656206
0.30772049579780947
0.2308742044422825
0.14785566540951695
0.06163097891090083
0.024340599267649463
0.10677720586633223
0.18315845819166762
0.25201129507693276
0.31287177242958797
0.36604352310147115
0.0017397968074947534
0.32528842575852046
0.2574893544386384
0.19050189027601083
0.1252771118887052
0.0623970462275969
0.0021031510698018563
0.055636385592121765
0.11104519762953256
0.16445952711404244
0.21625899682844393
0.2668091466358475
0.31641467798213524
0.030065049942066116
0.28384565419020275
0.23709898274877433
0.1874570297631197
0.13435237081375112
0.07731786703383861
0.04073937128457375
0.09381221050342353
0.1497511629698145
0.20763417204543863
0.26613631480347183
0.3236721471941367
0.378617932972992
0.42955302677964546
0.013133854513906864
0.4107203426932658
0.35774389041976945
0.30020883902926754
0.2396075618822433
0.1777026667369528
0.11626730771250751
0.056833426793977626
0.000520516197630605
0.05202437939334156
0.1005905658470801
0.14531141237776318
0.18655585353900353
0.2248301373971157
0.26070118167292955
0.2947423516193791
0.32749726666078355
0.008148934935205583
0.30821348358179856
0.2734978567918836
0.23886387953389687
0.20386348100871707
0.16798692251890626
0.130690452990578
0.09143241715512315
0.04972170988916308
0.044619995868176526
0.10182507153848894
0.1618083503656912
0.2234063727321202
0.28503244808988204
0.3448834357594384
0.4012223642580593
0.017647610035526548
0.4333573329298437
0.3799259228243507
0.3209917191439977
0.25801382339374573
0.1928700510857436
0.127570509225773
0.06394106775951897
0.003379230238607811
0.05325780466772262
0.10563629668282129
0.15384601663564784
0.19827033770587663
0.23946416002407106
0.27805710381950827
0.3146843912674452
0.01670489085664026
0.33465484760689435
0.2967399130666989
0.25892367489327817
0.22075220148284103
0.18168518318865895
0.14113256108181146
0.09850168275012161
0.053259564796701964
0.03200324906158747
0.0620874118968468
0.09453691423075153
0.12904114003633274
0.16502408848503305
0.20167995366866948
0.298926487258979
0.24096677810036618
0.2676729924299551
0.2941567729294718
0.32039297107671627
0.34634461386766846
0.3719614732264096
0.3971797281177034
0.008905189583804762
0.39128303696250377
0.3687071732477699
0.3452843970363259
0.3209879328062803
0.2958039457108569
0.2697364700944945
0.24281180409131897
0.2150817042547185
0.18662470356250183
0.15754499543068762
0.1279685909208548
0.0980368423744997
0.0678978666449239
0.037696796100256585
0.007566034799829369
0.011087369329863206
0.005817800491736302
0.011424874562037418
0.0056996252578074835
0.011878912943558528
0.005561913171395164
0.012518695303365322
0.005454701596792039
0.005133467642546883
0.013619897596199401
0.005252586348170718
0.004949029474098088
0.004624635443017472
0.016097046388761665
0.00518113504477638
0.005012993978588676
