0.026222528179784176
0.02569604594961602
0.02517300411424802
0.024653428748311706
0.02413730819816144
0.02362459403094893
0.02311520254736521
0.02260901680753491
0.02210588910774673
0.021605643836269766
0.021108080629082537
0.020612977741857146
0.020120095552327855
0.019629180107989346
0.019139966637210702
0.01865218294768804
0.01816555264407475
0.017679798106572758
0.017194643183587693
0.016709815564262175
0.0162250488098864
0.015740084036558653
0.015254671254795368
0.014768570384124935
0.014281551972082548
0.013793397656650108
0.01330390041919205
0.012812864680648758
0.012320106297072364
0.011825452511638839
0.011328741919038876
0.010829824493925519
0.010328561729625596
0.009824826924937543
0.009318505647417838
0.00880949639077496
0.008297711431784482
0.007783077880484934
0.00726553890454044
0.0067450550977439985
0.006221605950790429
0.005695191374333423
0.005165833215195112
0.00463357670221598
0.004098491753808202
0.003560674079077046
0.003020246005297304
0.002477356969317057
0.0019321836161634298
0.0013849294576825009
0.00083582405425775
0.00028512169526465997
-0.00026690043216814896
-0.0008199445825635143
-0.0013736952802839708
-0.0019278226033464518
-0.0024819858745448826
-0.0030358376991377707
-0.0035890282760211076
-0.004141209900502078
-0.00469204156798723
-0.005241193584620644
-0.005788352086646409
-0.006333223372879115
-0.006875537956090491
-0.007415054246773245
-0.007951561790131567
0.4110803051421717
-0.00848488398884036
-0.005309805073148155
0.06804143699678393
-0.0022134897831532774
0.0003836604378339622
0.07665971083819056
0.0027088142976392877
0.1503889516989739
-0.0011277198587689163
0.12039533915631506
-0.007883864451574407
0.04203713359793841
-0.005980540711115571
0.014608846311010375
-0.007521702026775749
0.0012334349708596297
-0.008324513691011875
-0.0038729410311908836
-0.009335512800222417
-0.006071157114654706
-0.01050015795455402
-0.006985341335199273
-0.011692811683083892
-0.0073722186991788865
-0.012855462280939034
-0.007522091548395523
-0.013952117898417549
-0.007552338344069728
-0.01496067761126374
-0.00750505498497552
-0.015865825972056956
-0.007393089840308324
-0.016656793780526945
-0.007218455041090496
-0.017326533832681124
-0.006980339672603883
-0.017871544698480624
-0.006678462456491582
-0.018291820423203542
-0.006314452250339072
-0.01859073273045279
-0.005892314261842779
-0.018774770037036093
-0.005418427140116422
-0.018853126254257946
-0.004901251146818461
-0.018837167853070214
-0.004350833140810788
-0.018739825769830874
-0.003778170928709912
-0.01857496435176557
-0.0031945038726238772
-0.018356776183286093
-0.0026106043480402428
-0.018099242300768464
-0.0020361436135859132
-0.017815684868350834
-0.0014791925229673542
-0.01751842635771809
-0.0009458948641014968
-0.017218557519267375
-0.0004403246265803166
-0.016925807101798772
0.0000354857839092911
-0.01664849985801705
0.00048137715953244786
-0.01639358582290936
0.0008987952085063682
-0.01616672278008121
0.0012904643207565607
-0.015972394656930865
0.0016600410559427146
-0.015814050675933188
0.002011777289813906
-0.015694252847205013
0.0023502139674963507
-0.015614822335956829
0.002679917873322779
-0.015576978031737743
0.003005266712046521
-0.015581463075077795
0.003330284426299272
-0.015628657061666683
0.003658514316507433
-0.015718673133527743
0.003992939501729817
-0.015851440219115664
0.004335934986093304
-0.016026771367366004
0.004689243666420133
-0.016244419513697744
0.0050539745077773
-0.01650412218894448
0.005430616497268023
-0.016805636700290193
0.005819064077477269
-0.01714876722758829
0.006218650540337027
-0.01753338512533731
0.006628186592687787
-0.01795944352978307
0.007046001912790478
-0.01842698715795177
0.007469988060916366
-0.018936157963284815
0.00789764154639161
-0.019487197087293406
0.008326106245529763
-0.020080443319721957
0.00875221473120395
-0.020716328050759035
0.009172528797151691
-0.021395366472079146
0.009583378406676779
-0.022118144548439005
0.009980900199036784
-0.022885301052209355
0.010361077759022397
-0.023697503717803513
0.010719783984700082
-0.02455541835168477
0.01105282845828189
-0.025459669527716316
0.011356012692763836
-0.026410791334925597
0.011625196882107208
-0.027409166549681174
0.011852054033893816
-0.028455003942878997
0.011777309688926024
-0.02955139778786605
0.006414206359566429
-0.03074498983433131
-0.03676673099350177
-0.03138357984333355
-0.1243730166926027
-0.028940304902297563
0.1294637185711691
-0.024019805072589273
0.09309808151479324
-0.02883883676280378
0.03145677699650592
-0.028394255339301105
-0.028931740719218373
-0.03129115047205274
-0.022453117824380864
-0.03523651905476951
0.015296846045820083
-0.036923058085386505
0.01305092174290201
-0.03806032451207808
0.004080224551221886
-0.03943037149426195
-0.002002973890874819
-0.040899785479364126
-0.0058761750836570465
-0.04268092663011462
-0.007878421452140646
-0.04454754699276291
-0.008907191107306683
-0.046416919100942075
-0.009494191023670478
-0.048181480590640535
-0.009832400637935595
-0.049773531458117325
-0.010013061557700431
-0.05115127779306672
-0.010076594704666597
-0.052286022820991304
-0.010039310636301146
-0.053159306309260766
-0.009907783970509548
-0.053761869704750574
-0.009686038458378751
-0.05409315316549368
-0.009379056472108757
-0.054160806586898334
-0.00899435973709543
-0.053979951251783384
-0.008542544187388756
-0.053572124701913304
-0.008037179221689525
-0.052963947742231864
-0.0074942713017004765
-0.052185611088453876
-0.006931416831624053
-0.051269303316735515
-0.0063667596402379924
-0.05024770132053121
-0.005817878197783011
-0.04915262642514388
-0.005300730359967809
-0.04801393376352899
-0.004828766523327643
-0.046858612021347855
-0.004412290498605291
-0.04571014031946837
-0.003992087349581157
-0.0445902597881348
-0.003319052875279116
-0.043525330435998565
-0.002709299259031813
-0.0425153908596243
-0.002165349879516369
-0.04157239601502327
-0.0016872042510520289
-0.04070350402186507
-0.0012728285174871494
-0.039913586482987116
-0.0009186549779040728
-0.03920566970314565
-0.0006200503601137368
-0.03858129223161404
-0.0003717290592849162
-0.03804085627991801
-0.00016809891724645087
-0.03758393607968943
-0.00000353667829207834
-0.03720954187639014
0.00012740313166540823
-0.036916338589828755
0.00022983813167491246
-0.03670282248670424
0.00030845711574819157
-0.03656746062911646
0.0003674580521538055
-0.036508798524831354
0.00041051549568090395
-0.03652554136576965
0.00044076897364001927
-0.03661661383668487
0.0004608252542239363
-0.03678120286838393
0.00047276880426401957
-0.03701878702326818
0.0004781760227096088
-0.03732915550401358
0.000478129996079509
-0.037712419106242054
0.00047323349268750076
-0.03816901480666287
0.00046361875904158784
-0.03869970509148113
0.0004489534188454695
-0.039305572570822275
0.00042844242659711984
-0.039988010795508996
0.0004008270640561603
-0.04074874047393466
0.0003643855623280956
-0.04159004011105194
0.00031693168710452324
-0.04251435682038026
0.0008125895673875376
-0.04350276028450062
0.0013221011704994678
-0.044608474992079615
0.0018295386820904591
-0.0458053174885877
0.0023221173412762974
-0.047095770544410276
0.002701135616526666
-0.04848572364188471
0.0020102714351775504
-0.050011144752763845
-0.0044454443713469
-0.051803424761460715
-0.02213295491864331
-0.05377932621335568
-0.03121397955038093
-0.0550813734412009
-0.01327385150091287
-0.05519089398211978
0.05362235593876959
-0.05561058682090725
0.045213782969882696
-0.055718665883731464
0.015313440399933136
-0.05623962583986879
-0.009028224905751614
-0.05889320254423976
-0.008714450122029687
-0.06246137208323288
0.002390537893642297
-0.06534124176110472
0.006030099963952688
-0.06767012848706233
0.008183761589119487
-0.06999266828250195
0.005171277158863563
-0.07243003151607623
0.0005942680330735713
-0.0750509698995
-0.005607932010055309
-0.07771236519476421
-0.008592388999021372
-0.08012452284871963
-0.01020773407559239
-0.0825364176749512
-0.011114788221605425
-0.08473866579249756
-0.011645315437944411
-0.08662797079814859
-0.01193050293721983
-0.08813841002086709
-0.012035169241792858
-0.08923173368690604
-0.011988605510727668
-0.08988880858219048
-0.011806539599583481
-0.09010733623701805
-0.011500430213733186
-0.08990000698216798
-0.011082230234539803
-0.08929278260446094
-0.010566483524505437
-0.08832282782722597
-0.009971026499454028
-0.08703605150000553
-0.009316807413447722
-0.08548435105623198
-0.00862710698794141
-0.08372262489772686
-0.007926363777054912
-0.08180619127129696
-0.0069863935325759075
-0.07980218408487653
-0.005824666951078269
-0.07775792969733131
-0.0037819389229452422
-0.07574710768062969
-0.00048467795393617824
-0.0738142178406496
0.004434681074056239
-0.0719989826902027
0.006411723195121621
-0.07009667604667721
0.007555060485695542
-0.06831972582396095
0.008179433662231877
-0.06665927386126833
0.00855239865302319
-0.06513036318909575
0.008773305980890508
-0.06373558320366587
0.008897753601206742
-0.06247632194407142
0.008956112132131693
-0.06135149421684509
0.008969037300088172
-0.06035852202215845
0.20190772136418456
-0.048315926713046374
0.639533203364841
0.015845526091969875
-0.0738356737444553
-0.19599277744037635
-0.19731367896852853
0.19250445283409173
0.045416307874383555
-0.12588590419619036
-0.1420639713759662
-0.051642619844179394
-0.06122552325890448
-0.0703858381235184
0.014613605812771047
-0.050687226530671814
-0.04968343127703982
-0.056776398172134944
-0.07640674733372414
-0.09009465904547709
0.006785792511445066
-0.020141008181097285
-0.019076584959878407
-0.05688869167961482
-0.07667646226431477
-0.09625948173525967
0.004828213935783958
-0.006738884701174379
-0.006023071338604284
-0.05668642906484963
-0.0765804419018377
-0.09663129613512882
0.004393727478059403
-0.000867991698380588
-0.0010264780755784668
-0.056585537034192224
-0.07646641164214152
-0.09648691764592376
0.0043804316299731845
0.0017232004045725224
0.0010838828902666928
-0.05659467825217331
-0.0764198924125653
-0.09636399212923623
0.004509827113223971
0.002854952901672296
0.0020053121033534555
-0.05670592995501045
-0.07646365597457387
-0.09633985557616262
0.004711501957587738
0.0033437880125799144
0.0024803214425644926
-0.056915523177590674
-0.07660527290967353
-0.09641903471251176
0.004967115461115649
0.003549780073967372
0.0027965541522216126
-0.05722234484729398
-0.07684971018010522
-0.09660393140192329
0.005270933115606262
0.0036320674343535515
0.0030751974564169338
-0.05762667848775031
-0.0772011100803762
-0.09689845293095005
0.00561987905040399
0.003488879844747069
0.0028516763949831825
-0.05812970978297176
-0.07766801142271426
-0.0973290274643616
0.006011050612354704
0.003070453719134688
0.002076867124872761
-0.058733355047489444
-0.07825190527299095
-0.09788467024554068
0.0064374337250424265
0.002557389732198064
-0.00007857976584405939
-0.05944064741696842
-0.07894562694354476
-0.0985978393856779
0.00676681342780483
0.0025028198840502487
-0.0008993030448073425
-0.060259030104267884
-0.07974448016242142
-0.09926103191545763
0.005940024173290056
0.0017859220275003493
-0.0006505445674766704
-0.06122805100839679
-0.08079175552457611
-0.10023441506661383
0.0036348372397175073
0.001661917339007187
-0.001023562319654355
-0.06230907785727676
-0.08190625736172186
-0.10141470008887525
0.001673604915376122
-0.04971409140497689
-0.15587578236412974
-0.06337943546248911
-0.08529228436596796
-0.09709062386985101
-0.339451709643436
-0.15852768018323193
-0.158455879481856
-0.023064284831489184
-0.009765564865670817
-0.030514320428144392
0.4496487453840309
0.2184024707556559
0.21338208763894861
-0.06448109782455433
0.08451918208549496
-0.07433837017484346
0.03219518593256292
-0.0752844096634057
0.0027726076499051677
-0.07568532623341193
-0.013777334265892931
-0.07712568286189807
-0.012628353562354477
-0.07879119186566474
0.005322525210295637
-0.08002414850739714
0.027285611705394158
-0.08088607282425497
0.02381385106362192
-0.08132159710162827
0.009449671164459088
-0.08267156703618199
-0.0019907611798025693
-0.0855643806003209
-0.0037405212263758036
-0.0893101396951331
-0.0005045019042543286
-0.0930127061070396
0.0018139680601360806
-0.09647746956361189
0.01246103511515495
-0.01013668287333458
0.061046371413444045
0.0950360699688485
0.1316472795991223
0.0021571410737173764
0.2888541371145646
-0.010703526429323706
-0.0069093124669622474
-0.01281920495286341
-0.05824883318928775
-0.01333760597768537
-0.09728944014990952
-0.013659905832025995
-0.11202809154574889
-0.015186562442028873
-0.12010142665181911
-0.018515887159450406
-0.12385862355049775
-0.013809762252919671
-0.03734180283003967
0.018543187602186133
0.06901677297354858
0.15722913866405194
0.0070488265578923705
0.26587067987949004
-0.008074606717213459
-0.017978571107972373
-0.011040617552061835
-0.06303983090488538
-0.010442322413164451
-0.09628179911346495
-0.008650734388858106
-0.10580300585681732
-0.005824544433410961
-0.1088812336389533
-0.0019558421941534565
-0.10842142497215343
0.0003408237276273744
-0.10641483373396488
0.0019919968436393765
-0.10389969528418772
0.0027737610825565957
-0.10122293022197137
0.0019032019130462339
-0.09853330733554488
0.0025789759620864494
-0.09585302681163921
0.003264505533855748
-0.09332049438431597
0.0038254791823979137
-0.09096572590959603
0.19441029308387425
-0.08699012210405348
0.6287880280179442
-0.03278490230417486
-0.078399280666319
-0.19930761227810087
-0.20335229658824433
0.19579687841541424
0.0463900569341232
-0.127769473345918
-0.13604634309345073
-0.08294821216829822
-0.09750034970371765
-0.10959193296862939
0.06550862220379502
-0.018874992419110614
-0.041123506691345124
-0.08424242660079037
-0.10503638808810205
-0.11881199754540828
0.08651066292925373
0.04525141615458824
0.015236046362640903
-0.07230957603836279
-0.0863068443085043
-0.09940875431734313
0.11778428979366133
0.11109608125493609
-0.009938804520158717
-0.002350207647775678
-0.004218162475666162
-0.04416616371305434
-0.13845256600425848
-0.04465481366074683
0.01173990274333181
0.06777208462514228
-0.016477871436415735
0.021903534021113412
0.012853038175536144
-0.06391987488549522
-0.008567777066095425
0.25272666246596576
0.24312816965200656
0.05309978131510222
0.028794154046565455
-0.029920426384958215
-0.04505797692670362
-0.0105466441939119
0.3031518432846214
0.15481040981648153
0.2235375861712315
-0.011088741235613098
-0.02332127094055466
-0.010539002068903163
-0.012894113271437191
-0.01358610873025264
-0.055828123455750986
-0.0023445768302850687
-0.009952084598138605
-0.008071401001636391
-0.09071905392141404
-0.08547932490500158
-0.10135174272378404
0.0008195161734547707
-0.002764595596936685
-0.0062255969647610305
-0.10994630950018366
-0.11667221922424162
-0.13534206521492326
0.0020168321198099637
0.0008197793888324127
-0.005042975638213654
-0.11472107474548947
-0.12858940417260528
-0.14687456333309165
0.0024991252714168244
0.0028808832790474157
-0.003374591574749249
-0.11596532005780646
-0.13340057706917097
-0.15270627594489328
0.0027076840706900347
0.004692227615275546
-0.00045093123625328246
-0.11640066844684605
-0.13537744519587022
-0.15511267119065938
0.0026618902425077735
0.006445470017096833
0.004395908926254077
-0.11671429076252757
-0.1145819848473593
-0.07138509940884034
0.07725868263941708
0.011772317905445195
-0.004719959534147204
0.2139102929000732
0.21326141800969775
0.031018773814484035
0.12129824779481435
0.006228698309291847
0.0044271793099350445
-0.0022451468920638615
0.29530437747934124
0.14681398897008666
0.21843866273725404
0.001998756353949564
0.0032591867683665994
-0.004083839038542999
-0.015746482984189313
-0.01654643845214354
-0.05730808489510316
-0.00253777283844292
0.0015755944933798505
-0.01872081853905953
-0.09446176471867389
-0.08907924316922297
-0.10546801312914393
-0.056758335476939835
-0.03372696086663259
-0.020971998445645606
-0.1179160320846238
-0.12592745371238798
-0.14479470957981116
-0.08639293580182117
-0.06532941159697696
-0.038783656530665955
-0.11255721607095925
-0.12343712103804416
-0.14131488571240192
-0.11934899883799532
-0.10644852807595621
0.03520671302951824
-0.04078102726469043
-0.04545483595483476
-0.09940872810392909
0.13828545175572288
0.04727644090756156
-0.013280142802766423
0.03718140883339235
-0.05775712857298073
-0.06540461097587973
0.06468840376753475
0.05766500397104154
0.005648369374139928
-0.07800989742799395
-0.1068940260325744
-0.13539706158953113
0.03781621726243911
0.04434436720710533
0.002913608645170318
-0.09761019380381523
-0.1216045921924112
-0.14507633791450464
0.016589986541862466
-0.026293618602161728
-0.1540907302990306
-0.09875032900332056
-0.1223026739109225
-0.13022461170019428
-0.3350336349792995
-0.15280965932450338
-0.15643115866292376
-0.052805698320004445
-0.03590638537174118
-0.06140203424068236
0.45017599234780975
0.1952013200881427
0.2150198237874131
-0.09699957700225637
0.0954036524283125
-0.10841548613178376
0.05449904830499397
-0.1096402489427815
0.03031208582055171
-0.1088685937005655
0.01357283359095481
-0.10947869749210896
0.0032159952287267686
-0.11202487010413043
-0.0007897204215292127
-0.11497267519824106
-0.00025043430727659616
-0.1091707424445119
0.005171305240312951
-0.08078263977604509
0.009192770927104651
-0.009704869438419602
0.005610863954151521
0.05346451329786802
-0.013360799840535325
0.07380072165634059
-0.013384946000553438
-0.020406003651286347
-0.014474799890763132
-0.0752115380779872
-0.015052603660000163
-0.11482118914722117
-0.016007895646318143
-0.13622101187638347
-0.01634299469797207
-0.13928261944218423
-0.014440340842284221
-0.11428437362395258
-0.016683785662131394
-0.04376373787517337
-0.01789017480066324
0.022639511118202615
-0.012269823558461365
0.050157740659031266
-0.012201918656704985
-0.03385455751751976
-0.011201023885453373
-0.0800668654909964
-0.009676687877231787
-0.11195557216518641
-0.007592975915006554
-0.12719100963225355
-0.006103426375531814
-0.13361763623000827
-0.005541329640632772
-0.1348659181872421
-0.004026711811385512
-0.13352577314156475
-0.0026662763581906486
-0.13087790921267034
-0.005838361403495326
-0.040006243715913214
0.014607642342615764
0.07127571674804398
0.22314329426183852
0.0683343498603528
0.2712204362607688
0.1356118455031095
-0.01745191937747692
0.19934377024242186
-0.054394937262006914
0.19172812268419215
-0.05364594671086964
-0.18477078929276045
-0.042629644165331215
-0.08865269541091755
-0.10860274817944642
0.026662038360025602
-0.12023573369671063
0.07823562567015423
-0.1033426226959037
0.002906073396279537
-0.06393871738299417
-0.09904723901487889
-0.011738271344767053
-0.09620063261192617
0.023920891773819102
-0.07104601907735894
0.034797214614903926
-0.04050889859613679
-0.05503801617664654
-0.018433317935998377
-0.10422988455125608
-0.004151319956885262
-0.13865913628959597
0.004939890668131386
-0.1562062052483972
0.01027724788463395
-0.15677717171503625
0.01541304482372145
-0.13074575146675355
0.02588578435224661
-0.06102654249793431
0.027508547450219578
0.003364099666257614
0.010653103001837527
0.02774125019830117
-0.00825261677882346
-0.058936161109227614
-0.052472738700132436
-0.11123356657466388
-0.11897426934883641
-0.14716239428869776
-0.1261516436606865
-0.1507079855437436
-0.05725683301242512
-0.1384255259564123
0.0893316049545003
-0.1400483088986378
0.06605067481144737
-0.1572707258893813
-0.06979373438200691
-0.15574618417131722
-0.22345851098846145
-0.11519278499311669
-0.19355367052467737
-0.016673191329209525
0.21961770529160374
0.11414891904501272
0.46216896400901136
0.1982425548708507
0.2525917867986529
0.1036583325662314
-0.03735339944923126
0.05442527261524129
-0.08265331554755803
0.027293854704524095
-0.11619243437132906
0.012418805717943257
-0.12773418690324762
0.005627352888719813
-0.13008651229691248
0.004100198364763534
-0.11731923769546071
0.005122552075138009
-0.08556798859681618
0.0022312869751615434
-0.040829932373733044
-0.005792611068559847
-0.012400581813969599
-0.014589425388131424
-0.019392922547778656
-0.016192213176326836
-0.06420252324149409
-0.016282063919851875
-0.10630548712115717
-0.01673224062340791
-0.13941286730183375
-0.017483057048761075
-0.15682731977489836
-0.018202494077477947
-0.15333205970488706
-0.018755894939194533
-0.1257557180645617
-0.020291286474219038
-0.08078389498026677
-0.020593526540640582
-0.04740355232317047
-0.016990830478892015
-0.04557676644001437
-0.014184358756983059
-0.0796269860742066
-0.012429019064522281
-0.11141020335036038
-0.011440030403122026
-0.136084184142497
-0.01029324983612634
-0.1509191613361009
-0.008837017465007832
-0.15818782836333978
-0.007465462708940995
-0.15947290556590998
-0.00678980942013537
-0.14874036185897427
-0.008519474478793643
-0.11399946583288875
0.17932162256210343
-0.046079663253244904
0.6215955624112529
0.05139169796157861
-0.05521102599122659
-0.1858671981921936
-0.19014082747624672
0.3889400185893636
0.09714731539327337
-0.09320793392284366
-0.14140489378715057
-0.03788882922463951
-0.05544592298195983
-0.0642627638353338
0.0667898380155931
-0.004579374546662315
-0.05194157622355441
-0.08240285602638953
-0.0975116980227712
-0.10584795993890414
0.03150514143342424
0.01571223631844606
-0.03453082730368022
-0.09087089401056311
-0.11172084826374384
-0.1372866284669668
-0.0342413145788099
-0.016335301959928272
-0.01065050229188643
-0.09631073217792922
-0.13333639453220913
-0.1559451107964081
-0.014840738027509145
-0.016594915448829482
-0.006602706913573786
-0.13010960701861513
-0.15624819863367595
-0.18316140014232152
0.008013593332754643
-0.0019027667548719245
-0.00590504005830402
-0.13926977013534478
-0.16071315558778962
-0.1871284757414534
0.012205492705447315
0.00573339679363886
-0.009925809912979904
-0.12369071906645028
-0.14477328807219064
-0.17128793526420605
-0.009143826656508591
-0.0038550984104529507
-0.015234681086387925
-0.08836349357459176
-0.11072002231587275
-0.14068813432744226
-0.03005153519371843
-0.021947887299807456
-0.01497644932311637
-0.04588232614441209
-0.07477118096405592
-0.10469329938087987
-0.030893495074498976
-0.02844199741542708
-0.016304235200081396
-0.016670366250330176
-0.050930179250296415
-0.08536200092462791
-0.023324739704478348
-0.02572095628775232
-0.016422668982588966
-0.02108311961078302
-0.06819339069815449
-0.09204678078863049
-0.01389273233590338
-0.018650022530709576
-0.015670028947987007
-0.07692983785540435
-0.10770855621052604
-0.13370910828361876
-0.006424950310460939
-0.0113671008472462
-0.01441839608498141
-0.1224770728557012
-0.14513134506589995
-0.16780072961213746
-0.0012648242335909037
-0.0054601932243656765
-0.013146420258067781
-0.15461279167888514
-0.17305643614463295
-0.1941425064870488
0.0020575885516671555
-0.0011686941353818612
-0.012044333805784254
-0.17104228575169578
-0.18742879835608092
-0.20691414366597882
0.004399336835222978
0.001993469975748082
-0.011129509848789762
-0.16870038935501486
-0.18277587105716495
-0.20103740185910676
0.006512328752080743
0.004774335241545432
-0.010568272712037086
-0.1395209063879573
-0.15060206843250418
-0.17253890282274875
0.007682407925393801
0.007123279551651078
-0.010982243577759196
-0.08335925284941963
-0.10157001464735453
-0.12611911972197595
0.005506482007689439
0.007531232104092493
-0.012259448610542253
-0.033445194280829114
-0.06274152459281739
-0.09306681749369476
-0.0018470991678631865
0.0038318288644510297
-0.013520972673373896
-0.026890703025986656
-0.07209349485943448
-0.09337350334379158
-0.01342210877066578
-0.004001065940928787
-0.01401282249268258
-0.08075572675927234
-0.11113071432444185
-0.13552862857852066
-0.029887049462248294
-0.017210441228796558
-0.016820137507362887
-0.1297296866137948
-0.15268929672469567
-0.1750587528579024
-0.04285445605349547
-0.030819022469421403
-0.01584240635312077
-0.16345484604032456
-0.1822823498796152
-0.2048870883375616
-0.033141588828434765
-0.030506220037510023
-0.013421956585249658
-0.17215397019298473
-0.1923515672076065
-0.21597213144250726
-0.006230049802397794
-0.015884366922091313
-0.01019153344363366
-0.1679417963679637
-0.1931052203404803
-0.21796052057631948
0.019483623785811848
0.006070524334064002
-0.013982501925160856
-0.17124357684973993
-0.19936894818277162
-0.22333193945611546
0.001452058261083855
0.002903618697186287
-0.020762589405068182
-0.17941821401004848
-0.2036158072647874
-0.2274001081215743
-0.037159896801530944
-0.02674688504723355
-0.009845491078597779
-0.172499470986205
-0.19195145966398264
-0.2151765953394617
-0.021391558420565025
-0.023759641292731375
-0.015003972716187882
-0.12773122788701796
-0.1440037022290684
-0.17124952434887292
-0.019013648798323717
-0.021690630398481146
0.009413929181168087
-0.03900816085080305
-0.06051236006457128
-0.09359942137078747
0.05567621510130812
0.029540200453115895
0.0010850343012974717
0.06420129197118467
0.03073886485828829
-0.03253087647128894
0.055662332991712936
0.04500261456788187
0.0032220828114789177
0.10364413855699954
0.0015454933483706932
-0.013365650957483655
0.033894715934567984
-0.014719824361945818
-0.15413526303269698
-0.03755243702738442
-0.07274041441658034
-0.0955059313214394
-0.32386697008934257
-0.14344462040644196
-0.14998023433041613
-0.0609601963485353
-0.04066607771960329
-0.08106176369778821
0.4729520390181754
0.12087165667928668
0.22548630002487544
-0.15920371203164418
0.09318567777976554
-0.16036694731344098
0.04261741515488231
-0.13833041177174749
0.018442426545644174
-0.10929339809801616
0.003961601780988108
-0.08136868741266123
-0.007514674295381145
-0.06946221639633673
-0.01585678193268103
-0.08039735993016014
-0.01945927963375227
-0.10933548367529448
-0.020455990520212297
-0.140959386174603
-0.018958610860767743
-0.16632123904170776
-0.019389692263510987
-0.17865129510145666
-0.02014254490114683
-0.17342296844971675
-0.0234383559206471
-0.14983923297465915
-0.030251333012623248
-0.11916728962074001
-0.02752587733183857
-0.029984230721047205
-0.014282362144699875
0.07648785122797745
0.19919974865881615
0.019525486332763003
0.24746561891125674
-0.00359535905939327
-0.0579095197834643
-0.010452855293700547
-0.11782954235357061
-0.010644598373221181
-0.15903771412904963
-0.008310597069323689
-0.1673653925816136
0.014115935247014193
-0.15662894435327296
0.10666121069609495
-0.12795569786821764
0.18790290754829947
-0.07821012093031063
0.2064590898634498
-0.020956717980973316
-0.13745856638880746
0.0035617087046174722
-0.05260600144919063
-0.0801208964804434
-0.015239486704553367
-0.1247159539664929
-0.01433928743862741
-0.15953264957921376
-0.03517037763208941
-0.18338543437981858
-0.019962697990164036
-0.19912315084883725
-0.0032429190287599128
-0.19785192055746711
-0.004910464386287765
-0.1792628971639514
-0.012151129305021751
-0.08193910264991555
0.017093228342714428
0.04856826919072984
0.03273938595601489
-0.05204979041156262
0.2464454275906484
-0.03686962016623996
-0.06272596800169358
-0.018983603093628565
-0.13266763187176253
-0.0046483189012932104
-0.18623263498849585
0.006184971199270825
-0.20495349291965967
0.016693861934279353
-0.19983757242445638
0.02909119019286921
-0.1732320327292351
0.03975307745572958
-0.07673308708084711
0.08023547959856807
0.04522748424290642
0.1197191642374094
-0.022705989607180364
0.21918126232645238
-0.05759363512098955
-0.0944645355731244
-0.0677015043348885
-0.1648275818444243
-0.0492957420138751
-0.21348539678960018
-0.01844986054875708
-0.23339272100869096
-0.006589343274911823
-0.2431391004367629
-0.03935640012383705
-0.15187533552253238
-0.055418796505786926
-0.021644589466252955
0.19763261046987873
0.06173411267757908
0.22152327217092502
0.06352639010741512
-0.0049666719381735724
-0.04796566178615976
-0.043866665927514426
-0.14496078597170745
-0.08992689471225965
-0.15671622688780604
-0.09480925717885096
0.21599867272186585
-0.10743763839006734
0.15059105789118787
-0.17582629651765574
0.10902544149520632
-0.17998725712398042
0.0799004637332836
-0.15689027912238085
0.056666896044285285
-0.058772085440536956
0.10335414242461427
0.0712764791029813
0.07107193385098742
-0.025915871403011846
0.26465839844904065
-0.029870369909271537
-0.04728660853554889
-0.026649292751735332
-0.11842785414011459
-0.0234789106118651
-0.17300723362348597
-0.02253213430659688
-0.19384102372477527
-0.023900213440453677
-0.19405942221941327
-0.024597801702116083
-0.17271414693564496
-0.023155434317489825
-0.12791578196073813
-0.03075518785090566
-0.051297111042927966
-0.03317185965242812
0.012020730548930788
-0.011657610484602973
0.026917886883030172
-0.012054109401938295
-0.07086831181864947
-0.011286966848159663
-0.1277032458804193
-0.007619192123901794
-0.16426032777871247
0.00836950814943449
-0.17606593256255504
0.04650232695139904
-0.17055806467803175
0.1035515692769042
-0.15142639838464073
0.12205867480079846
-0.1211600254354119
0.07936554841214971
-0.0941709237108814
-0.023229195510848975
-0.09263732169790521
-0.025694706367344982
-0.12414068657444433
-0.019046408476913745
-0.1560736712200998
-0.016666106104034444
-0.18525748578991438
-0.017182490484306534
-0.20600855602945706
-0.011795500216184585
-0.2158311155648419
-0.009692930215366621
-0.2048027182528405
-0.014551493306070492
-0.16258261983825129
-0.027330613567781808
-0.076889513891051
-0.043968098035676216
0.0008791999485485702
-0.05580992461858762
0.025828040868116263
-0.041481614373748976
-0.07412068485710319
-0.025458081719077673
-0.13836742261175022
-0.014687697314861489
-0.18452307836315252
-0.0008716943100732049
-0.2038076932249248
0.013256445744770917
-0.19525061335815433
0.02164135877535056
-0.15339943997198235
0.030539768515775445
-0.0720699190266072
0.015228960632121535
-0.0037802724133495502
-0.025263091750602484
0.008061950602170262
-0.0409818646528326
-0.09974643569142536
-0.04385968827156047
-0.1681423739831913
-0.03337596420975882
-0.216006668679448
-0.02222015965321511
-0.23276690898269503
-0.02755542526218476
-0.21171606698229634
-0.036320007913066374
-0.132259328500657
-0.029604438477457234
-0.041855536064745645
0.014203678316821271
0.01768277613317567
-0.0028034539459337315
-0.03902525724374144
-0.05625027662693831
-0.07808746374404041
-0.06853441005153005
-0.11286760979277186
-0.012590024132362692
-0.13768396018729684
0.10115410173611672
-0.16884849030268342
0.1084866292687973
-0.1984833144339615
0.08641413536053781
-0.19157663394756017
0.05711009481266183
-0.1458303743004058
0.05491735389499468
-0.0580944943934388
0.029794330355118102
0.016763339728675757
-0.022477552600141948
0.0358522123494152
-0.028790116193562754
-0.06869500380671967
-0.03141641772049675
-0.13654933959001286
-0.03168743993136047
-0.1861029364873784
-0.02709077922210516
-0.2101561521939501
-0.026663106352022663
-0.21263837758813955
-0.027472491827810752
-0.19191910687407665
-0.030299076475729568
-0.15095816388679018
-0.034428777882825244
-0.10015750723166499
-0.03569675478208505
-0.06757743061980996
-0.023597029454068646
-0.07259989458890818
-0.01732917369435853
-0.11489283735848548
-0.01104625611285659
-0.15310527780925787
-0.000047600399313285635
-0.17988831034834027
0.025941491967839313
-0.19193708789120356
0.0734128948797073
-0.18969183943148615
0.11255771838015757
-0.09850305120575258
0.18613636324913826
0.023293979239579397
0.14631461279920008
0.01381374823946846
0.2226843953903753
-0.011664992812766933
-0.07172773908403633
-0.0195335998615781
-0.13776492551209146
-0.019804883545056495
-0.1923710090507606
-0.0147226552966571
-0.2174658159285045
-0.009923555664747194
-0.22488770571093045
-0.00881160191450403
-0.2075474821412223
-0.012920126190299105
-0.16490385211580916
-0.023932873512897784
-0.10735126230299356
-0.03427948099629208
-0.06728215697468065
-0.03658949957657365
-0.06847949099088683
-0.02950821642325833
-0.1135493988953055
-0.02048612327433789
-0.158262660299451
-0.0069226521227178095
-0.1918497058559458
0.002930450277275898
-0.204554684834495
0.008998690372051626
-0.1912776372212379
0.013535146773124285
-0.15235064267783982
0.008964045870832143
-0.10059614347222376
-0.00899981732169671
-0.06952720223954989
-0.03142217608150218
-0.08108138508304608
-0.043190421351818054
-0.13477877088234688
-0.04559556621527405
-0.1852520151383726
-0.04156453336706094
-0.22034546289978624
-0.03769545392729316
-0.22743069415431935
-0.035554329374803594
-0.20124835426162188
-0.02848548433717235
-0.1469768019437314
-0.014679761548416586
-0.09532935876079526
-0.005970120161799172
-0.07272427988518015
-0.01878254724665851
-0.09169437923942814
-0.03586805402736112
-0.11894218826258018
-0.026587243839356994
-0.14752911782699718
0.013679345670254233
-0.17559264543373737
0.06621643253547398
-0.20345524736199624
0.07978536666958691
-0.21621380664975764
0.07352396603310367
-0.19929112649430464
0.0594522687294465
-0.15313826236624623
0.04322341749492975
-0.09370497310592789
0.01471452715553175
-0.05848021629398292
-0.01387766610634352
-0.0661750539828295
-0.025934623020905656
-0.11771386034733711
-0.031200638364206244
-0.16819175820871335
-0.03196160245642325
-0.2080409168564897
-0.03409095516578364
-0.22992656192186842
-0.04328031442747201
-0.2295801981949865
-0.03970895023507004
-0.13135849940820973
-0.021111656900548913
0.009827782960409315
0.12980893460659654
-0.010702187239056693
0.23862895068219536
-0.01757333856230022
-0.040412887072956614
-0.01611939323407715
-0.10543285326625833
-0.007197605035495677
-0.16337909367034592
0.009718778277802062
-0.19271979318735422
0.0329050755971777
-0.1995159117579352
0.05442655892137401
-0.17408826225326543
0.08855713868659873
-0.10151465746167858
0.08406996823483763
-0.030982290333095484
0.029925033829949304
-0.005108223694742509
0.009401380130179365
-0.09780055427082861
-0.004399004619265827
-0.15857967185309074
-0.012089388802950149
-0.20526238006377412
-0.0182796888606912
-0.22966051623985334
-0.01957692539402145
-0.2334268357479835
-0.020624278401406387
-0.21212238101608227
-0.024521810250443903
-0.17065778316577862
-0.012907309009217069
-0.07002135430989413
0.02528019313980908
0.0618691741316274
0.11743239029374872
-0.007397053003237268
0.24170936649093422
-0.00949985477063801
-0.0772759285120774
-0.0014299754541036158
-0.14621326838106002
0.007492313686254248
-0.18782279986481243
0.01588196285672435
-0.1838816247886288
0.023160046582395382
-0.15458868853961935
0.0239186591344126
-0.0588762310921052
0.04933516449021069
0.05835139344519051
0.13016851017366513
-0.010138218412759822
0.22232913537899673
-0.026960292909916084
-0.1005873996231843
-0.029161640088626872
-0.170782817460405
-0.02644543117711155
-0.20768822545215782
-0.022742758616422498
-0.19572839720496338
-0.018903642888711825
-0.1612366151509213
-0.02030633071818259
-0.06549550697067882
-0.026146841774929985
0.05273038708709784
0.21571121018688097
0.018982117855543455
0.22771607845786856
0.006232167026296772
-0.08059178378253133
0.028308460292779485
-0.152582210208073
0.054604717868582495
-0.2075225347751871
0.06560303872272504
-0.22276319518924412
0.07015249008871571
-0.20524073184697864
0.0742374094245768
-0.16187023009432755
0.06532192930495895
-0.0632099743702023
0.10824605473708171
0.062017660072005154
0.051365941149011385
-0.04148393676566442
0.22710462124996705
-0.047393644970433565
-0.10006610122583656
-0.04744983504340698
-0.1774927566771245
-0.04741427893480884
-0.22147985330817854
-0.039133688079502536
-0.20515302608407412
-0.05196016398437864
-0.12779414324931887
-0.06033062501861623
-0.04163275179235537
-0.036521926439646024
0.002238247167743272
-0.02745972482397478
-0.07840591868911637
-0.01678480655551688
-0.1343159013641937
-0.0040431368894605635
-0.18007886905252699
0.012836509499992526
-0.20438099356212566
0.032072165426482724
-0.20488084786278504
0.2532126363796892
-0.18061315227170927
0.8939893794299202
0.022327572412081942
-0.029290078235451232
-0.1756340662296485
-0.17995847737174592
0.2760784475412535
0.154413746348905
-0.10604110958112256
-0.15303466385662842
0.2252991889363437
0.18684371077162792
0.02385770678402214
0.16390791475902555
0.019711290021364552
-0.0477269457423792
-0.06472464991206221
0.21644323572725388
0.056585305992081225
0.1176385194144719
0.0051739003188722155
-0.02410200441231488
-0.03836770048583053
-0.13071564280899933
-0.13823934782078479
-0.18620436792755454
0.0011219954037657485
-0.014116355869543592
-0.028140255944651048
-0.22877452720409253
-0.22773791776281047
-0.2510546928462981
-0.002058953059427826
-0.009558467475920448
-0.024500560367837026
-0.24928759520105778
-0.2582245463981268
-0.28388726553933524
-0.005844981045878458
-0.007510338306166246
-0.020933962809759343
-0.23258215525684015
-0.24847852833736964
-0.2713059145684102
-0.007102955126788528
-0.0049381839957575915
-0.015062015515547497
-0.18391855128880014
-0.19852066096093154
-0.22509584236478328
-0.011980818746824922
-0.006189446283292507
-0.013070964914561242
-0.090529198201586
-0.1094672364327215
-0.13751117277089497
-0.012631985311151358
-0.005580044134305314
-0.012326966510315581
0.02888566870936434
0.003872987479254057
-0.06180711598137212
-0.013483750107844233
-0.0060201016152618605
-0.012288612022206546
0.08558704439912487
-0.02155401315869369
-0.03610504925611824
-0.010470445017788007
-0.0031449668615118886
-0.012109727869063874
-0.07453402946300369
-0.11203259624114892
-0.15027255812588552
-0.006980775574006263
-0.00019011571536886596
-0.011604239043874753
-0.15760797585513095
-0.1784156114475381
-0.2045890070658126
-0.00380493494396376
0.002672607262964033
-0.011108898270750974
-0.19790797008954736
-0.21243749333117995
-0.2378979986549809
-0.0024242416226988306
0.0045822995398625554
-0.011212480108292455
-0.1980280036394516
-0.21324593981356943
-0.23460474165249195
-0.004610515505326466
0.003889463792983716
-0.010255186470625177
-0.16144548970852918
-0.17259065835186826
-0.19811600842537175
-0.004909370638474335
0.003736053761507023
-0.009048498070361455
-0.07711306576757468
-0.0940181780002993
-0.11928163733863462
-0.006653008991944764
0.0036695641145721254
-0.015456723937631867
0.028908777630883658
0.006276026102650101
-0.056754295315877834
-0.012062678136566437
-0.009970781912589563
-0.01024896132809076
0.07195957340765817
-0.031807355994361575
-0.04399382856780228
-0.010716554087850477
-0.013288752492717031
-0.012381101567760882
-0.09569670763372932
-0.13059881430611042
-0.16745221617310319
-0.009700294977972129
-0.013918867977072424
-0.013069074647928763
-0.18094179522013698
-0.19998303160146985
-0.22572327890548732
-0.008922952744833864
-0.013197227505348427
-0.01446146669793443
-0.21833722005646677
-0.23251157654019428
-0.25874325880126886
-0.011683835784848107
-0.014190159832635682
-0.01072806577556984
-0.21307612987718605
-0.23021717479247325
-0.25383309497121387
-0.0170866833026249
-0.010806855384705346
-0.01372698014406426
-0.17326835246523695
-0.18900716118028515
-0.21759464257465205
-0.02021497717038856
-0.01114871355267777
-0.01278151866275316
-0.08972756882118793
-0.1124378402725984
-0.1421067954492633
-0.02084936213622953
-0.012030737441915778
-0.008767740713377752
0.0168281770305632
-0.01251979790101665
-0.08070778108112261
-0.0010395754104823112
-0.004659624539208504
-0.0062959049050755524
0.06780306341094815
-0.04241889032014131
-0.06415324282172712
0.004236020222567749
0.002222412479395327
-0.0019876794938191353
-0.08931056050571226
-0.13446505617511928
-0.1796360540607182
0.014921560835263933
-0.04097811408578826
-0.15565152461829268
-0.17667893661870235
-0.2013207912264305
-0.2037482862698494
-0.3198637027022746
-0.14394859085435882
-0.1517691288171878
-0.13939285477373164
-0.11117379381804737
-0.15050358820491366
0.5064503235396877
0.10542260302785841
0.26766472945489933
-0.22129917553724343
0.12762097441111175
-0.17912060776816285
0.07989323743258245
-0.08322130343250116
0.03776793940712175
-0.010865172005445161
-0.029612149294955446
-0.005387531598019339
-0.040717140234079095
-0.11852293868080177
-0.04858326790584826
-0.18583394255410707
-0.05546723226990476
-0.21788841252048274
-0.06882864273931089
-0.20017575883423003
-0.08511813517529591
-0.14468569020915867
-0.07291790191072031
-0.04932857454815254
-0.07031342114294811
0.07053179658237152
0.23168777917116617
0.03706147297269351
0.2194026950424551
0.01922809968523102
-0.09708298885380828
0.04716714256746912
-0.16578457369818872
0.1734800612087632
-0.2089645601257558
0.27602062998250615
-0.17994584244952078
0.11686670808216226
-0.08359854646714386
-0.14559826536406215
-0.020996918700201816
-0.10485599447293936
-0.037901106154194696
-0.07733794077572706
-0.07176515581678033
-0.05013078386286692
-0.18689668011374627
-0.03448693733406949
-0.24881925474946573
-0.02675788262558469
-0.2771953710447738
-0.02470684497785869
-0.26707085019737675
-0.02828388366798107
-0.2264880621210305
-0.02861140059547
-0.16958242811616325
-0.026606548892911995
-0.1317943050310788
-0.019442834146998766
-0.13527246001432458
-0.012415329980629738
-0.18231724819004147
-0.005905599015912366
-0.22019819851553565
-0.000635459613271272
-0.24066643072402166
0.003078445415459023
-0.23314775237498772
0.004561828704958878
-0.19932496070525535
-0.00023636861162431208
-0.15160296570213136
-0.011952569862011172
-0.12496676562044395
-0.025679355332495213
-0.13930973728508694
-0.021117139092493763
-0.19473291574764573
-0.01960152552010097
-0.23815667264760626
-0.016580592026836927
-0.26087231798638033
-0.01350109921252803
-0.2515786414464677
-0.007594170711010725
-0.21084342768131353
-0.003582299390439599
-0.11061073715783928
-0.0045394812159273625
0.017174687927132098
0.18403628025906912
-0.08059758606126492
0.17858322425554093
-0.1736543501248215
-0.107103933065932
-0.15908466546521413
-0.12573782085071725
0.23598242508031905
-0.14834646150070038
0.18253512839999542
-0.22146284705562977
0.13300211679082852
-0.1951268045719439
0.07870146916142018
-0.13441273011220298
0.029275065957289903
-0.09783918069826314
-0.01375054677991446
-0.11136545205502595
-0.034670949585458764
-0.16494767674051874
-0.048803563679953685
-0.2090423671768175
-0.06075728047804911
-0.22822344633895747
-0.06653131309747522
-0.21167459889440893
-0.06175956186505738
-0.16008187852670774
-0.07148736019748858
-0.07934577907398303
-0.061004453194183905
-0.014795648629426505
-0.0025778143292541173
-0.008037660400212476
0.02812411168090223
-0.11334365628601221
0.0836080613907203
-0.17842131730692953
0.14458885430501167
-0.21373507787385432
0.14398724963392692
-0.1968798351488051
0.05049029591208509
-0.14743332639025036
-0.05601655656465698
-0.11329081960363585
-0.06732040503073282
-0.11938136533588736
-0.056783739732356175
-0.15870532065606346
-0.0409098469996196
-0.2195410930509395
-0.03141691674702629
-0.2643750868130437
-0.028976023370599346
-0.2811198054974337
-0.015857990316799353
-0.1803018349341391
0.05760216159646096
0.032396093379626345
0.04632265036449312
-0.01443416344954096
0.15664690375650234
0.004972932796922977
0.05255004745337707
0.19787231030323965
0.0368259382817121
0.15547693019987338
0.020901428248486325
-0.14236267668043961
0.023092746250635104
-0.18788736308071505
0.029748261390583435
-0.10458223850490278
0.07577337212799315
-0.0005529650893876248
0.1095489993983495
-0.005137244903499946
0.17643152395525072
-0.02548793557025845
-0.1290306752849918
-0.030585121684182558
-0.2014936782381313
-0.030376411779926005
-0.2467625760423814
-0.027086639957714286
-0.24250125504663045
-0.02505410011548359
-0.199224004229391
-0.03976995909392193
-0.11916540181857449
-0.07742807792634421
-0.05374249579038093
-0.11353552573866776
-0.041112444869159846
-0.09902802529474417
-0.12582140843531914
-0.018414437658840398
-0.16807643311824846
0.12539763132736137
-0.21296340617257947
0.1746886739588303
-0.23825564912179642
0.14574957268642053
-0.14309606399677471
0.17941148990063513
-0.003509609662713335
0.07753758120457865
-0.01650292996687545
0.19057769925291346
-0.04011795520415917
-0.11501979971621668
-0.05173086400108551
-0.18544221568686922
-0.06027368563885564
-0.22772352089470077
-0.0651315222531651
-0.22133816305579868
-0.06617922921079693
-0.1846519647094976
-0.06289808675776369
-0.13506297471361747
-0.04404428611496721
-0.10471054934290995
-0.005834842233797821
-0.11425518655106714
0.03510115048166451
-0.16289366230560748
0.08726374809569708
-0.21034872541210875
0.13901800139670445
-0.23279787046999642
0.12992935405196102
-0.1340998057383208
0.1929819287673788
0.07084309885603435
-0.02173785929934243
-0.07822531366893352
0.1706540032674329
-0.04700751919190449
0.025107365686188692
0.057628894359865
-0.044564225868323024
0.11313985128898993
-0.03719106531292242
-0.13388876098859176
-0.022016456032373233
-0.09534144411097253
-0.010454431564858962
-0.020145440773210642
-0.006220393487667194
0.03444104113739651
0.003673937127070722
0.016118992926506537
0.022755586329888944
-0.01580622381024614
0.02225449927297507
-0.11725321547685463
0.02319534496898849
-0.13841219608869101
0.032167800494474395
-0.09199779192405315
0.02610410301234286
-0.04238225930468058
-0.00026542192539909715
-0.03538034487069593
-0.01009306819992802
-0.1409551412064708
-0.015439952399322426
-0.20495786223531284
-0.016927876105588362
-0.24060305086944633
-0.017982515142502452
-0.23806824905211513
-0.024713899341316514
-0.20549469814800253
-0.044575672231191674
-0.15974196171629504
-0.0704782503259623
-0.13257509014753663
-0.07914459404845846
-0.14010641117880845
-0.046186478196197187
-0.17838078454417577
0.018606004678786335
-0.21336528730717694
0.08020058517119419
-0.23744823249686603
0.08693716895802173
-0.2240749591905535
0.11532169429533261
-0.1473588083968915
0.08411738711351999
-0.06785891183987407
-0.004055518290234095
-0.04574158545427569
-0.029823483479720823
-0.1437067021771497
-0.05265002566582263
-0.207080988049273
-0.07652450914212498
-0.2403487153902088
-0.0756284368459668
-0.1549813699093759
-0.060794788504724605
-0.033753140152337956
0.10766027001831824
-0.010122319251630135
0.17949926883002548
0.008734027012748762
-0.09225603431397908
0.042015783240202574
-0.1611183800050122
0.07115654058419094
-0.21263434001482526
0.0742058172594808
-0.20115363015092722
0.08355733976662469
-0.12352444984480442
0.025095761337085208
-0.028917562812235675
-0.03402357146480591
0.017155782963240718
-0.04784699458995105
-0.011237360283470887
-0.05825960282206481
-0.03282603810897271
-0.05294726719316745
-0.09962483195707417
-0.04384673883636614
-0.09037541106355981
-0.032690290380847
-0.059499761600492196
-0.02248411800638876
-0.03867676378013348
-0.011630965324030407
-0.05117694258164995
-0.0013230687558146714
-0.08453076101999468
0.0030701414418018067
-0.1260530928689104
0.00873952129649802
-0.13246292420238023
0.01758177055967795
-0.10914064460130972
0.01705533638872122
-0.033830744618038776
0.04566848513084458
0.043671387409112694
0.1287429189018202
0.0010872869004574515
0.15598289470010612
-0.012441559547399414
-0.14716225230009022
-0.020058782506746642
-0.19612922808722733
-0.03103921027906039
-0.11822154217168035
-0.03930051180799495
-0.018842071261174025
0.11584648180326027
-0.022278817799983863
0.16024135194709374
-0.016024610614078783
-0.13029045372826675
0.016080573287198995
-0.19470792268496037
0.06772481978314797
-0.2358094675998292
0.11095020538762065
-0.2155657418025874
0.1121838990939759
-0.11123217184909921
0.14163646412127548
0.029106067626929653
0.08256991363117583
-0.03650508389015354
0.1924924526300807
-0.058595593897819064
-0.12757061270227707
-0.06688043180016978
-0.1661900700707449
-0.09839369995487199
-0.11938948983714226
-0.07650499486582105
-0.019890542946614152
-0.05235679249791218
0.11905261965107161
0.2780189381601204
0.08670033357534931
0.2106192524332747
0.06949854144051952
-0.1039258841196559
0.06222676532327387
-0.1420688044101239
0.050174966827526424
-0.13056118105605236
0.018549828135081735
-0.09145981136547003
-0.012380197466679474
-0.0706167207006477
-0.029403042752842633
-0.07906888699992824
-0.03718673566863525
-0.09750475922514323
-0.035828244876013327
-0.1181263739539079
-0.029362664805387406
-0.11439036501816455
-0.019807839680760313
-0.10178025805009983
-0.009344721307016543
-0.09639726496358933
0.0008479022068536013
-0.10772351967839322
0.00949197772137774
-0.1294372789374417
0.01612289565081878
-0.1481217245838453
0.01910720727108665
-0.14493262620363545
0.015946112521965837
-0.11490313583563987
0.016636709481285632
-0.05907765983252988
-0.0009165282915707396
-0.024127067912730893
-0.02260332413636601
-0.03732733986429648
-0.026108550587028805
-0.13239168320750433
-0.025425181291369357
-0.15445031387336589
-0.03974854104881261
-0.1136904335705378
-0.05608856965666783
-0.06749786242510658
-0.046015263654673455
-0.057352458644682566
-0.019005300129443053
-0.15477187061527584
0.024094931958414206
-0.21119134024337868
0.05477481023021258
-0.2336021569361584
0.06022808324033162
-0.202403093195061
0.07751622415500944
-0.12125248132280775
0.043322305052801435
-0.050474638130194226
-0.03196722341851199
-0.04141003631765949
-0.05597281977822499
-0.13397570295202815
-0.06780121674363723
-0.1575842684588208
-0.06015880572845633
-0.12518401271718937
-0.06332534425094313
-0.05340988340361101
-0.033826897041683845
0.0024758135624869393
0.03112962226057355
-0.00829006448358723
0.04809182393945066
-0.11194416310969273
0.059798025371703055
-0.15158241636824296
0.04831687761091312
-0.06094298555366325
0.07521822211988347
0.05178514892405987
0.13627500306440943
-0.0036127333776301658
0.25021223918289337
-0.022785788099815206
-0.04781995786543129
-0.029281125855935196
-0.10615081908345463
-0.01924847441764003
-0.031704122479642535
0.02005513444493253
0.05283945643190032
0.19117677394877558
0.04234544257376664
0.2329403707871127
0.029261088803349915
-0.06284904580825627
0.026988417551497834
-0.11660062268470532
0.02739523800700102
-0.14258489817968772
0.02509790620283022
-0.12888443040678876
0.017909390283662823
-0.10412622220590714
0.0038329969769954992
-0.09622246489646955
-0.011867892452094483
-0.11602613493882827
-0.026507315326639858
-0.1514134670671206
-0.04959616561070228
-0.15477402130138615
-0.05445345756357782
-0.06782925750574469
-0.03652900070442611
0.03735295928040172
0.17506131372091005
0.0247337232703058
0.1913448578045085
0.029716441250893788
-0.12970545601456424
0.04387495649788816
-0.18363864685568518
0.05169162005888184
-0.19135309713608994
0.04485804443143245
-0.15577472083125488
0.010092052867980983
-0.13139028208093023
0.09556504842591611
-0.08671669582057544
0.07128387581889292
-0.17135548989944813
0.05886238488763629
-0.17711385533904317
0.05973036455103183
-0.15300850233141225
0.07049039798860623
-0.11477374160176376
0.09658554123196625
-0.09490632195411297
0.1267531678805539
-0.11048183718778248
0.011571811601977882
-0.10466345306272515
0.014614639557398909
-0.1383177244489938
0.022337495956726294
-0.0739836669858035
0.010410889947251775
-0.00984890522984283
-0.006901720854700459
0.014820863474120743
-0.011994029580819077
-0.06399243595908508
-0.00821561450798943
-0.08168127227782429
-0.006781332459690296
-0.039182417776060983
0.0025265401987582354
0.005407254229391664
0.024359127244351263
0.01625428434651984
0.02776677259427781
-0.07870393768317145
0.033273250632585016
-0.13139492257381258
0.041927214995811646
-0.15512735241431486
0.04853370446133228
-0.06831208356612792
0.09904498914701595
0.03628717474372138
0.1232262198056494
-0.0018853653049264822
0.21639452430122924
-0.15908854261299343
-0.05892094870549407
0.004728369799172165
-0.06102894301935613
-0.12325286686908965
-0.12212763124265466
-0.09315073900272901
-0.00934707064780993
