0.011354656879119148
0.010843275623196869
0.010335186516313155
0.009830415192077873
0.009328952186738645
0.008830753785547912
0.008335743380188018
0.007843813292891152
0.007354827012501416
0.006868621779245373
0.006385011448383031
0.005903789558538616
0.005424732528446034
0.004947602906152741
0.004472152597211713
0.003998126003000313
0.0035252630071526867
0.00305330175629522
0.0025819811911059753
0.0021110432945270485
0.0016402350355933701
0.0011693099988976017
0.0006980297016928594
0.00022616461139083704
-0.0002465051130902859
-0.0007201891240802654
-0.0011950865922616405
-0.001671386072691905
-0.0021492654806637423
-0.002628892126649851
-0.0031104227598001874
-0.0035940035724148687
-0.004079770121736548
-0.004567847132190088
-0.005058348148663239
-0.0055513750207195995
-0.006047017207530536
-0.006545350904116158
-0.0070464379998147475
-0.007550324891136828
-0.008057041180391338
-0.008566598300874622
-0.009078988116977826
-0.009594181553520358
-0.010112127312849606
-0.010632750740464474
-0.011155952899598403
-0.01168160991373383
-0.012209572630486054
-0.012739666655334585
-0.013271692793931738
-0.01380542793304777
-0.014340626378084125
-0.014877021653061559
-0.01541432875651394
-0.01595224685268478
-0.016490462365595187
-0.017028652430359968
-0.017566488645208156
-0.018103641057978424
-0.018639782312088553
-0.019174591871343554
-0.019707760238389754
-0.020238993080624972
-0.02076801517744457
-0.021294574106258866
-0.021818443590494268
-0.022339426439738817
0.021000985456827714
0.020433148136403033
0.01986920240008424
0.0193091765279485
0.01875305338957245
0.018200771708517527
0.017652228046056522
0.017107279434145917
0.01656574657214897
0.016027417489027918
0.015492051563802586
0.014959383791336434
0.014429129178881913
0.013900987161050704
0.013374645926288453
0.0128497865574904
0.012326086901123431
0.011803225094215905
0.011280882694909383
0.010758747380236005
0.01023651519338457
0.009713892340843522
0.009190596557803373
0.008666358076145353
0.008140920243738988
0.0076140398553531385
0.007085487264467487
0.0065550463503440595
0.006022514417692674
0.005487702103765443
0.004950433364259895
0.004410545600425642
0.003867889980006349
0.003322331990648353
0.0027737522502678065
0.002222047581974344
0.001667132344531456
0.0011089399926789145
0.0005474248250031399
-0.000017436136823811843
-0.000585641207495972
-0.0011571621152441556
-0.0017319421841645775
-0.002309894712322902
-0.0028909016372261993
-0.00347481257696014
-0.004061444328692747
-0.0046505808961720225
-0.005241974104909786
-0.005835344847949231
-0.006430384987122599
-0.007026759915318426
-0.0076241117652712615
-0.008222063229377427
-0.008820221935356328
-0.009418185303904186
-0.010015545797412151
-0.010611896454600922
-0.011206836594332045
-0.011799977564528885
-0.012390948407227653
-0.012979401311219257
-0.013565016727064191
-0.014147508027192076
-0.014726625604966256
0.014865837533619697
0.014255628675054107
0.013649798945163013
0.013048378111940411
0.01245134160473153
0.01185861218284771
0.011270062514154671
0.010685518567742913
0.010104763704215832
0.009527543330678142
0.008953569976357842
0.008382528638390768
0.007814082246700438
0.007247877101365467
0.006683548145421381
0.006120723950192586
0.005559031308396967
0.004998099351548787
0.004437563131736341
0.0038770666328580283
0.003316265201681231
0.0027548274137090267
0.0021924364118180995
0.0016287907760601887
0.0010636050003833462
0.0004966096648935844
-0.00007244859867287327
-0.0006438072467390699
-0.001217687968317338
-0.0017942967389222853
-0.002373823699187335
-0.0029564427875231987
-0.003542311073692258
-0.004131567760730278
-0.004724332844593763
-0.005320705443997617
-0.0059207618359093574
-0.0065245532537437185
-0.007132103525490097
-0.007743406645657758
-0.008358424388319649
-0.008977084077650965
-0.009599276636842088
-0.010224855035244989
-0.010853633248728753
-0.011485385837003242
-0.012119848226807747
-0.012756717770949593
-0.013395655629694914
-0.014036289496647444
-0.014678217163338614
-0.015321010889241909
-0.015964222516625104
-0.01660738924252984
-0.017250039937136696
-0.0178917018761147
-0.018531907737954212
-0.019170202705433386
-0.019806151502665775
-0.02043934519793289
-0.02106940760666809
-0.021696001137890646
-0.022318831942263844
0.024447701198540006
0.023771483898611577
0.023100425014847548
0.02243455480872773
0.021773833347721316
0.02111815297763146
0.020467342069707316
0.01982116989177348
0.019179352421650475
0.0185415588978749
0.017907418887666747
0.017276529645647486
0.016648463539516066
0.016022775329809225
0.015399009110009243
0.014776704739311402
0.014155403632004071
0.013534653803710847
0.012914014113168023
0.012293057678254837
0.011671374483532653
0.011048573233086723
0.010424282534970224
0.009798151530180562
0.009169850099747245
0.008539068796595273
0.007905518653941365
0.007268931019206634
0.006629057552114959
0.00598567050754617
0.005338563399664801
0.0046875521146455545
0.004032476505794007
0.0033732024696218428
0.0027096244652546897
0.002041668404320074
0.0013692948066090782
0.0006925020880813963
0.000011329825849171193
-0.0006741381712014698
-0.001363771165613
-0.0020573893480513306
-0.002754762418529233
-0.0034556090476691357
-0.004159597349027341
-0.0048663464634688776
-0.00557542932028976
-0.00628637659997026
-0.006998681880197588
-0.007711807903855358
-0.008425193864584254
-0.009138263565743137
-0.009850434272933677
-0.010561126050514699
-0.011269771349482482
-0.011975824599988843
-0.01267877155540979
-0.013378138138358902
-0.01407349855119459
-0.014764482434637868
0.017203542035159614
0.016479586886918862
0.015761396370058134
0.015048999682673592
0.014342342610296396
0.013641290738744538
0.012945634261533428
0.012255094177651879
0.011569329635488883
0.010887946149411947
0.01021050439792226
0.009536529307161794
0.008865519130497787
0.008196954253860874
0.007530305485782263
0.006865041629765534
0.006200636182246607
0.005536573050060797
0.00487235123453574
0.004207488482389499
0.0035415239544136132
0.0028740200087501444
0.002204563234568154
0.001532764902357579
0.0008582610175119262
0.00018071217346075458
-0.0005001966008570207
-0.0011847558165204812
-0.0018732311636069736
-0.002565862685114569
-0.0032628633967068943
-0.003964417307481353
-0.0046706768444593205
-0.005381759732343746
-0.006097745426401624
-0.006818671239684308
-0.007544528342448195
-0.0082752578399653
-0.009010747154646153
-0.00975082694611181
-0.010495268800418955
-0.01124378390488993
-0.011996022899827635
-0.012751577062781369
-0.01350998093685385
-0.014270716463485322
-0.015033218624333489
-0.015796882538354207
-0.016561071902847318
-0.01732512861044015
-0.018088383325125523
-0.01885016675637267
-0.019609821336693905
-0.02036671298585128
-0.021120242633011488
-0.021869857170387363
-0.02261505952582214
-0.023355417568158843
0.02739558226448095
0.02659368655870261
0.02579856425811322
0.02501024000182243
0.024228630664928273
0.023453550087547497
0.02268471603067183
0.021921759037823268
0.021164232822783645
0.020411625762935908
0.019663373057432303
0.018918869109089503
0.018177479709147924
0.017438553642457798
0.01670143338566188
0.01596546463895565
0.015230004509504033
0.014494428247376345
0.013758134518510972
0.013020549279675702
0.012281128392930274
0.011539359179008057
0.01079476115620574
0.010046886242419489
0.00929531871092737
0.008539675185217551
0.007779604935013914
0.007014790696145227
0.006244950183277864
0.00546983839990541
0.004689250778062519
0.003903027104474692
0.0031110561156385184
0.002313280574272418
0.0015097025789693557
0.0007003888103401801
-0.00011452461594600265
-0.0009348280351841506
-0.0017602352013677363
-0.002590381658163684
-0.0034248247946842376
-0.004263045811411978
-0.005104453751221446
-0.005948391669094074
-0.006794144925680312
-0.0076409514984373175
-0.0084880141140344
-0.009334513921453829
-0.010179625350928609
-0.011022531742910235
-0.011862441287461278
-0.012698602789006735
-0.013530320766908152
-0.014356969418258814
-0.015178005005667313
0.019595257964002227
0.018739100817396864
0.017890465622434164
0.01704937072163145
0.01621570710723108
0.015389244482505449
0.014569640080701792
0.01375644981202943
0.0129491412343082
0.012147107794280484
0.011349683765943069
0.010556159319941583
0.009765795193311482
0.008977836488637814
0.008191525212690362
0.007406111261522205
0.006620861666501629
0.005835068027389423
0.005048052168497945
0.004259170155410478
0.003467814898129492
0.0026734176362121684
0.0018754486493679132
0.0010734175607096663
0.00026687359816109557
-0.0005445938469091546
-0.0013613540741240031
-0.0021837331211140474
-0.0030120108674123553
-0.0038464171546596466
-0.004687126982375797
-0.005534254937355858
-0.006387849105567445
-0.007247884794554701
-0.00811425845442193
-0.008986782225403797
-0.009865179554133982
-0.010749082310432997
-0.011638029799000416
-0.012531470000025635
-0.01342876328906247
-0.014329188786827245
-0.015231953375404544
-0.01613620329783757
-0.017041038135788833
-0.01794552684491154
-0.018848725422008033
-0.019749695691279788
-0.020647524630311352
-0.0215413436161969
-0.022430346959247765
-0.023313809107493033
-0.02419109994911739
0.03134195744919854
0.030392672242562556
0.0294522187830872
0.02852060017404142
0.027597654406297988
0.026683063268010215
0.02577636510758393
0.024876970772655015
0.023984181939810483
0.023097210986835853
0.022215201544148837
0.021337248893679717
0.020462419459718422
0.019589768750279034
0.01871835725225146
0.017847263949055486
0.016975597304812094
0.0161025037337272
0.015227173735809507
0.01434884602086628
0.013466810053320474
0.012580407524282097
0.011689033290525619
0.010792136311433092
0.00988922106481031
0.008979849836466085
0.008063646160282694
0.007140299545841574
0.0062095714768861665
0.005271302508102113
0.004325420138943289
0.003371947013547742
0.0024110088916366275
0.0014428417671778309
0.00046779748199924737
-0.0005136528047626026
-0.00150091787365599
-0.002493288914045544
-0.0034899455574262848
-0.0044899656656484845
-0.0054923388834813664
-0.00649598377329604
-0.007499768160734536
-0.008502532142316185
-0.009503113051721468
-0.010500371559044042
-0.011493217994552052
-0.012480637949690565
-0.013461716218709693
-0.014435658199845974
0.023767134427572133
0.022753702551601696
0.02175005032189962
0.02075616453527977
0.019771836890422056
0.018796675337706126
0.017830120185082975
0.016871464057742945
0.01591987467532178
0.01497441934016408
0.01403409002634896
0.013097828020104212
0.012164547182011248
0.011233155070404049
0.010302571371335428
0.009371743308279428
0.008439657939124195
0.00750535147249524
0.006567915935369503
0.0056265036864570446
0.004680330383775763
0.003728677074880301
0.0027708920794639047
0.0018063932791325308
0.0008346713219716436
-0.0001447059014745659
-0.0011320873364639716
-0.0021277314242390544
-0.003131797576238493
-0.0041443368879645615
-0.005165282685673882
-0.006194441627341285
-0.007231486159012257
-0.008275949151617484
-0.009327221507099045
-0.010384553429417983
-0.011447059907059484
-0.012513730760324953
-0.013583445378053116
-0.014654992018954446
-0.015727091298637363
-0.016798423238405896
-0.017867657033935152
-0.0189334825231513
-0.01999464220547346
-0.02104996259784405
-0.022098383711363634
-0.023138985496291564
0.016263672326360577
0.015182344213922616
0.014111825289753374
0.013052079579657927
0.012002840654491606
0.010963626049690183
0.009933757546000677
0.008912386113738013
0.007898520158602004
0.00689105563292695
0.005888806594394244
0.004890534900200047
0.003894977908472745
0.0029008733042705055
0.001906980455950169
0.0009120980159658492
-0.00008492221369393871
-0.0010851648507074578
-0.002089643399870167
-0.003099294908286606
-0.004114975996957759
-0.005137459435111125
-0.006167430480690239
-0.007205482340020275
-0.008252110290877062
-0.009307704249964152
-0.010372539828292967
-0.011446768185765326
-0.012530405246275838
-0.013623321047748401
-0.014725230158507501
-0.015835684179428638
-0.01695406736058484
-0.018079596288892996
-0.019211324451924493
-0.020348152261021418
-0.0214888428375735
-0.022632043547873848
-0.023776312934940723
-0.02492015236318183
-0.02606204138546009
-0.027200475584722716
-0.028334005450071365
-0.02946127473630637
-0.030581056732291167
-0.03169228693317835
0.031941598188950926
0.030735609372193145
0.02954238421867798
0.028361835213413882
0.027193571030507496
0.02603691808521084
0.02489095040040209
0.02375452586248291
0.022626326714353384
0.021504902065609587
0.020388710290775713
0.01927615942282801
0.01816564400668741
0.017055577322053206
0.015944418377991654
0.014830693579780767
0.013713013430402174
0.012590085017064786
0.011460721315752303
0.010323848504370145
0.009178512495706856
0.008023885788451073
0.006859275500272951
0.005684133115051634
0.004498066079333118
0.0033008509576006504
0.002092447442504919
0.0008730121535432955
-0.0003570891188272215
-0.0015972722297200963
-0.0028467300933828397
-0.004104434120305404
-0.005369142858356879
-0.006639418651173679
-0.007913652663632347
-0.009190098099256713
-0.01046691088619008
-0.011742196579072236
-0.013014061755707481
-0.01428066781535009
-0.015540284842180212
-0.016791343101677885
-0.018032479800808947
0.026131091187239035
0.02483775495585261
0.02355859829270742
0.02229348359383062
0.021041909956166876
0.019803040934599135
0.018575742678610584
0.017358629859526485
0.016150116530228763
0.014948469017869911
0.013751858130459094
0.012558408334940782
0.01136624209634211
0.010173518200290999
0.008978463554257615
0.0077793986124674586
0.006574757137607172
0.005363101448161434
0.004143134568415271
0.002913710777695348
0.0016738459456413133
0.000422728756449553
-0.000840266499259242
-0.0021155654064103357
-0.0034033775826551134
-0.004703680454344883
-0.006016204061143893
-0.0073404186399744775
-0.008675526914338483
-0.010020463001122287
-0.011373899636277773
-0.012734265024629082
-0.014099770063679684
-0.015468446022051108
-0.016838192020047958
-0.018206830927724092
-0.01957217162186905
-0.0209320749898928
-0.022284520680970754
-0.023627671421144192
-0.02495993174729557
0.020997453699586242
0.01960759088526165
0.01823351735948886
0.01687502687381252
0.015531476096596147
0.014201820651875696
0.012884664209921922
0.011578317125024811
0.010280860805118771
0.008990214014384195
0.0077041976363406706
0.006420595014957805
0.005137205775041879
0.0038518919139894177
0.0025626158617701273
0.001267471031878853
-0.00003529394705492628
-0.0013472556843469041
-0.0026697993446754094
-0.004004103093292466
-0.005351122266881355
-0.00671157240850299
-0.008085910985350202
-0.00947431834723067
-0.010876679195370905
-0.012292566429085716
-0.013721229651122251
-0.015161590782881706
-0.016612249139910662
-0.01807149794025631
-0.019537353588717037
-0.021007598247903547
-0.02247983524380252
-0.0239515558447669
-0.02542021499096011
-0.026883312726307212
-0.02833847747640487
-0.02978354698421356
-0.031216642697037833
0.016756358062792742
0.015256266711256572
0.013773850831355999
0.012308809876474907
0.010860312200055382
0.009427042493878232
0.008007265838461305
0.006598903561483109
0.005199615754642266
0.0038068854292185503
0.002418099855946062
0.001030625551516895
-0.00035812547579061604
-0.0017506393636559001
-0.003149253861415476
-0.00455612055200468
-0.0059731740283312336
-0.007402105850560041
-0.008844341124241706
-0.01030101591966796
-0.011772954438976635
-0.013260645732904308
-0.014764220751974737
-0.01628343145714769
-0.01781763448325017
-0.01936578233854236
-0.020926425255060242
-0.022497726540846957
-0.02407749363020295
-0.025663226033734537
-0.02725218014270577
-0.028841449463384666
-0.03042805748125821
-0.03200905912498757
-0.033581645842609885
-0.035143248724457586
-0.036691633973791236
0.04248204828243285
0.040761439550252763
0.03906248859203487
0.03738466928867479
0.035726708611710976
0.034086664191688154
0.03246202722025878
0.03084984222575249
0.029246834920517162
0.027649539890711727
0.026054421255483445
0.02445798134177927
0.02285685462235454
0.021247886345439802
0.019628197158291782
0.017995236361694388
0.01634682707755834
0.014681206516609646
0.01299706375128551
0.011293576078921416
0.009570443425438632
0.007827918556395086
0.006066829405370252
0.004288588846336391
0.0024951869111618694
0.0006891608862317582
-0.0011264600873850394
-0.0029482374393924315
-0.004772431838623119
-0.006595134802941013
-0.008412417517252673
-0.010220489074387145
-0.012015854938378645
-0.013795465837963724
0.04219380748200645
0.040307349510537716
0.03844564530412505
0.03660794237955919
0.03479254886862201
0.032996940915639615
0.03121790365045285
0.02945169354620155
0.027694209759561533
0.025941163219579955
0.024188234514598284
0.02243121461979784
0.020666125728188343
0.018889322408026654
0.01709757558653787
0.015288143156110453
0.013458831180130545
0.011608048788241584
0.009734858109376836
0.00783901834453075
0.005921020758874648
0.003982109417603834
0.002024281294669139
0.000050259229012657634
-0.0019365677824543608
-0.003932240328651249
-0.005932360695619088
-0.007932258088140059
-0.009927180025146403
-0.011912499690849473
-0.013883926588880713
-0.01583770661575945
0.04348724143188025
0.04140954033568789
0.03936032545052167
0.037338515611129074
0.035341832598751455
0.033366953210595685
0.03140970655987119
0.029465298680686668
0.02752854666381218
0.025594106805962857
0.023656685081409057
0.02171122289293781
0.019753055701627886
0.017778045999235492
0.0157826945822472
0.013764234892869228
0.011720714307254337
0.009651063979656538
0.007555155748883806
0.005433841386284962
0.0032889668476415723
0.0011233528238822437
-0.0010592668023867713
-0.003254354844605863
-0.005456731486142008
-0.007660783163062068
-0.009860711532708918
-0.012050809135135492
-0.014225744164428344
-0.016380834326395664
0.012026542574011997
0.010074346513422502
0.008149044396015086
0.0062493879274083675
0.0043729501698543585
0.0025162820853654364
0.04366405149140625
-0.0011696638870776581
-0.003236627830437618
-0.0052921218696775725
-0.007331275607366794
-0.009349854294347279
-0.011344490618705277
-0.013312884074419737
-0.015253950053423782
-0.017167903673490637
-0.019056268350554444
-0.020921805648844716
-0.02276837013893862
-0.02460069988988789
-0.026424158885114773
-0.028244451346326103
-0.030067329248661772
-0.031898313160553436
-0.03374244325855129
-0.03560407257497382
-0.03748670904648643
-0.03939290761354871
-0.04132420924404079
-0.022857357022930867
-0.01530216032114377
-0.022937654239530612
-0.01545078088643163
-0.024090571596539122
-0.01599297628776808
-0.025061697710076124
-0.015401807977876714
-0.024171010230673216
-0.03279409076775227
-0.019262578960858406
-0.026279998275345145
-0.032636233701119344
-0.03822498536311392
-0.015556847623511099
-0.017770797842474966
-0.018512289503910078
0.4110803051421717
0.3729765884431826
0.3368238212153672
0.30310680436029175
0.2723007547827261
0.24485980492163995
0.2212042327710771
0.20170711331075528
0.1866814420555139
0.17636905227700173
0.17093271471747035
0.1704525865941196
0.1584203915127813
0.12443105624575754
0.09457538434571089
0.06918744320827157
0.04858101193248125
0.03303730478254423
0.02279113497422732
0.01801693834803627
0.018816469840564808
0.02521000662050336
0.037132450527967986
0.05443489838830862
0.07689119054389146
0.10420839640384076
0.1360396583297983
0.17199738333617895
0.21166567391703658
0.25461111873388476
0.30039159230864737
0.3485630937083482
0.3986848901018908
0.4428450937610405
0.4630596613340937
0.4859173894748607
0.5109783818700366
0.5377808322499633
0.5658521287414283
0.5947189554148901
0.6239161623344938
0.6529943416658028
0.6815261633629238
0.7091115922617951
0.7353821383619025
0.7600042950228871
0.7826823061622292
0.8031603158209443
0.8212242025278743
0.8367030156743474
0.8494699329912572
0.8594429779453555
0.8665854400877351
0.870905998101086
0.8724585333571224
0.8713416109286242
0.8676975946756829
0.8617113529288866
0.8338238325025318
0.8025078499991436
0.7689675031336013
0.7334185544581009
0.6961142774684939
0.6573439574638128
0.6174311594373862
0.5767317211683153
0.5356314010062174
0.4945430751209721
0.4539033397521721
0.4141683343210558
0.3738461494050053
0.3347538391710905
0.2973550089285515
0.26210415346734944
0.22943872021170525
0.19977049950637557
0.1734766293770886
0.15089068770222036
0.13229452164040276
0.11791158024301474
0.10790251470045994
0.10236365161952385
0.1013286279562529
0.10477305377200707
0.11262163592637228
0.12475685958725613
0.11104982004054242
0.09931026159370249
0.09188749473821886
0.08890699578618322
0.09045060662275765
0.09654775537455418
0.10716833353814645
0.12221842395262159
0.14153849029364324
0.16490535980742516
0.19203692767154873
0.22259903774078477
0.2562137795562436
0.29246842691717495
0.33092437699718574
0.3711256375181021
0.41260659997987914
0.45489899522014265
0.49753803936977353
0.5400678441990588
0.5820461947045529
0.6230487999500663
0.6626731111463993
0.7005417818187659
0.7363058240902467
0.7696474957650625
0.8002829365374963
0.8279644827343519
0.8524824260088387
0.8736684920678194
0.8913957324657598
0.8973982790188394
0.8950239990988739
0.8892522544841374
0.8800176310547272
0.8672997221180392
0.8511229691888472
0.8315561297750157
0.8087113965623548
0.7827431898075649
0.7538466423054689
0.7222557935715411
0.6882415063844766
0.6521091140331164
0.6141957999565403
0.5748677024493026
0.5345167253724233
0.4935570213512449
0.4524210973677334
0.4115554756062865
0.3703202327238601
0.33144840733033737
0.2955522638294922
0.26322751878447403
0.23503579370041272
0.21148532174971943
0.19301131676000893
0.17995803850607728
0.17256493711396187
0.17095910240019294
0.16459399819880188
0.12729759848636854
0.09479740373438092
0.0675127656076896
0.04583537604829879
0.030111166532340215
0.020619905334560523
0.01755501500704415
0.02100675451975694
0.030951744980081318
0.047250757232483176
0.06965499146503333
0.09781938219519264
0.13132054774285346
0.16967620919645582
0.21236375592962597
0.2588363652873908
0.3085359951221319
0.36090328396211496
0.415384822806326
0.4466705007940928
0.46934345447796644
0.4948570426796149
0.5226429048895936
0.5521115278563292
0.5826677955390963
0.6137246804964099
0.6447148766975466
0.6751004186621073
0.7043804786912535
0.732097599936003
0.7578426321633563
0.7812586080248384
0.8020437283581666
0.8199537787376309
0.8348038343522337
0.8464694533161538
0.8548874047268994
0.8600559244161671
0.8620344850413862
0.8609430462408295
0.8569607311393129
0.8475751819778431
0.815973946888286
0.7816732664071356
0.7449079213012916
0.7059644321321203
0.665179046348261
0.6229353754165395
0.5796616314697672
0.5358273658486659
0.4919395530698558
0.4485377951984606
0.40618835035971246
0.36321484551438266
0.3217607838095715
0.28240575391463685
0.2457140802292579
0.21222282081521976
0.18242885319119423
0.1567756651523659
0.13564080644939933
0.11932522977281017
0.10804583780652392
0.10193235545152557
0.10102913392014228
0.10530175015403746
0.11464747785962348
0.12270308084905905
0.10649075872164664
0.09512908351430538
0.08880344212643074
0.0876481295714023
0.09173290890325389
0.10105132074191985
0.11551246397496182
0.13493733696817484
0.15906029704866376
0.18753518634570718
0.2199451041889224
0.2558145162160599
0.2946223847425524
0.3358152418699138
0.3788194698889832
0.42305239402694245
0.4679320640838549
0.5128857808813369
0.5573575176469725
0.6008144166986068
0.6427525317138282
0.6827019551860768
0.7202314331255687
0.7549525328535939
0.7865233988734638
0.8146520564707854
0.8390994487999769
0.8596819975375294
0.8716754313627794
0.8699487363795324
0.8644152120156251
0.8549798947700203
0.8416082263495982
0.824325893967308
0.8032180721748948
0.7784281103593595
0.7501557046526777
0.718654587852528
0.6842297651258898
0.6472343157226881
0.6080657705408856
0.5671620610609017
0.5249970160406006
0.48207535816156355
0.43892712445499105
0.39610140476774064
0.35296825861891923
0.3127267862667514
0.2761370332120513
0.2439298605193933
0.2167801686671724
0.19527819872504368
0.17990179895073308
0.17099346714195035
0.16874610827190034
0.16911968695464463
0.12853414883123804
0.09345419704400948
0.06440638055259795
0.04187848028178047
0.026292523422625967
0.017974691139816906
0.017126630676159903
0.0238035383634679
0.03790359948192212
0.059170963030590884
0.08721127171756864
0.12151601964802158
0.1614909294337406
0.20648387107387664
0.2558092547218403
0.3087675238113202
0.3646597246424701
0.41895485024681045
0.4391977967814174
0.4631015502376666
0.4899929323676938
0.5191579119142375
0.5498653682810861
0.5813883762122857
0.613022380228044
0.6441001559987708
0.674003794017492
0.7021741084824279
0.7281179169110613
0.7514136067266832
0.7717153215072042
0.7887559970206214
0.8023494946531453
0.8123918804071649
0.8188619090724616
0.8218207110144998
0.8214106347033414
0.8178531596767152
0.8042674935269877
0.7701695696018324
0.7331920711856568
0.6936418688928383
0.6518943423429219
0.6083902496644924
0.563631974149586
0.5181790132177243
0.4726424750882069
0.4276782303713591
0.3839782422489707
0.3396879476210346
0.29727399136836774
0.25744796283640703
0.22089619892276685
0.18826174934720183
0.1601253307017969
0.13698657274555642
0.11924740900652264
0.10719975764292122
0.10101945349352992
0.1007676210101277
0.1063994361054856
0.11777885645957997
0.11834649395666845
0.10197315671353199
0.09118328489755838
0.08618176122319762
0.08709641550875188
0.0939600368963021
0.10669640773240582
0.12511310130708794
0.1489016987375506
0.17764533362619794
0.2108322549197154
0.24787321851865884
0.2881205332191835
0.33088697679288553
0.37546339671362655
0.4211344004771411
0.46719199510640613
0.5129473168974646
0.5577407222044464
0.6009505336019818
0.6420006987866582
0.6803675569599038
0.7155858411931051
0.7472539868508556
0.7750391323769473
0.798680059767062
0.8179912354042579
0.8177354364606036
0.8122988813351805
0.8026292476889662
0.7886686900855091
0.7704394849359052
0.7480430407447919
0.721658008912735
0.6915375662962411
0.6580059290636722
0.6214541439764015
0.5823351859021261
0.5411583668933986
0.4984830306455392
0.4549114657671277
0.41108092353737713
0.3676545762907755
0.32410078458490255
0.2841228281923308
0.24864803199826313
0.21855191665605567
0.19461761573101663
0.1774944618489725
0.16766147760760927
0.16540235132633124
0.170797352785948
0.12996843496330698
0.09231084096355646
0.061585442845858984
0.03839970854542315
0.02326441083382184
0.016549275918120353
0.018443102916836745
0.02892729578068761
0.04776930222530877
0.0745374256949453
0.10863256993191259
0.1493290953331176
0.19581712703463078
0.24724007422806282
0.30272449854311934
0.36140203315934855
0.4013654354394516
0.4210562254848995
0.4446720217353286
0.4713800777381988
0.5003067249313214
0.530570324034402
0.5613100111072702
0.5917095309050293
0.621016241430975
0.6485558217489931
0.6737433852383681
0.6960917607927299
0.7152172538114712
0.730843587125172
0.7428043961227961
0.7510441890601603
0.755617912718485
0.7566890756438543
0.7545263007873562
0.7367698057554227
0.7003699159548581
0.661090488196713
0.6193286759390969
0.5755720585625594
0.5303937101784888
0.4844460391085089
0.4384530407882853
0.3932004019446761
0.3495226833391598
0.30543893749086193
0.2636747191539873
0.225090111919438
0.1905038754715277
0.16066647027323672
0.13623251375394682
0.11773532261383168
0.10556689764968578
0.09996666100792732
0.10102117204183766
0.10867505089868501
0.12275102835024865
0.11430350533144637
0.097841782508305
0.08773821968593036
0.08420438529118834
0.08733585026178067
0.09708998886623521
0.1132726245685963
0.1355358331683641
0.1633865651377666
0.1962051507352856
0.23327008864958032
0.27378558088057636
0.3169088711522448
0.36177546263517435
0.4075213023109901
0.45330177670160454
0.4983078038062942
0.5417794806392605
0.5830177467617805
0.6213944367699781
0.656360978594728
0.6874559958893924
0.7143121422021675
0.7366589479827215
0.7450628748122814
0.7394070064897905
0.7293410288829337
0.7147692602141278
0.6957019990309482
0.6722544446220138
0.6446441101223677
0.6131868631635146
0.578291701453678
0.5404543383408099
0.5002496320240661
0.45832283777333194
0.41537959338945146
0.37217446689946737
0.329497813383556
0.28643359607867847
0.245863158520932
0.2086972026578767
0.1757966973417528
0.1479419905868427
0.12580194127277328
0.10990641642642278
0.10062612770348127
0.09816337681473739
0.10255562126624429
0.11369120851839924
0.1235499036137494
0.10352627923994626
0.08993437490616152
0.08304079736129752
0.08299424662208954
0.08979907843078802
0.10329695195163562
0.12316123661854769
0.14890320407770516
0.17989043530458734
0.21537348335878856
0.2545166382537625
0.29642914035090323
0.3401943202817206
0.38489537214974706
0.42963743376108443
0.4735662335755886
0.5158838133447262
0.5558618578955993
0.5928530673548159
0.626300870109967
0.6557481853536747
0.680843131189053
0.7013439907076046
0.6989248402470148
0.6904818384687471
0.6775899032545842
0.6602057460419158
0.6384024189850263
0.6123671708795455
0.5823975577713664
0.5488959572336182
0.5123625936701913
0.4733871301945619
0.4326388160605314
0.39085509514713734
0.34882848449341275
0.3073914373612128
0.2663811452164746
0.23023687635515194
0.20013335417047362
0.1771312522069298
0.16210820468563722
0.15569741346767235
0.15824653476989897
0.15861988586040063
0.11303702033859683
0.0752453217354889
0.04612808362696989
0.026442734497660325
0.016745700612087282
0.01732232085802458
0.02814013602816412
0.04883946600615567
0.07876426146424864
0.11702212693845748
0.1625579886423732
0.21422553358649196
0.2708461567754006
0.3312523220572705
0.35478109040066746
0.36997294270644115
0.3896331093124735
0.41270449409661314
0.43808752578177346
0.4646924790635448
0.4914841136439221
0.517517473430751
0.5419651841476116
0.564137430024342
0.583495705021019
0.5996611138044211
0.6124194001558738
0.6217220352882807
0.627683871690344
0.6305773350220331
0.6214023347786504
0.583513480360543
0.5430252234432337
0.500447180526708
0.45642441177136545
0.4117284397127837
0.36724487894435665
0.3239565825334625
0.2829207875752891
0.24204760124942754
0.20430459448080512
0.1707788415408281
0.1424756339438545
0.12027211482693276
0.10487397155599784
0.09678156014224523
0.09627168528243413
0.10339881955584626
0.1180152808242213
0.11889986892814564
0.09811637478148191
0.08462560359069615
0.0787035384917149
0.08044681142989416
0.08974111809104457
0.10624773724010088
0.12940831627341998
0.15846890023719917
0.19251821890959847
0.2305331686802555
0.27142522592451834
0.3140834524142091
0.3574119394073977
0.4003612365641048
0.44195428649865975
0.48130774144230487
0.51764950420898
0.5503331209113492
0.5788506354649217
0.6028379149184188
0.6117064031677966
0.6021752440492839
0.5882619633887656
0.5698750650382339
0.547078316553089
0.5200885851827729
0.4892705585456655
0.45512863016203353
0.4182961268217132
0.3795219255847798
0.3396543500267078
0.29962205711805007
0.2604114613187005
0.2213037784442969
0.18558874869503103
0.15441186786964695
0.12881998181406767
0.1097082481510255
0.09777252490920318
0.09347489738915435
0.09702906445957837
0.10840854450873443
0.12737523482571753
0.10594915113538532
0.088157465625859
0.07807107080363233
0.07587199870638439
0.08151903848672352
0.09472549931321277
0.11495919467844229
0.14146395335437897
0.17330015030092313
0.20939568679262205
0.24859963643318495
0.28973277200271674
0.3316318524230901
0.37318677153263646
0.413371016349644
0.4512664205982666
0.4860832070808291
0.5171762741252616
0.5440585997880939
0.56640608506215
0.5620456620274404
0.5494363397745254
0.532516344355119
0.5112739318601461
0.48586866715308136
0.4566271110384159
0.424034784878821
0.38872467984261416
0.3514624134283915
0.31312793621322166
0.27469347137848377
0.2371971753082036
0.2000576429652205
0.1666088032780244
0.13805695815771052
0.11548913196914183
0.09981236883249978
0.09170179937123121
0.09156666484603597
0.09954120417956014
0.11550185044151304
0.11598543728353654
0.09364790259048072
0.07912517003873984
0.07270152446480604
0.07442672038472875
0.08408286801089386
0.10117742034328951
0.1249608676403156
0.15446868480678186
0.1885782966886342
0.22607127227741405
0.2656930509904193
0.3062057172685575
0.3464322526903413
0.3852925617231373
0.4218323735338797
0.4552462001911447
0.4848961140474826
0.5103233627416276
0.5236892943293158
0.512127134790607
0.4964992727223076
0.4767001874383318
0.4528156121807183
0.4251201408784502
0.39406986985135656
0.36029046972095713
0.32456087483522933
0.28779252357141666
0.25100380721466975
0.21528915461213993
0.18177074065025944
0.1559854946063614
0.1394487761969245
0.13335579732850508
0.13846132075526635
0.15501636047524914
0.12016242518924174
0.07531143055837002
0.041693317483572453
0.020505263601662643
0.012531514266603632
0.018001910259121866
0.03652855843053342
0.06714732614557814
0.10844534533256531
0.1587295062202356
0.21618818806450946
0.27901711615377045
0.2804261153132015
0.285365423520201
0.2962786014307719
0.31176395904577237
0.3303719619016386
0.3507099454667014
0.37152886172996136
0.39178855361293896
0.410701846921999
0.4277593951267802
0.4427401372792715
0.45570746566451903
0.46699268718065273
0.439604002620298
0.39733302616136373
0.3542081112653761
0.3111327719539516
0.2692358787525323
0.22983687140636033
0.19439275524232896
0.16059626796829707
0.13174384406795953
0.1093062473036712
0.09454127151019195
0.08839996246531831
0.09146006598658071
0.10390161406329665
0.12552919524754033
0.11355653690151032
0.08936348039881341
0.07441348813403414
0.06897411818379273
0.072940277200604
0.08580509888985086
0.10667829602104681
0.13434786643842772
0.16737294912310074
0.20418765772545774
0.24320010657859253
0.2828776461235281
0.321815543286621
0.35879008062381446
0.39279837583653276
0.4230889197065833
0.449175079558522
0.4415879325601352
0.42336038908415585
0.4012884646654665
0.375435676078237
0.3461373820063239
0.3139908117755821
0.2798353801305531
0.24472342767081973
0.2098809154278945
0.17665710980747024
0.1448416027964685
0.11856143129204819
0.09938229978188329
0.08860282428488075
0.0871468216198564
0.09549564723452957
0.11367637362932374
0.12989267938443924
0.09956417004960416
0.07874468320897092
0.06789326548051608
0.06706462838367197
0.0758553354236019
0.09340898020588592
0.1184765590718077
0.14952225837685537
0.1848489674061323
0.22272120750933952
0.2614717756607297
0.29958714820139826
0.33577229656319785
0.36899803655581065
0.39853443158415125
0.4142480360163242
0.39606664639543654
0.3744115432053402
0.3492099371497709
0.32070204389948476
0.2894354159149402
0.25624567900752776
0.2222240075867175
0.18867087940054078
0.1570350205615003
0.12220407316081705
0.09032024315842899
0.06275660942795507
0.04069640493904847
0.02507031600062659
0.016510800023735544
0.17454820155250703
0.17935127557844766
0.18421580866875417
0.1890724187652824
0.1940113808484347
0.19909423362046783
0.2044942657917681
0.21045692625403845
0.20203925524178232
0.18148972781607284
0.16198293299727162
0.14331761273132868
0.12616893926032546
0.11028259324965317
0.09553118937972357
0.08167656364168922
0.0690584681443048
0.05784917309868243
0.048276747649015725
0.04056423638228372
0.03486184514841747
0.031123629853738732
0.029493993067894464
0.029604179592759666
