0.17983472372962409
0.020135671512073794
0.0565826926732102
0.05387547687017524
0.0026587409896288716
0.02178411501471733
0.002503738460429894
0.008887801799964845
0.012510114619518342
0.013562906916706308
0.013870809409354978
0.013860437598786107
0.013762742179353624
0.013664306133578316
0.013602931234035442
0.01359283564030949
0.013638267640614505
0.01373875629584773
0.013891600152852325
0.014093057062816529
0.01433900426514971
0.014625341246891077
0.014948245267105253
0.015304317257972266
0.015690633143159077
0.016104712309028713
0.016544419389284137
0.0170078211104924
0.01749302307647302
0.017998010638197504
0.01852051363355184
0.019057908060040762
0.01960716039831173
0.020164813822547423
0.020727010842050808
0.02128954429430857
0.02184792785428874
0.022397477811937294
0.022933399261295395
0.023450871530472706
0.023945129316571778
0.024411537391829413
0.024845657798723275
0.02524330920028245
0.02560061851500614
0.02591406521075923
0.026180518739683342
0.0263972696094132
0.026562054537143
0.026673076084408862
0.026729017094567424
0.02672905021887794
0.02667284277077938
0.02656055713969563
0.026392847007212658
0.026170849621005493
0.02589617445841036
0.02557088864650009
0.02519749962157955
0.02477893558938113
0.02431852446042143
0.02381997203392755
0.02328734027054491
0.022722848377640714
0.022004410253394113
0.018743256815608622
0.0010444966240756859
0.024287195096037384
0.2349655177245823
0.03332756625987815
0.09779805795123925
0.09481760885131654
0.022642904177001932
0.013802986828381575
0.015128398015481548
0.023783661813812224
0.03143965420169112
0.03316487160908041
0.032859229073714746
0.031109836518918327
0.028590587794480413
0.025680694841073423
0.02255022873375165
0.019302402478359508
0.016011738619202225
0.012739178207531043
0.009538955384943718
0.0064610399865793686
0.0035516547576223134
0.0008529198817544409
0.0015978349049661777
0.0037688201277537026
0.005634445000163746
0.007175790805390214
0.008380842092549051
0.009244444460316942
0.00976794812564602
0.009958510661863512
0.009795094612173205
0.009201318047386164
0.008486949811571054
0.007515734792621687
0.00631242978886426
0.004902462211239578
0.003311278107801796
0.0015638110373164538
0.0003159428610824966
0.0023052362769850343
0.004382779895670957
0.006528863689882064
0.008725406435261762
0.010955948873938887
0.013205604217349287
0.015460977418248617
0.017710062265606022
0.019942123106978793
0.02214756600953901
0.024317802520711508
0.026445107852779797
0.028522474333505573
0.030543460251237282
0.03250203381170534
0.03439241131410822
0.036208874005930244
0.037945442245249955
0.03959558444055861
0.04143887068253274
0.04291507010209722
0.044277460965034154
0.04551904124579145
0.046585730816915694
0.04701855128942228
0.04459836971297859
0.0338642866045919
0.0014561255546057805
0.03548790269236149
0.05040581413403722
0.04326959201160835
0.08435075350510698
0.08297822233636604
0.0558412782852028
0.04068507214048561
0.04479463933256858
0.04791343948604179
0.05285343692823563
0.05293432086596575
0.05043985307102966
0.04823948760053123
0.04373015761700093
0.038126049349730726
0.03186695437119316
0.025241263059203933
0.018429680901444152
0.011578797104869558
0.004814229772916234
0.0017503664259802335
0.008011340832310365
0.01387527895213679
0.019260256179576357
0.024097230889246785
0.02833108636972212
0.031921189154664464
0.03471002297068365
0.03681777562930355
0.03789247171123142
0.038102313073163446
0.03741092654360545
0.0382384128929088
0.037732011500796414
0.03654445834109646
0.034749135402560694
0.03248317089147912
0.029817945812338098
0.02681350577523639
0.023519443851191035
0.07926969575279114
0.20457972753962783
0.36062901760217997
0.053796501627420446
0.020310317265059608
0.003985778730616507
0.003378733075612733
0.008488196679480392
0.013032115270650887
0.01742652572081306
0.02176554169787627
0.02606264906746906
0.030311614339590613
0.034501656501800614
0.038621039681881256
0.04265566231790363
0.046528075555308135
0.04974268159428338
0.052668251761456175
0.0569971533647711
0.11747190821877711
0.4323978298264515
0.05341689251895965
0.004386783165160668
0.04528964711375141
0.05272419582472304
0.0432832742094969
0.02186611417858214
0.011562227123852409
0.026710080311150047
0.06991413915815295
0.09448838402629672
0.0968564298674161
0.08694311634642712
0.07956469551133485
0.07849608084643406
0.12309826528209597
0.2605963317098171
0.08394683824952776
0.3253346208980778
0.09027695291013457
0.011810584848565966
0.021470342271877774
0.02874888913556098
0.025154751566504013
0.01638965950671619
0.05412190389110966
0.1854059015570712
0.16744782238896375
0.3957877986664594
0.18030702261652395
0.10705760587223177
0.07424268634040981
0.06426039209191345
0.06228953326142894
0.06312111517282307
0.06604886591194112
0.06745371733136643
0.06789383520285777
0.06748277908154524
0.06915760693960044
0.06880734945484734
0.06738746781225713
0.035669972987593807
0.16451900938739739
0.40345492800637744
0.013101823163933463
0.039363675725466174
0.17027273105572457
0.4059831193766318
0.6983934588827622
0.6205063815353646
0.13923619850691485
0.1931971187434339
0.39383682471916276
0.012677043457371195
0.06404343062650315
0.019535613982928607
0.005570523378299275
0.01433742808584404
0.30219046860215054
0.002075822886493134
0.000649784812788004
0.07796549506610556
0.0019821545268674245
0.001744750047035018
0.025609782709794165
0.007189131827996409
0.0023013461950110725
0.00792602463324716
0.01309681048027593
0.009040876907317662
0.003459476557935083
0.019365696060320733
0.017029103403211683
0.01422420778813653
0.025786003624362328
0.025539963589595455
0.025180122022316953
0.032244719291726336
0.03424871670936036
0.03623042558540078
0.038588171396622364
0.04253040898199144
0.21096227412618482
0.044826393046426355
0.05064226733408253
0.053445287612363626
0.051059912447946804
0.05838233343737109
0.2710908277212745
0.05733388526500195
0.06791885907690014
0.009343710713160203
0.06173731408210539
0.07475641463182019
0.06365870406526765
0.06628551161146798
0.0814830464184175
0.06124246086825383
0.04534807004604294
0.05165016230833523
0.14252892877999804
0.3299384873971306
0.37375625571262683
0.3836903184911122
0.5977292634180443
0.7742756472504239
0.19564894552179435
0.05556659151854615
0.03201106913589438
0.12680420390008762
0.4398955507603421
0.07201541420477633
0.011270771111173333
0.04962542629970132
0.08919415264263206
0.11220858536601672
0.11927950870695048
0.11789345732015025
0.12036937655135302
0.1452337159567018
0.17934856614741626
0.18840399691267143
0.09542580741156631
0.010929572704125479
0.02359275731094944
0.03112978946378478
0.03319833103895667
0.03260465687384543
0.048455000318991075
0.07565769828306032
0.0738334161874577
0.0274005112538976
0.11453113586940304
0.10587709271222986
0.09868264884393055
0.09322403353215458
0.09236772331160306
0.09350157215020655
0.09729134338672876
0.09967197744460735
0.056394995603374215
0.08739424472064933
0.25094873519144295
0.44037475630457
0.19047387295842522
0.08234075035615995
0.32634662084238203
0.743638851655774
0.5528692125049415
0.0975445619264569
0.1542404584256215
0.21848553578078977
0.004983993435140083
0.09661331111935134
0.19129714481318855
0.19574857758783154
0.24178306748477277
0.28522851412541045
0.437240485266992
0.44689795783438674
0.41553948085030057
0.4906993866804362
0.4330118792428025
0.41128579792408004
0.24381977154258755
0.17424454979406728
0.2711782949644736
0.07140689087393212
0.03758301973082377
0.08048063769536941
0.03902859820147696
0.022188476122048502
0.04552225670005406
0.0390288671230804
0.010559529375135573
0.049545414492490523
0.02236429939469086
0.01226373753762905
0.03817605075654823
0.005910064645816247
0.0040100236177928045
0.01817892096421099
0.009516018519473963
0.010288861323468443
0.009244160231096546
0.0243076922271432
0.027015447937172535
0.05790360092171891
0.04868640965358622
0.07241583799213604
0.1123196132254567
0.09195963247510172
0.049373432003494935
0.14858415173056982
0.05951779360688979
0.03684146682683129
0.08610386562174707
0.02533808402306359
0.09487080159569333
0.028831103919147172
0.05695619427507133
0.08984387103217235
0.028377400189936883
0.012902385556605778
0.018988922152422552
0.03602809748657862
0.17059735294983674
0.18077795474006061
0.19966034212209913
0.41300617982144544
0.3904168106730378
0.32110881617893705
0.4541410299818128
0.4009854914609153
0.35058753645481167
0.21256653976767717
0.17981785888896443
0.16585904964643888
0.05485055986681858
0.040525304376874696
0.0989501802496211
0.007348398110507942
0.0975831200684446
0.25288014501727385
0.35256851395761024
0.4001086224860433
0.3137665090667933
0.3764789947684772
0.7888292906066825
0.28370095510901716
0.40196273124685145
0.11469876331497933
0.020436577644257437
0.09585436915161383
0.12938167418435487
0.14628203285593028
0.16138514615559685
0.1799963458701335
0.18759597260446698
0.16684991012599235
0.11585346935532922
0.07319969233269041
0.0592042320808832
0.05199504291911039
0.04801039910217682
0.04799919778115985
0.052461383182390894
0.047490994910789903
0.015593497743987064
0.0432817336828367
0.0906418140033637
0.10776272030483858
0.11522357022544175
0.1182908408113583
0.12185034223962485
0.12520329994609958
0.12352566213684654
0.09941192754877401
0.02706739289892593
0.13096298005156293
0.3592868248609509
0.00894875303089801
0.10870716545634629
0.29495176086864877
0.37166671258851236
0.2660062180620707
0.25055765076315767
0.29740847561726846
0.3356040084139035
0.292366691585138
0.18785030026786792
0.08663397882813961
0.020508457335139
0.0067188867212439884
0.012922773381540104
0.0036595204174116325
0.017025874610943383
0.046964677845540044
0.0752527700662612
0.09161710238206638
0.08777134052691146
0.07643045996161149
0.043480947422103636
0.04509387860779467
0.17225059490954267
0.2523029190392677
0.24463507636450604
0.16964488081599405
0.17895080301863814
0.2952052063307135
0.2926365616721047
0.2771001844165762
0.13280919288529133
0.044314032836303474
0.1284104744928198
0.5018656691179064
0.02186051214610757
0.10583832075551977
0.16678808584682275
0.19157749651787154
0.19429064765311352
0.17441366623376323
0.14122489587017592
0.11104938737399106
0.09123952418121056
0.07721621639074104
0.06537197975304537
0.056902165930815686
0.04611917896494882
0.02767734594648972
0.03935701956940553
0.12814755182479826
0.25443630230719066
0.47618617284873405
0.2808965058140811
0.21076368509539795
0.17782767691347423
0.16275911536663706
0.137475887187592
0.08204140279941663
0.10990133783925021
0.28666141039328735
0.7091733982364823
0.4876246364862148
0.11151102269237753
0.16945767639686063
0.19291673989013866
0.10918702709681903
0.1948966376462139
0.21239046391769462
0.26191208483237843
0.2716834983692481
0.23845560092033707
0.30348742565004594
0.2866118670633731
0.25482147135957767
0.25530617991763443
0.2417969271620123
0.22608494373254373
0.2504692993972717
0.24280546893357222
0.2364859894643655
0.2836058336842344
0.26914779780285697
0.2651676835565025
0.29919337176191274
0.2706019194931446
0.30692172358352454
0.2559715164409224
0.21916988271550947
0.3901673830713229
0.17367691216617834
0.1390244966571592
0.01905427826905226
0.09002877757567446
0.07251022121956147
0.3310844871367967
0.026193819997042008
0.02663404358704498
0.14307507313190637
0.0067293269713484954
0.0015207984544275167
0.08914609663843995
0.01594656023000393
0.010505557975239319
0.053887546711918935
0.007972186416590758
0.0038916038572715146
0.02103295655020733
0.012473041688665783
0.0148894594020702
0.02086248925544611
0.042651486797614005
0.04006575769215737
0.06989719793408472
0.07481400341183737
0.06632208058116276
0.13936648568395293
0.09847106252693423
0.08879635146159143
0.27551992164273975
0.10267466561770068
0.10530898971434181
0.04765029482429327
0.08721561871047187
0.10390483868737688
0.3077817899894092
0.042563644822164556
0.05811187099093722
0.12200399925851804
0.04793412645388309
0.032058905693608204
0.11279663247077931
0.15561085197738972
0.13409854868590665
0.15050670193457882
0.21829744290730965
0.19034519136854072
0.17760688795470791
0.20429980355985833
0.17540392208998484
0.1669035276173103
0.16507901370782943
0.15151552015531589
0.11191838965197613
0.20144282486074383
0.190776028066844
0.02524198959950716
0.270057461787091
0.2536914875601397
0.32830933777752813
0.28027520314109355
0.258009943787063
0.4770925841679027
0.20605083922760903
0.2005294926808638
0.26375479711720834
0.09133347340489059
0.07317989538850062
0.1589448216073766
0.033657106671797735
0.09876125782789112
0.27679023388565005
0.3488235808936824
0.381860162962085
0.41151842669983807
0.5734502121359666
0.7917449119498454
0.12585886580279015
0.041357388666841716
0.15788515027613326
0.22676017282589872
0.36660754702698517
0.03859522199176138
0.23854895129818873
0.011779136407894963
0.05177174888795957
0.07482281981257523
0.06969665248074865
0.05813593890589724
0.04171157301980817
0.03293640911899336
0.034873110092127894
0.0036626311466183975
0.12159291480447644
0.21584039481296927
0.2111175901690968
0.20209279242108064
0.18284274278142892
0.13627796256970337
0.041492182066282676
0.11427106592217985
0.24222759883483824
0.30615958282989664
0.2337376284489151
0.2244622022258473
0.22277800578521265
0.22342551957149706
0.219593563378872
0.23259239875555085
0.2594455084551825
0.2728768945755399
0.24022085033256074
0.08905494766866033
0.04247053155629448
0.05089500891052339
0.04295565091985145
0.011307105996822869
0.03422821590979347
0.09402301197729311
0.14991124885646312
0.17581059860016698
0.08033343941987624
0.04025523811718914
0.07726923702464736
0.11539093119084284
0.13036014934096268
0.10808820935932233
0.07571091343544684
0.06498586229118779
0.14027423520436566
0.1927709766882193
0.2041581256383479
0.2953094494778659
0.3596092812481958
0.3412169280895418
0.12566084484326107
0.04449629304795549
0.17935355374660863
0.24822195450049933
0.2823536409385364
0.1933310813168924
0.09750750024652878
0.09778090248083733
0.0945987695650907
0.08309226726536341
0.06303792474502068
0.04395272996294296
0.024256403124249058
0.006491876879490648
0.06392612264205677
0.1392606383243084
0.19349922722960305
0.2124502546430098
0.2120894000651606
0.1863014590693794
0.12095230363961956
0.010395065192427472
0.2530664514288599
0.04758244371694319
0.17195792761412795
0.057048203209180956
0.13803314163183503
0.17679866333506808
0.194828001002946
0.20354908056811355
0.21733492506068916
0.22702087601676083
0.21128680159434962
0.1580972888330628
0.07151721671353622
0.0013309375721852965
0.02377832682926559
0.024501238824084934
0.004281066427165175
0.04886781250210063
0.0965086698180439
0.1287933564685862
0.12172872737100926
0.06696544892536783
0.0008593181498319155
0.044233562389659115
0.07598228811355223
0.08712992199486114
0.08074846330834368
0.07534050726922673
0.08824957471275316
0.12236872277230702
0.16037111172613044
0.20367596088801887
0.26129174509173275
0.2781982188573457
0.21807151439742892
0.07348223082606095
0.07139724659420771
0.18639933266852776
0.2474653067927756
0.24820075211268366
0.20465598287670264
0.15812390130527082
0.13712784894511207
0.12084821401035377
0.1006042520399958
0.06760465279262612
0.08895446901543586
0.19188050458692554
0.18496976976733193
0.4497001941614052
0.29117810197331107
0.25766624632528506
0.24254957876781785
0.22665296519920072
0.18360275799171127
0.08825767284720136
0.027103634766306874
0.14098146468441156
0.13071753429364422
0.08464362343748387
0.11934567404738497
0.14621809389211188
0.1682631494011368
0.18177974897523397
0.19335920915787697
0.19714420096499094
0.21661086540585428
0.2927292151402261
0.10964093245921308
0.37075449835587626
0.15838086909218643
0.07486568171064914
0.011246897086727763
0.04341912759819288
0.0925333794488654
0.14992764581419232
0.26449692456403484
0.09673647037719704
0.36330500777802477
0.16773575550029515
0.11042658878024814
0.08340884291427424
0.07144356488639171
0.06571751632293203
0.0350506047726359
0.06960378494741695
0.29025520536676735
0.5214606773837765
0.35324084713864645
0.2667116981399062
0.15924105849418407
0.029286092209051963
0.10392834605246337
0.2106015733491133
0.2865450318176143
0.4004492503254929
0.06776013478627095
0.21685520004592332
0.014020931700548939
0.07644684660878359
0.09300005516439175
0.0898876386028602
0.09041349406808691
0.04880535031202409
0.09458423236309203
0.22000872212386213
0.24105934352336467
0.2465384998710084
0.2280123016204279
0.17958091472053772
0.022213251524593074
0.3176976809216687
0.3946261842243752
0.2917503798877581
0.011532360774516054
0.23144157702504875
0.046205141678613865
0.1280372689416444
0.15042534551187323
0.15184500454810745
0.14462864707442408
0.1362988961340248
0.11133900480961821
0.02962290152833162
0.028819218705618634
0.009290023989427867
0.013981719008183617
0.04625701794017223
0.08343480154740092
0.10742543042616479
0.12142803141765193
0.05595437672428774
0.0150890515367203
0.021965154371992146
0.038151272096378155
0.05414244619295515
0.059490255361026576
0.05439732149361749
0.06425993411447342
0.13643969338150316
0.18655227611625932
0.1464636148837286
0.2873220237961875
0.4827405738205339
0.004932793180109002
0.1711517479536071
0.2780804532347182
0.3132668317353386
0.22247551311045727
0.1237099926642817
0.11955109831011118
0.10956296050098047
0.09041503170856094
0.05391650783444427
0.037349710006865704
0.0684698781764526
0.3582397156793782
0.5592615147044477
0.3802385917898378
0.2762862051365369
0.14176162421154892
0.1689359079382563
0.5146157620375974
0.756566735830271
0.5774176847957849
0.22709271143648355
0.1852947867411638
0.3145692035872704
0.06286007377098
0.08622708990576153
0.13730015269608495
0.042806620711010324
0.11812680982284712
0.036785872807138326
0.0832070516784209
0.1059816941985742
0.04658511487835007
0.1082813324723463
0.10390063014699419
0.06583897971890926
0.11460756054000412
0.09749517760322607
0.08662964810001877
0.11078470948235708
0.08644088920021681
0.10212722935187787
0.100356376491151
0.0616664625605812
0.09091666100720042
0.08623932252827074
0.02493089692246067
0.05232612518319363
0.037484043729599986
0.004438472339708802
0.012447302370546018
0.012888484957946283
0.002957468888497128
0.0503444383917413
0.014354174708237459
0.0017685719683629558
0.03894437128718453
0.005550073116176071
0.016884803620124067
0.003715108973446818
0.037244119794518304
0.04259478370260887
0.04693034488772378
0.07134244216743574
0.06901853450375976
0.10003871251215794
0.10007128705858173
0.09061224874484222
0.13324162357695715
0.12253390682210616
0.09068630582138842
0.12835139154138792
0.08577405206850891
0.08172358192412232
0.08201139477061405
0.022654681140248732
0.06447320895341237
0.03394385402876074
0.005263837388420713
0.03618410826806671
0.017564718100160213
0.024860312316835637
0.009446848054945195
0.012150008416582078
0.04427123863678435
0.015546390510119953
0.017606269780289993
0.04778374300715728
0.028595596998881076
0.034207298924167046
0.04260485701310772
0.03181759404115639
0.08081762406566223
0.0459059569718967
0.05702234386785887
0.1610347765904345
0.08793260015959907
0.07260066886242261
0.22175979588105582
0.12790875797046825
0.06637759878254328
0.5043380023991004
0.1367243498750086
0.20625496616423467
0.5053919420778645
0.4920702913015292
0.5166654902655448
0.5802191414215526
0.6646653696993254
0.8443087483807389
0.15926455506460085
0.08393396384155562
0.2321471807117314
0.2656408264473428
0.2259413437108781
0.1790707050374718
0.1509414273731293
0.12103344631073454
0.08034550793059433
0.03508108070415972
0.008941171461209978
0.06057667090255871
0.20609293983011173
0.28456078026260667
0.21617430691249173
0.05249124306194981
0.1938531237119806
0.3770923842258794
0.39603028898813125
0.27469502852809435
0.15895717810594656
0.08534187317350303
0.0584687080259797
0.05366766949365312
0.1089896446484428
0.2845307386969488
0.014709751143799271
0.23328452127283433
0.03166976567831187
0.2527442200031966
0.40526153899220774
0.15270392177323194
0.027274681279782574
0.09263694743268612
0.26277448803573994
0.04194736932214623
0.2864564683554929
0.0798854159052531
0.017312338273428013
0.017153683996904937
0.03864900461578541
0.06370719325061691
0.08370449095109553
0.04238717984825707
0.142852019451493
0.39559547093615455
0.46431175278262204
0.4197921850312029
0.13134476195239858
0.09004311511359173
0.349618951551978
0.12344446857322129
0.15179442041140445
0.05564307464556066
0.10266840694484064
0.1001479788065453
0.0672339488462667
0.02102580756814972
0.03720238902215724
0.11634123780082689
0.1969595319453507
0.2225776463711331
0.1561367144416162
0.004758290403899967
0.1837059378034167
0.44577224524437076
0.2636750504972142
0.06725326421173317
0.18515376375394063
0.14512763416411778
0.32930230975402053
0.06914149017995838
0.06011842589089489
0.08670963728279937
0.03276091196244674
0.009408737340621476
0.06449265264144965
0.07585694749762244
0.022326948216716158
0.1086679465565575
0.1561405822465937
0.08582849909426678
0.00966201386876961
0.024383046079084203
0.04179854165493145
0.06141576811394857
0.07318123720608052
0.054811375724971384
0.022481818488406274
0.1591225362465531
0.2984742326715686
0.34034136686826644
0.2618692158481841
0.0382381221606313
0.12565688631351415
0.26549768922013955
0.2270003757005151
0.14085596583180476
0.12651336556208592
0.09018248105704774
0.10020039734437869
0.18110128810462425
0.21412307630723146
0.4660158660295836
0.3114075033077629
0.24124750509602846
0.13359477420096652
0.03513417292633156
0.17547610061356284
0.2622190128699581
0.20551667196824996
0.13468768188102062
0.05456369926618515
0.0013037891105724952
0.026567867861124222
0.025491118765418125
0.0005439761056347525
0.030819965355268014
0.048851222474004294
0.028124233869312898
0.03614886728493187
0.09771808191769114
0.1486215950776355
0.24461046783716445
0.1048076221438365
0.3173946654506681
0.08178515157397426
0.001815470137082345
0.07355583582274422
0.18283462018168495
0.1959074464052239
0.4809622530827291
0.3573325127875914
0.29523951745950006
0.16844030994179437
0.02140038337999281
0.17977367601344324
0.37180615585046145
0.06891520294409031
0.22499179478646872
0.005710749985497601
0.052783790279623086
0.0862979524830623
0.09989280967823261
0.0712557238230278
0.39364194770382965
0.5272042998268627
0.2554888620653695
0.05805439573516799
0.08387087241607954
0.14758605012883602
0.13522913042883644
0.09202724500826268
0.04472660494307745
0.013340704989315916
0.004649949524459879
0.0073419440867078245
0.024544043045508057
0.03830597764359078
0.035761164467413814
0.007093245130231074
0.044807040361974845
0.10709812255601693
0.14869591066078078
0.16565674530994082
0.08308046838689462
0.025919450744064695
0.07270987962225
0.09264530933950793
0.056581006031979575
0.09246331968462501
0.21322238430627558
0.18288933725956574
0.07171833634703217
0.09152108517138607
0.20375714889373064
0.28110626923366355
0.20091931819413633
0.09916000648645995
0.08399217970999551
0.052371380360347775
0.035200841302829744
0.03836483335148269
0.1564438516361022
0.16637146853100887
0.06720068894423872
0.05499780210809785
0.2428402867770611
0.07241726130624221
0.3335959906275136
0.13296337195361213
0.08363597609463985
0.008697984322044328
0.1388806331414797
0.20667804198066406
0.40611742870851303
0.17745233145406952
0.06563921115124437
0.02233087067100213
0.08793670184264507
0.12466652400947348
0.1273599171089246
0.10248932799472321
0.08872945654037587
0.09594930850305164
0.12010705727233162
0.1913065026199679
0.24830196239272057
0.46872317659374396
0.2278684105445497
0.06120015703235321
0.09626448895731352
0.198888729076926
0.2350230873312658
0.2596195521745908
0.14192144519712693
0.09691885457138859
0.04687806691813172
0.008236367139969624
0.07429634568935331
0.12579989997708824
0.18502274366974164
0.028733505698221834
0.04766149818498017
0.09428971410801809
0.01365136312229459
0.07173247685833345
0.03830873278520902
0.005015309295028858
0.01623468858947938
0.05996289681725142
0.1043441775260068
0.046690235432650856
0.018871067614823295
0.11100527625784617
0.2752103208646231
0.028918351048841346
0.2690843898675674
0.1222008511475228
0.15087819404075448
0.01473827390935556
0.044561972813312756
