0.16392567645245068
0.1561050480761247
0.016053483088389053
0.020152623154780974
0.005460223277564569
0.0005365267344902003
0.015529838877397006
0.019941459574134457
0.022221607564463675
0.02321153808463549
0.023934508684757085
0.02464685796859665
0.025453629542717765
0.02636974289837951
0.02738758855156631
0.02849678873181677
0.029691580897532543
0.03096964429894808
0.03232787985014382
0.03375807162751693
0.035244191335294106
0.036761828421850884
0.03827939129231839
0.039760363415592415
0.041165917666613094
0.04245739768854137
0.04359840804667975
0.04455643258773023
0.04530400347929528
0.04581948603820584
0.04608755004822126
0.04609938694454323
0.04585271720375353
0.04535162082166949
0.04460621922116645
0.04363224073374533
0.0424475513687112
0.04092160447288254
0.03644061478520472
0.0160092018005627
0.003128086033789501
0.194699990462935
0.22384449579863971
0.044276608641707654
0.04311870521160449
0.01882125376738944
0.012047078918595994
0.034356984720335826
0.03793872409044412
0.03514801627924079
0.027938333366821014
0.06904603041154278
0.2063606090281065
0.15587654340996443
0.3906978490103049
0.16226201506725746
0.0817967230177351
0.043060414606377884
0.027814622694709384
0.020401130608455803
0.01579510097271858
0.011886406509295538
0.007662963681800361
0.0028661300762765074
0.0025052112636994306
0.008354072451991462
0.01455215125280257
0.020970054854294012
0.02748975022509939
0.034008806327186655
0.04044058824540282
0.04671243078688928
0.0527627501491194
0.05853745763705015
0.06398536262082255
0.06913671590292114
0.07461396701706144
0.07891753539986701
0.1197257372387544
0.25217181464786326
0.11959154380469827
0.3524527415912363
0.11130995717664074
0.0617559398081485
0.0668530726533097
0.11491730661245969
0.2443919644572614
0.09296933938172433
0.32012799904164047
0.09023119979464844
0.013452183722092254
0.03763534759331932
0.07693516864242532
0.0784472808785808
0.023820046258846428
0.11475695136114689
0.11350014209022685
0.05498917723636407
0.10288602121064672
0.23130438876923787
0.4280596582738685
0.21167953608645504
0.12559982635860534
0.06444750085335835
0.09195965457954992
0.17775058237607844
0.1683429495505538
0.06859397371604346
0.25074176215194205
0.0784825767514258
0.008432437465401395
0.04055199821186506
0.22108015912566925
0.03821683159284564
0.25454097782252605
0.005741525078186482
0.11255901897210124
0.4867666653386
0.042905461618607726
0.12115605214412084
0.08369363988052297
0.042526369758719845
0.10327164270545633
0.14789603344348984
0.187909061609436
0.1927703594828179
0.10298730251477406
0.022367317568236025
0.03346014282913015
0.04404032930948782
0.04081826882720377
0.00601759793824394
0.05775063981208638
0.1043561502218292
0.09368017935373615
0.058221583233131285
0.04817751902295736
0.12841409400427192
0.18815493980810805
0.14226577635317922
0.04933548670441634
0.22499524798641385
0.35469131146715194
0.6627438709347984
0.5867354303709379
0.025440462800582257
0.12437278278686742
0.17626699779532362
0.07354179577868766
0.08148175853925796
0.0701819802841656
0.012384635005827253
0.0418804188164161
0.07726161384466718
0.04193404857008612
0.09298012588701135
0.1342222892061647
0.10314518023799657
0.07681460236921023
0.16073040720092205
0.08004863523445492
0.07250809500867507
0.08182808258261245
0.025030474573827233
0.0023206971632900586
0.1866412231490889
0.3286230558251371
0.34448614997871496
0.3539428817659649
0.514486946894151
0.7649487902442664
0.07567495634341573
0.04850109638351023
0.10393884058884964
0.12757725556499702
0.1671997420356856
0.2003028673131581
0.21389261153950656
0.19414564372005727
0.14390040714634042
0.09543336675805028
0.06363643117947235
0.0925257190076151
0.1992097520856779
0.18998478065923383
0.4467704335060816
0.26436643934210585
0.19223761869334915
0.15524748230666124
0.15867819093060195
0.10181482339572305
0.029070148709495966
0.4734701680879441
0.056664727986122224
0.16223513380252394
0.30794236543490605
0.35924586838374495
0.2178401347764641
0.15096882001178663
0.12383742777322625
0.1239805804758107
0.10772291511097459
0.0280295387956504
0.15051424072475533
0.28475657637524987
0.29309807866042065
0.08506851506983444
0.12998283958283943
0.49906804678797867
0.07295509310222564
0.17036249213218224
0.2299731333433297
0.26945362460142264
0.37591135021948185
0.032339600232442256
0.2506042056571288
0.02054786080821619
0.05041163286414912
0.03624192956339388
0.09555628436999805
0.21178167647203733
0.22255032408641917
0.1500032983395003
0.025628583633272306
0.19204700431699673
0.1345780224301708
0.8175559432418904
0.38156873806848235
0.15519276063744983
0.20656269744637548
0.14568355899133345
0.145263179546178
0.21434708214409876
0.26799153972262685
0.2789925813000639
0.2694177621366558
0.404565901554959
0.298022317091511
0.26510883111745454
0.11621064597710312
0.21765059820372343
0.20472418644025842
0.20568490836054468
0.15765253445549954
0.16225439560287327
0.023914899833132025
0.13129516659218093
0.1395408318281665
0.09924442339528214
0.12623250852957948
0.12808910908621202
0.2582889938542757
0.10679284297759153
0.10139629231796654
0.0586924376338743
0.019288661794624254
0.01974873955300989
0.35674744598890334
0.13681337155971873
0.1140914313199456
0.2402148704592172
0.24409724440944064
0.19858172410029074
0.22849042788566065
0.2031377378895082
0.1437409439642077
0.16349782465849624
0.07174009644377899
0.15183616533674227
0.07489465350611069
0.35075108308628244
0.3932638813310405
0.5111367628350316
0.738204144131607
0.7797195000904095
0.16499325790217978
0.0769755795757746
0.2284865995856314
0.28618584135176045
0.3025267386590731
0.2064137810364524
0.09418320206337923
0.04939843014008733
0.03353400327922518
0.12764723316378948
0.19285877179399327
0.18931521691179665
0.10977877374446068
0.0010791599375031308
0.0814828989791202
0.1790322565477035
0.2021961374028678
0.2713641176969974
0.27693911703095664
0.19425225122411585
0.13912790966950575
0.17388900690103543
0.19093240200310668
0.18884123836042166
0.2832650593488668
0.4993859905761181
0.3480819606498795
0.22020983389692872
0.1227391554775899
0.24097550760198325
0.2845014466942941
0.06861395766471567
0.20578800352661658
0.24437212569781802
0.19905752287471995
0.11509606512384235
0.09052112061595363
0.12747588094008214
0.301167122125473
0.530675161748323
0.34579661930672434
0.16428026536396986
0.08776754336730364
0.14666526894541335
0.3063553566526521
0.03706276071928111
0.13085166056462055
0.33481989500573744
0.0019357948267028358
0.25204974199633245
0.013093719929024278
0.08101789663428324
0.04746003437181505
0.08728733730624483
0.1760794973032203
0.09259618624300259
0.02048905295427844
0.06879907987109703
0.1557811928604972
0.35748974259547944
0.09547187926639407
0.2120821460498029
0.010370576305480245
0.030159567997943195
0.03277069815242964
0.16113564442209413
0.19493482025297085
0.11059494316500665
0.03306328413414146
0.00879229599231271
0.04059420418993753
0.13217085047969251
0.19111299467195753
0.14087000198109656
0.07674599791267309
0.06397252295272177
0.013355205957185964
0.04986540039147562
0.07254799855778349
0.018745443893994074
0.06616622210742129
0.19056088189421388
0.2603820377574685
0.29620095243496924
0.2124674740366192
0.06378844234176041
0.06388240705610952
0.12542233141900652
0.32732839572765693
0.515536083806736
0.28234236760439585
0.16444977340203343
0.08289998677430654
0.005273695455705163
0.06677930352411388
0.10596223783099507
0.09945232031233978
0.11579961326345876
0.24542326886657473
0.12144433404831156
0.4009596558526223
0.12539082367699117
0.1946623122970245
0.015609380631888131
0.17860921082094278
0.12409463210392309
0.3545104973673941
0.009803759744473103
0.24886963386685823
0.05664655515513181
0.08875644192319694
0.2285593420688528
0.20720225211727533
0.004919610162051363
0.27020827544636256
0.43448021895154343
0.1535458660190481
0.1670212517953887
0.07696812955037638
0.27431455202075095
0.007949368584520219
0.050586179105600815
