0.020815893572159183
0.01934648365880709
0.017894646215779852
0.01646051739042642
0.015043679585318825
0.013643216046996365
0.012257786030844375
0.010885713731114688
0.009525083476673135
0.0081738336912629
0.006829842786866047
0.005491001424445363
0.004155267305633981
0.002820700679140309
0.0014854808581268308
0.0001479060449911529
-0.001193619544265223
-0.0025406060336233827
-0.003894499847379551
-0.005256701397769237
-0.006628573250723857
-0.008011434725002431
-0.009406540539115715
-0.010815043070735997
-0.01223793984167365
-0.013676009786030341
-0.015129743504906146
-0.016599273891760635
-0.018084314104504173
-0.01958410979366354
-0.02109741176234392
-0.022622473887509598
-0.02415707928209243
-0.025698595484138886
-0.027244057112283837
-0.028790272135300388
-0.03033394587420446
-0.03187181527210625
-0.033400784979819464
-0.03491805650809132
0.41155499288229747
-0.03642124212541131
-0.008489575907761893
0.024281928561944
0.23675491136779603
0.023931398247569957
0.18564735483680517
-0.038616643094120495
0.14858548471588495
-0.04043596443228581
0.08887902998848496
-0.0432835183706618
0.026069881077281032
-0.04437935160133932
0.002795415812473445
-0.043709695915877034
-0.008103858370646755
-0.04506972762917738
-0.012606965812796522
-0.04688871846538789
-0.014378497685813674
-0.04876255061375456
-0.014667586803343902
-0.05033687554643873
-0.014049996284043131
-0.05149713970835046
-0.012797665172748385
-0.0522199556287094
-0.01109373304858352
-0.05254212727878449
-0.009097018364131015
-0.05253271155778716
-0.0069588687399217974
-0.052276294118875355
-0.0048169385242720075
-0.05186028790410835
-0.002783376325427689
-0.05136604968382463
-0.0009357224879547044
-0.05086340200034156
0.0006858675441783202
-0.05040819735238866
0.002075136670454114
-0.050042276317518786
0.003252037427571075
-0.0497950279168442
0.004253415505048208
-0.04968577684179687
0.005124153529976638
-0.049726374433390674
0.0059099863969667155
-0.04992358257561835
0.0066524639138472175
-0.05028104217173368
0.0073858220921811935
-0.05080076978982784
0.00813547337938303
-0.051484217876466065
0.008917615970185144
-0.05233297570833684
0.009739539389954643
-0.05334919661271986
0.010600300919851868
-0.05453582686609948
0.01149154043053291
-0.05589669324606816
0.012398286435023831
-0.0574364850244139
0.013299664786136312
-0.059160644531595974
0.01416953461743109
-0.061075158743892466
0.014977079128048132
-0.06318622238410954
0.0156816892402023
-0.06549984683637167
0.015941640398195123
-0.0680315757519212
0.010462109888796922
-0.07101137945706415
-0.02964161226459494
-0.07500691165323392
-0.0871177286947824
-0.07650683880960818
0.20230248669314355
-0.07737075834053997
-0.03423583482224035
-0.06948922764366461
-0.01978788304846746
-0.08140598336994997
-0.025751741745793533
-0.08706006635890973
-0.017864774100061376
-0.0922424195930367
-0.000792574182691741
-0.0956139253413053
-0.005756204812065291
-0.09795196524047878
-0.011600693560114506
-0.10087094368215932
-0.017454317230621297
-0.10382840235761703
-0.023746105130966866
-0.10629945958264697
-0.018815586550855246
-0.018823086068917805
0.0190724991544855
0.08957468559541804
0.1520561901572539
-0.0007657084656079727
0.29013669574973866
-0.01278287429444247
0.000988305448432092
-0.012538420202810041
-0.044770754223625975
-0.009598276127376515
-0.07862148875439212
-0.0067360206864141015
-0.08844389751989135
-0.004113721207909871
-0.09193803911204057
-0.0016347324004456487
-0.09209681254251456
0.00037305461670489315
-0.09114964790575764
0.0019334105049511052
-0.08988982087918673
0.0030904018073116823
-0.08869226495820226
0.0039029420629492773
-0.08770162831993455
0.0044370662534087835
-0.08697139773732321
0.004758839711786589
-0.08651429362768726
0.0049290537555997105
-0.08632791644571625
0.004999922667382917
-0.08640603080214437
0.0050134238620413996
-0.08674379136748589
0.005000752440448508
-0.08733996961359736
0.00498239094960562
-0.08819779248774662
0.004968409737932555
-0.08932515421090792
0.004958750035652493
-0.09073474650009916
0.004943257082876684
-0.09244485340318542
0.005055801507248381
-0.09446536346241474
0.006662714792022628
-0.09672261739824406
0.008402934760168401
-0.0994844977824405
0.007707158570179562
-0.014497104492782076
0.03823024666127628
0.0892026821784091
0.1389403533459992
0.02229861259317345
0.2809834913916893
0.05993056804082375
-0.011512623320796056
0.00695610478940023
-0.06347468461624073
-0.0028596812126560067
-0.10715621712748447
0.001280760728594288
-0.03150054302320349
0.0490814669075581
0.05447072980316747
0.12605008784651606
-0.004043761533737533
0.23308673216336517
-0.018771859564429727
-0.05233154127067996
-0.02371028296577138
-0.09391580914852549
-0.023970462087467337
-0.10047234921189929
-0.02754443165904874
-0.040903894573008026
-0.028465865025358528
0.02068177029499063
-0.020859383581906088
0.04749778057927356
-0.018462928250702282
-0.03990299261757535
-0.016215059747862304
-0.08991117915799585
-0.012754157192450655
-0.0133236737900565
0.017082336045427304
0.0689351218177292
0.20947071540264472
0.04478058802391227
0.2585668754280297
0.024296751388612314
-0.02414387743007529
0.017804607220988755
-0.06988262620654084
0.040921604240759635
-0.10715894228770795
0.30754281210413525
-0.10009054331522793
0.6676473207078388
-0.0037629109610267664
0.01677285075931967
-0.18604606835781978
-0.19594126821046132
0.3889554316034858
0.07313370447528533
0.0632461335482788
-0.11028483697975888
-0.15021167362965349
0.25194646680487676
0.17214337995491613
0.1991659005228945
0.020109875216225648
-0.0408468164538498
-0.060371437446743004
-0.02356482567925211
-0.024443088930743873
-0.08500989264801007
0.01072244509054232
-0.01423510966322572
-0.031237353445389693
-0.09761338261992025
-0.10541162234806356
-0.14327781737999556
0.008731792216539747
0.0016501172980336598
-0.0044351847293238045
-0.11638681479587898
-0.11269587400978542
-0.07578195559146161
0.08867747029799333
0.0163232581712216
-0.01189072800986124
0.20689559238950572
0.19376217286754094
0.0007183576653155832
0.12053604970628551
0.009296943780411793
0.006653603459517932
-0.0014427973466422106
0.28437513850048224
0.12168786784122387
0.1732346735878314
0.004364267183903703
-0.04626002803626572
-0.16030601189283056
-0.025845805754979967
-0.045011555415108484
-0.09833292995313969
-0.3374699649637728
-0.15505564413331396
-0.1649134200670741
-0.07899540608515387
-0.04449970904054923
-0.07668503240124191
0.45051375710342123
0.16050974482282432
0.21795156958804096
-0.027878123452824255
0.09550827168906828
0.03051561324036922
0.046431765941202574
0.055430519943697965
0.03367916723946918
-0.03398850584276558
0.010095131185161144
-0.07798895053435873
0.004125777696510902
-0.08876058789344743
0.0011450698240778046
-0.04364975202085941
-0.0029104444971947974
-0.0014641580020592349
-0.021593997338765325
0.007318713477736161
-0.025168222258820316
-0.08210173132255294
-0.029529702102376487
-0.1194320831050868
-0.032380004742810775
-0.12267172632500101
-0.03469710439434692
-0.0946171346661735
-0.033617619477231075
-0.06974330444778154
-0.02664809116566813
-0.06988807732311342
-0.021316548055351325
-0.09302821684491414
-0.019199705865263095
-0.08941777729129974
-0.017063490048361496
-0.03416135207625248
-0.010305773787741668
0.01982399409099256
0.01732416677482207
0.04272996916828431
0.021689073543647464
-0.042699947963901086
0.055481821869451275
-0.09355765402235938
0.14142549134109772
-0.12338905467302164
0.15222041434314582
-0.09803701305656298
0.20476548570301478
-0.01348460055810441
-0.18088393462607577
0.05941874913518297
-0.11183279520451728
0.012659309679565967
-0.06591036250062254
-0.08265579215819407
-0.01764387636991882
-0.10974524544549658
0.008732875249404692
-0.07423401452808198
-0.002778181339491592
-0.035836671361300976
-0.12327081648374172
-0.026855263719769096
-0.19912446837120168
-0.0949416876246848
-0.1897450198063737
-0.08348576528573093
0.2007421164023182
-0.05479455370259623
0.14753139366290413
-0.06673000377805882
0.10333843862359582
-0.04613587040140121
0.06220150013314285
-0.04637968340648846
0.03908575487236643
-0.0792477075583029
0.018640490028343004
-0.10141115593453787
0.006327728585577619
-0.10286712710596235
-0.006018068136341537
-0.0858122674445323
-0.018991652803595938
-0.07821340051358239
-0.030633917349071504
-0.09568282036663878
-0.03510218938015297
-0.13887615950188237
-0.04889426943077102
-0.16418377440663
-0.044336824894353644
-0.08026156930640105
-0.023506755084902187
0.03209793543234474
0.13545603493498914
-0.014025877308204038
0.23646667411232358
-0.03232535877920939
-0.038536489474735425
-0.032927977237490635
-0.06299661577228388
-0.024908242072875897
-0.06029315496181287
-0.01012662247838425
-0.044039102313193634
0.19414810378807834
-0.07234989934582137
0.6415049140944071
-0.0888033048222302
-0.05007657092478213
-0.19187631221193757
-0.19893606192296298
0.2104416701991414
0.09897308932870663
-0.10085323892915188
-0.1520474364227027
-0.14963169192434234
-0.17297341295181667
-0.19712253806894542
0.05992502318478987
-0.013520881242546023
-0.06353859272273521
-0.13935955999337368
-0.1610414008732558
-0.18645887970578645
0.03346555837084142
0.012167159351692325
-0.048905997970914994
-0.07320037743093644
-0.1119989468873801
-0.15763704908351883
-0.042338249546069906
-0.0189459821061293
-0.029147242762196823
-0.029068380060975896
-0.0924893834432865
-0.14084657752405105
-0.0363251941739432
-0.023636082635311695
-0.021565434695598018
-0.0571649870646348
-0.12171192052949054
-0.16269116421258134
-0.02359946630976606
-0.01765206198142011
-0.01939982202009327
-0.11350782294565964
-0.15660003917922027
-0.19835139856065764
-0.005052007056270735
-0.009240186711497622
-0.01591224749287301
-0.13213204227082198
-0.1632078483949695
-0.20515241388983196
-0.002210287016352286
-0.00493455531704079
-0.017330625517294473
-0.11154805225154907
-0.14686025264356484
-0.19018209145597265
-0.01642227539985741
-0.012489426208901033
-0.023866607494469894
-0.08772224368439896
-0.1330896491829534
-0.1812415112356901
-0.0491617169852091
-0.03669472698233567
-0.022945644061888704
-0.09459749211578405
-0.15366406411824407
-0.19318192273927148
-0.0532675024035808
-0.046907085766053846
-0.016130435967667944
-0.13022443568365838
-0.17412109747207816
-0.21919489937822867
-0.026345473005667697
-0.027324542048433376
-0.001530639891063501
-0.1267890087199025
-0.17192260044387653
-0.2201662806296567
0.04932726881359906
0.0284696773606663
-0.006877122290438686
-0.11910023074642107
-0.1716719440361002
-0.21886333148659665
0.04543961549183062
-0.008658463820861884
-0.16192447277162003
-0.11735271967303706
-0.1602587259365309
-0.183947464198861
-0.31115961935386793
-0.13525515771881058
-0.153336621600212
-0.04897375566306472
-0.06553447113521982
-0.11933884970478581
0.48709386110174213
0.09293284236328159
0.23412197847053773
-0.16001037667440698
0.1090563347707032
-0.1595147347643695
0.057975198962730845
-0.14359762590978975
0.026842639816635705
-0.06561882231593508
0.05511339757731526
0.031670511981895855
0.029252815849919234
-0.0677680181048611
0.19312898488386798
-0.05940088896542306
-0.07507158060477659
-0.06562145375616102
-0.06008411969005345
-0.0676161919034064
-0.026942293348114266
-0.05463791443281851
-0.0008068165893948542
-0.049224102177416795
-0.07422057770251489
-0.04441324707330552
-0.09954885840024819
0.019749419893092313
-0.021351980036216522
0.23600185415959207
0.048827023020031834
0.4027627004121972
0.26657796905030473
0.20918255367672267
-0.1215020332696698
-0.07025340208536823
-0.06116429567590442
-0.16719113181559098
0.00320122006349588
-0.09883746036611507
0.06637036773591576
-0.022986186315143264
-0.02409829804637953
-0.08000876248547395
0.1151929464452226
-0.06978969072953678
-0.15061757970964984
-0.043248040274156296
-0.07729515548176757
-0.018421434289527916
-0.04069840912078693
0.02576966038235562
-0.09329277799646274
0.10983388195840327
-0.08342034671351217
-0.1672140511941701
-0.05134201385089798
-0.2173858641931733
-0.14584962156005654
-0.1337525784542255
-0.2397317547078922
-0.01937216007744702
0.1724694122421937
0.30130794376067715
0.19672104767978316
0.19668985162834818
-0.12121085734906867
0.11979460590778457
-0.15340987405457152
0.06062859306689172
-0.1450130764693267
0.029470301080640082
-0.08810480635073747
-0.01120663744879069
-0.03997902972227041
-0.07240798873529175
-0.027236469634353222
-0.08452123722385974
-0.09797084503066533
-0.08468722801442419
-0.11018989679366875
-0.08875364671199959
-0.10894778131870386
-0.07127653451245752
-0.11191058048455249
-0.050934281560496064
-0.12656345450136097
-0.00470052302327395
-0.11479759609647999
0.0629322845036544
-0.06722420797188433
0.12801540204969952
-0.03492576864926067
0.10509413342916396
-0.03648263061612722
-0.004151186265040074
-0.12370718236711542
-0.00851404766013275
-0.15175438002869468
-0.014321106678033102
-0.11830861735257892
-0.01157338562474508
-0.08269747706177011
-0.0364913183454727
-0.07177236315492252
-0.0211537578092571
-0.12233447931069019
-0.032583167061004614
-0.09171889682127465
-0.03890436272498965
-0.022225497130643257
-0.079230705952411
0.07838486534073419
0.13839205610995098
-0.06024200410331748
0.1566953231191266
-0.11922389920746157
-0.03520499717009418
-0.039047693043453235
0.057265768771955106
0.18568165842858586
0.12035114405575253
0.3863940112609592
0.14880841218972618
0.20813490514615984
0.07601840652161518
-0.061305082330572525
0.024664732773003184
-0.08579182036263244
-0.021942187002587543
-0.1043411160271226
-0.07152772980996747
-0.1273731822730677
-0.11383897385456665
-0.1621001270323621
-0.12068775923857977
-0.09604794036203657
-0.11067204973168632
-0.005383589872165251
0.13134094178323874
-0.007966199709769306
0.15881725064339847
0.01576911633043543
-0.07307752349869379
0.06525433525234314
0.02230516244218217
0.14714904942386609
0.07047550364572963
0.2768677914715836
0.08234149199519858
0.19276653513188147
0.041333952844691435
-0.08966495053872658
0.017672254876917926
0.0009360877439037463
0.058658871830010506
0.06199114833188113
0.05743902394577294
-0.05160737495395917
0.2469566961065064
-0.0436239587357613
-0.008683698856865263
-0.05056538424962853
-0.00501676296250575
-0.07283785563121992
0.002972146659174779
-0.07370079462673584
0.004350140934888058
-0.03413742501479078
-0.027476502124920033
0.022913639443834732
0.002913810866083555
0.11734061661161288
0.016000538880762694
0.13238243137908
-0.020869498412306564
0.08443906527880651
0.01356358588790707
0.09436408890231363
0.05148326138156256
0.01747310786546774
-0.09356067329001672
0.19314366523996407
-0.10463830171505406
-0.0891138911245406
-0.1218861825712354
-0.0921873292563985
-0.10593449553886303
-0.07276629992074057
-0.041317028764566555
-0.04360405626591035
-0.0007913383431895626
-0.07389416232157875
0.04671821975803114
-0.036928397489387255
0.07402856218891296
-0.016965746047659547
0.06527289937205705
-0.014928756683231681
0.042431400740664316
-0.07019168598203018
0.03714620310654526
-0.03345613018576632
0.019091503162239842
0.004967444844249158
-0.024177319348920312
0.02926592292171204
-0.0469099113587248
-0.03352801675133965
-0.0644031220884036
-0.0507387218319606
-0.0699875559257448
-0.06161012640008301
-0.05061801600824345
-0.06919200428390726
0.0012991564015516488
-0.07652721217403058
0.05198786282096579
-0.0725471810648699
0.07965910612244986
-0.06991612435255645
0.058251385638440345
-0.06464321304402632
0.053441609161314796
-0.03356747663234816
0.0065799289626629065
-0.022263854388880233
-0.08828791299160499
-0.04135827847445528
-0.13231908307394846
-0.1280265266783538
-0.12827169226684076
-0.056651069680210164
-0.10009238197276404
0.04179896887466672
0.1806165835325686
0.022958485083378388
0.25293288883426834
0.039291094460946585
-0.010746202756243162
0.056627845128091936
-0.048887044301517024
0.05912286420754409
-0.08698215748057536
0.05198021959129351
-0.10516209803110699
0.04346894675801094
-0.09282024311729242
0.02964568425529235
-0.07795402451665501
0.010269407372450079
-0.08201658286486846
-0.006755963136622745
-0.008595616311433574
0.025072628185413448
0.10060422078223041
0.12826909149109
0.030749633646650842
0.17257074991400767
0.051763057946182744
0.10762611841117131
0.177076499934107
0.14002942717266853
0.1913145181069369
0.07910839810302273
0.20543237235672884
0.013405941267881971
0.12897361716283795
0.007922749934893725
0.12778602696206676
0.00030485753464981613
-0.022795102701106407
0.29192754788526587
-0.022749086441761435
0.0018814874211054988
-0.014846032786493879
0.008927977874267023
-0.006892386043051868
0.006844542130694187
0.01153607195568429
0.033705211532683244
0.05496392183095922
0.08887655329708655
0.28297470486242515
0.12198666505971234
0.1407894347334564
0.04731721073696482
0.09679193766429717
0.08344742614315703
0.1321040943684284
0.14830713932753614
0.013336060240655367
0.36981488863357925
-0.00018286074711393319
0.1454928322489566
0.0053891964009227245
0.0720424847043688
