0.020815893572159183
0.01934648365880709
0.01789464621577963
0.016460517390426643
0.015043679585318825
0.013643216046995477
0.012257786030845264
0.010885713731114688
0.009525083476673135
0.0081738336912629
0.006829842786866047
0.005491001424443587
0.004155267305635313
0.002820700679140309
0.0014854808581268308
0.0001479060449911529
-0.0011936195442684427
-0.002540606033620274
-0.003894499847379551
-0.005256701397769237
-0.006628573250723857
-0.008011434725002431
-0.009406540539115715
-0.010815043070738772
-0.012237939841670875
-0.013676009786030341
-0.015129743504906146
-0.016599273891760635
-0.01808431410451028
-0.019584109793657434
-0.02109741176234392
-0.022622473887509598
-0.02415707928209243
-0.02569859548414455
-0.027244057112278064
-0.028790272135300388
-0.03033394587420446
-0.03187181527210625
-0.033400784979824905
-0.03491805650808577
0.03796029364383546
0.03621568493316252
0.03449430676223608
0.032796223827799675
0.031120661842042985
0.029466109221183423
0.0278304523379842
0.026211130357306267
0.024605294794182386
0.023009959625857945
0.02142212994083903
0.019838900450285246
0.018257519325375116
0.016675417283053662
0.015090206118060445
0.013499654493967617
0.011901651361313492
0.010294168588453001
0.00867523414354432
0.007042925490816643
0.005395389958479324
0.003730895034278925
0.0020479072846675273
0.0003451943633965282
-0.001378059135865639
-0.0031221339894390576
-0.004886670300985441
-0.006670586597015027
-0.008472036048033926
-0.0102884089221833
-0.012116386394939616
-0.013952046153428821
-0.015791015322032975
-0.017628661608142027
-0.019460309706438195
-0.02128146732224767
-0.023088043971259187
0.027362516831696437
0.025401191114513777
0.0234680387453452
0.021563016576857885
0.019684968537266867
0.0178317802689536
0.016000579607569954
0.014187960209239625
0.012390204940436522
0.010603487685737267
0.008824036683759306
0.0070482487649730086
0.005272751122063379
0.0034944145726865106
0.0017103287609008255
-0.00008224541220069881
-0.001885928222208788
-0.0037032604325146767
-0.005536713938278037
-0.007388662838875737
-0.009261310272047796
-0.011156573378297896
-0.013075935696682195
-0.01502028223299634
-0.016989736616719986
-0.018983521615900223
-0.020999863529615914
-0.023035957658075867
-0.02508800650111387
-0.027151335163892676
-0.029220580461028156
-0.031289942319330244
-0.03335347919884257
-0.03540542419301318
-0.03744049584031073
0.04557383475583965
0.04324999564012355
0.04096301031736682
0.03871252087948274
0.03649650341763522
0.03431154881446874
0.032153213113051526
0.030016391961058764
0.02789567479853794
0.025785641674806126
0.02368107761447935
0.021577094407575714
0.019469165297069546
0.01735309195682344
0.015224933356651205
0.013080931139940022
0.01091746530998905
0.008731067525844516
0.006518508175187954
0.004276959336475983
0.0020042209115247456
-0.00030101613439958985
-0.0026389052941470093
-0.005008219400253311
-0.007406204301757424
-0.009828543742559148
-0.012269455810329122
-0.01472192585191412
-0.017178063912074437
-0.01962955883839157
-0.022068188399628208
-0.02448633688927737
0.03329563374852329
0.030709549914879508
0.02816710194376415
0.025667567572580152
0.02320807497779409
0.020784009202017728
0.018389505538799478
0.016017960003242404
0.013662492161322204
0.011316310504813076
0.008972952445085225
0.006626395998732493
0.004271064083420484
0.0019017610574727506
-0.0004864083227298366
-0.0028980866201232525
-0.005337636246225519
-0.007809012091582357
-0.010315531783029463
-0.0128595645449614
-0.015442180240390124
-0.018062814311572417
-0.020719009485660966
-0.02340629016777218
-0.026118210951031395
-0.02884659869824957
-0.03158198147561109
-0.03431417122915614
-0.03703294457150752
-0.03972875092719552
0.05710972009143056
0.054027477582518024
0.05100221516342529
0.04803224401254913
0.045112645735137846
0.042236004056795506
0.039393252994532
0.03657450452218347
0.03376974111404207
0.030969301005441263
0.028164137136896583
0.025345883317481332
0.02250680238388636
0.01963971286094912
0.016737988824716332
0.013795703199261267
0.010807943104571116
0.007771276121856907
0.004684299099770639
0.0015481665181003024
-0.001633018953627774
-0.004852061640685079
-0.00809884961724372
-0.01136087963103849
-0.014624099428307558
-0.017873981866282418
-0.0210967032612146
0.04724602314352877
0.043802656628557646
0.040426449055492863
0.03711467029016413
0.03386041050832489
0.030653626405751977
0.02748231614719243
0.024333620071716577
0.021194693166800782
0.018053273356226196
0.014897956991258177
0.01171826849643498
0.00850465732426997
0.005248562105129917
0.001942648646141798
-0.001418735708073049
-0.004838927548037608
-0.008318242447944213
-0.01185335922813735
-0.01543696630903657
-0.01905781502843329
-0.022701260356793762
-0.026350281708174772
-0.029986884079933773
-0.03359370254259786
0.039094937398542084
0.03521715398321268
0.03141908456326448
0.027696392910947054
0.024039251328165534
0.020433856661439265
0.01686407753270802
0.013312934125701448
0.009763713216156766
0.006200660287849491
0.002609326982062843
-0.001023252085106674
-0.004708349028424097
-0.008455136396965268
-0.01227002129029775
-0.01615578237749471
-0.020110687892449297
-0.024127843057606846
-0.02819501809880187
-0.03229513875092049
-0.036407494855732914
-0.040509569653908395
-0.044579250680921056
0.033344872869785824
0.028935242076677303
0.024621241986125586
0.020395949123307222
0.01624507274254361
0.01214921102586164
0.008086220143635359
0.004033258857401911
-0.00003172533898143648
-0.004129062210786016
-0.00827677478483202
-0.012490054423591301
-0.016780546319796863
-0.021155349586046368
-0.02561584213723689
-0.030156625037692786
-0.034764976139295634
-0.03942116951419916
-0.04409985712486786
-0.0487724645524763
-0.05341029334498959
0.030956254800321936
0.025868868397385558
0.02089824329163248
0.016033080354585838
0.011251904471479612
0.0065265786033590345
0.0018258664381725076
-0.002881595982836549
-0.007625156678132683
-0.012430672205833826
-0.01731930659315828
-0.02230622314278541
-0.027399023923924237
-0.03259613969340247
-0.037885674923350265
-0.04324532845588669
-0.048643871571679265
-0.05404430137210203
-0.05940831556397941
0.033082244785357595
0.02761484712070139
0.02227841861756108
0.017054721703134046
0.011912542697153583
0.006812954089725487
0.013606368243664235
-0.005132834993337498
-0.010559022130247842
-0.015852023796152803
-0.021031626025597494
-0.02613355848708543
-0.031203926384199887
-0.03629191613578753
-0.04144246508863303
-0.046690418044841975
-0.05205705110316916
-0.03642124212541131
-0.024876546128700605
-0.039454177815289926
-0.026877469870068893
-0.04239337200819515
-0.02428027747513828
-0.03715558814671582
-0.04859708878204816
-0.057987825263804416
-0.06470133790004695
0.41155499288229747
0.34838004159159963
0.29193751611943064
0.24458639583876973
0.20845301831946483
0.1852403112690002
0.17605826977271266
0.169598025004297
0.1111968691657641
0.06526177043900461
0.033421262620924486
0.017012478739452552
0.016878709739291065
0.033200328026652626
0.06542799027623936
0.1123442351292443
0.17222329904288913
0.24302166469667386
0.32254351485782773
0.40855888867676304
0.4423894377245836
0.48077362879099184
0.5256131297587843
0.5745485342720096
0.6251956394333167
0.6752736201674887
0.7227011267604033
0.7656648055123458
0.8026666542207117
0.8325563342747588
0.8545536496770345
0.8682608091542541
0.8736676428350023
0.871149248166017
0.8463228582577953
0.7968557376425132
0.740821857624097
0.6792840162412146
0.6136204553074269
0.5454992674589616
0.4768450029373046
0.40979374779126454
0.34075228534326696
0.27664246970248474
0.21989805045788668
0.17274103239152505
0.13703328210548427
0.11414009547494341
0.10484123597315276
0.10932087018322134
0.12724315699789424
0.10337182956342583
0.08669910242787626
0.08364821945375711
0.09458037249176798
0.1193122701964342
0.15704740608933165
0.2063964437296386
0.26547607484063573
0.33204958011198427
0.403673962278029
0.4778312177648565
0.5520362271741943
0.6239230609530644
0.6913147494410294
0.7522811913269281
0.8051882071466192
0.8487377237889882
0.865040960755838
0.8664298795403045
0.8579047665583459
0.8390567940213229
0.8098981923434514
0.7708561006395331
0.7227560986621522
0.6667964889198357
0.604514106279689
0.5377420207255836
0.4685588412670767
0.39922835000708057
0.3293710696255341
0.26906485546380776
0.22168067501154365
0.19006488441957448
0.17618705867254336
0.1807536319572216
0.11294974893791232
0.0611175320045374
0.0276125438475594
0.014256815754503771
0.021960928703653737
0.05046091201149805
0.09830899555177997
0.16311491749060725
0.24190299104052282
0.33143964998159725
0.40394677266262047
0.43751328429945957
0.48093040067269355
0.530928439496267
0.584091498945496
0.6371232547444339
0.6870442558245311
0.7313267048316672
0.7679819094883449
0.7956142934741983
0.8134519562798594
0.8213588359529438
0.8198294581292835
0.7859760580189028
0.7294680312532495
0.665702401733927
0.5963641108991067
0.5236283057260391
0.450102247824427
0.37874433060445334
0.30539073586500654
0.23919501070125682
0.18354763700086507
0.14137525582942523
0.11487159931189161
0.10530005846231116
0.11294505191635973
0.12681723338504103
0.09607624032779594
0.081683249524517
0.08447349240301238
0.10448631803406494
0.1407942242227287
0.19150348542385265
0.25391854745494724
0.32480307458965396
0.40065371390581395
0.47793683762188643
0.5532751493984707
0.6235912571190467
0.6862199218208036
0.7389980833833891
0.7734524823207609
0.7756887181128991
0.7669203557792752
0.7464237930421196
0.71414681367828
0.6706991860069866
0.6173202228714298
0.5558262545861203
0.4885398346421592
0.41820092782503027
0.3478580548338184
0.2784185228315863
0.2227937373112221
0.18546799721797402
0.16974367347525843
0.17719820323652513
0.1129586784551837
0.05539714224919945
0.021352498205655213
0.013216423748325212
0.03165434210725815
0.07528720735610617
0.14095998863777415
0.22439444458599378
0.3208629097538067
0.3696036632889772
0.40023273730766684
0.441755821858282
0.4896025278718059
0.5392065672793449
0.5864380028883023
0.6278953912150542
0.6610831754651874
0.6845031866368221
0.6976922059824529
0.7012112206753165
0.6596629937199778
0.5973176816655683
0.528566434831147
0.45600501073168953
0.38297190475380627
0.3134000830999466
0.2430973405559751
0.18312612672486628
0.1379615261331968
0.11108878448448811
0.10457294827423635
0.11889414214695315
0.11989879821831129
0.08798854496859532
0.07638904573119154
0.08571642715931516
0.11509780389152335
0.16209350020462732
0.22295719687303883
0.29312033785209324
0.3677081953900665
0.44197217125895394
0.5116133606623667
0.5730172325886538
0.6234273955780347
0.6395437340983257
0.6287263594898005
0.6060326851936939
0.5711835890745343
0.5249576023582585
0.46913434316119584
0.4063890305570943
0.34014198425298425
0.27436084692303586
0.20906350721432743
0.155478342403375
0.11839443480124423
0.10130722832726136
0.10595334308500037
0.13223512108135171
0.09761062386813624
0.07465072641288506
0.07366859525308067
0.09426884020913584
0.13419889723642586
0.1895692701220415
0.255413798665016
0.3263454834883288
0.3971230660658933
0.4630739705187388
0.5203930144128992
0.5663551306981378
0.56108389098108
0.5422701796904197
0.5118896354881246
0.470263563093154
0.4189347528269254
0.3605567578037405
0.2987148930500856
0.23767818395534124
0.17806727953557022
0.13183980573252607
0.10407745766145116
0.09816667594619966
0.11532652982277658
0.1153561033784285
0.0796600103999634
0.0668910260760911
0.07733942156383389
0.10910473478897664
0.15822771452450723
0.21931899303742286
0.28639748383052743
0.3536458915008811
0.4159743596786989
0.46940691043049365
0.4973336560054462
0.4808751258374868
0.4540569468879099
0.4165361989360501
0.369458862384904
0.3153615048277989
0.257964660350271
0.20186087874966896
0.14858964200123648
0.11081680541562755
0.09388382431303577
0.10088906987893997
0.13226289146214665
0.09115072778590094
0.06488344012472624
0.06365021789768588
0.08615892744103615
0.12849485025900975
0.18480057823326712
0.24835912925456682
0.3126287651332924
0.3720157176494907
0.42238569783363067
0.4252912620577358
0.4005760870227799
0.3662697746696657
0.32288925669041557
0.2727118532975612
0.2195521411246475
0.16836907899096532
0.11683747234824127
0.08416415970068725
0.07586616504892385
0.09433494564342171
0.09508030152813296
0.047975235157085905
0.02719758782136572
0.09381301434495537
0.09324955254195544
0.10475884277438818
0.12583113903935628
0.15394938348997167
0.1868312597976325
0.22283381681283343
0.20108836455449497
0.15807496411328392
0.1191653115422806
0.08566481213801747
0.05900650433273236
