0.04436626731806276
0.10264315094416462
0.16607480250592652
0.233678113061852
0.30366425971128835
0.3735719311978225
0.0074684992651617155
0.4047841914898418
0.3502131381688553
0.2860079950024806
0.21336138198558469
0.13479360136956486
0.053877186906182456
0.02546317883538382
0.09979819765939274
0.16680477020587953
0.2254348374874656
0.27571251564309107
0.31836851954061385
0.03683907757161853
0.303771573219191
0.24101696663606603
0.1815480237159049
0.12594234765750512
0.0743344162811554
0.026530250366274655
0.01788069629358384
0.05943525289040655
0.09873199388918732
0.1363887976308173
0.17301609408246482
0.20919928196977028
0.24548467490242726
0.026706461946217314
0.22677825174868324
0.19531831557277962
0.16274299186394778
0.12831840678361042
0.09125631587308719
0.0507487040845237
0.037952315150422355
0.07923627862527255
0.12516825399163353
0.17542516417454307
0.2290552418150278
0.28445568911064323
0.33952765136246654
0.3920057395453549
0.4398619491080325
0.026268371150728963
0.39904740174369313
0.3467921260988196
0.2896315793090218
0.22983311818846058
0.16987407218172024
0.11199967393789276
0.05788618004263113
0.008506211048934176
0.03581782499977629
0.07525430395838745
0.11028138604307164
0.14153569979885622
0.16970764064662475
0.19547957258460605
0.21949557652098356
0.24235113925417762
0.01691761718966248
0.24694478340147005
0.22026073916014588
0.19535787817542616
0.17178775516513212
0.1490511845355364
0.12660049522551556
0.10383921262031767
0.08012240280069258
0.054761939384036035
0.02704252949372879
0.05154375788412732
0.11990399411192033
0.19465566360599723
0.27386264591736176
0.3543077291301042
0.004407091368062777
0.4115302761015704
0.34873733844852584
0.27342908214439166
0.1876115135456924
0.09545765103363249
0.002564041579195077
0.0855373972861265
0.1648013908318312
0.2332863301242428
0.29090721686029913
0.07853069305033362
0.344285125731914
0.270278369076511
0.1997085667550126
0.13382096044421296
0.07305546648002832
0.017240274827660565
0.034194119520265354
0.08203858964453287
0.12718189096293625
0.1705321411067106
0.21296781719371444
0.2553029607300349
0.03646769795208202
0.22286609391549772
0.185495810086665
0.14624142613918517
0.10398613273893376
0.057569407163136355
0.04485281719008091
0.09450555165916345
0.1499903234831077
0.21039249101195232
0.2737288452208215
0.33711915678650456
0.3973260165114166
0.015016175609228272
0.43239094374083015
0.3767174489028043
0.31338571945137156
0.24524826417860832
0.17580743242828262
0.10843366704807149
0.04568261726174127
0.01101217652290747
0.061260054500098464
0.10542213626390423
0.14429228707099495
0.17885017461671182
0.2101077594829785
0.23903114618346671
0.03583212167312409
0.27101398844124963
0.2380473041099742
0.207477931765696
0.17866005662198742
0.15084437356836394
0.12319035456092345
0.09477414856275748
0.06460151562199655
0.03163838135832092
0.06235597326429121
0.14643012873752248
0.23742086945294075
0.33129135963968614
0.4224316795833922
0.07081363395144769
0.34654838773594704
0.25570154531980505
0.15212327819692179
0.04273446526665166
0.06398399863821896
0.16089615045483438
0.24412768087114334
0.3130820377875291
0.05307044149061027
0.3209311223946052
0.23514219289220498
0.1539528361846364
0.07879297371037036
0.009883461007211727
0.05338790911092567
0.11210360930236292
0.16754637893120694
0.22102051887109297
0.27373181799476043
0.045041883239692285
0.22786539297916591
0.17957126060032513
0.12777273208612594
0.07082889630228525
0.055255483061140816
0.11826513931438801
0.1879129481091714
0.261834648346451
0.3361309467340696
0.4062393677800903
0.0009548122487908796
0.41616179534527026
0.3466925392579778
0.26883473628021587
0.18724036191058813
0.10693406010894348
0.03195143259164401
0.03541837600115501
0.0945937329067919
0.14619736051474622
0.1914942794147104
0.23197987025243438
0.26914545107830695
0.0166740871508229
0.27432611776804056
0.2342984095279718
0.1964157857750393
0.15955328786971607
0.1223945234572181
0.08348437532670824
0.041307566044924006
0.061110199153108946
0.13054407280970134
0.20641718349164592
0.28550085132086783
0.3630387529142096
0.4340565886534315
0.03799495907279548
0.3726166765715088
0.29284180784513875
0.20695857053502523
0.12066247719697709
0.03899388697049902
0.03488647102438208
0.09990934717741004
0.15657918092661377
0.20627619003209696
0.2507133947303014
0.2916178486851135
0.005832492653668697
0.2639277758580174
0.22040016993170053
0.17833958608131797
0.13629025584338966
0.0925995436700788
0.04554101486080425
0.06808890387976876
0.14500439429734774
0.22783382751894343
0.31228189961512154
0.39271802493698693
0.00015409746003006847
0.4008041103179422
0.31964416523551253
0.22953978617473697
0.13673164854399963
0.04741212020555996
0.034115592082755164
0.10607988055913964
0.16877442253987052
0.22369607644493103
0.2728190535453281
0.02984886525069161
0.300212924930692
0.24986964923464103
0.2014429098204801
0.1533830367452437
0.10383280975828488
0.05082322846356363
0.07646195144376403
0.16234444971204975
0.253160774416062
0.34329470315586075
0.42627866138325005
0.045682570734953215
0.35054747951253606
0.2561796835818291
0.15606744322775
0.0577202297239125
0.033033608380703294
0.1134022779547399
0.183337897028018
0.2444682011291994
0.2991011096087207
0.002857617936495291
0.28606546987651826
0.22988946456567322
0.1744543179198989
0.1177223077446321
0.057451621267011393
0.08428527851601245
0.18202139785852356
0.28386667885997546
0.38226634764148526
0.0006746463962596602
0.3968814596796602
0.2988809596860381
0.1526474489310799
0.08772340193544897
0.010678810112246251
0.10619410820440828
0.1963760279841921
0.27996155072437234
0.3566248634654715
0.02599003420503561
0.31663607300175667
0.2391337919121933
0.15740042135062945
0.07167144284678609
0.006030916694163058
0.0037437837293588794
0.005896451863275615
0.005124558019669559
0.007240452003958707
0.005569704711328768
0.006485534133356369
0.007436766897206459
0.008371632510529442
