0.026030614419836062
0.025087149110979978
0.024152316034199567
0.023226191845549943
0.022308679167460377
0.021399516254900636
0.020498291213950637
0.019604459933525997
0.01871736674685126
0.01783626675325861
0.016960348707380224
0.016088757421503508
0.015220614724877901
0.014355038173523293
0.013491156895902856
0.012628124181012779
0.011765126651690078
0.010901390102921321
0.01003618230706771
0.009168813282127986
0.008298633673243516
0.0074250320023022676
0.006547431589646602
0.00566528794296306
0.004778087341681114
0.003885347226779412
0.0029866188414426342
0.0020814923706000132
0.0011696046077978861
0.00025064895208051774
-0.000675612681397264
-0.0016093366488177663
-0.0025505838371950307
-0.0034993062841588707
-0.004455335107640401
-0.005418370696658736
-0.006387976055214906
-0.007363574074744222
-0.008344449340608046
-0.009329754865527451
-0.010318523898974752
-0.011309686698898203
-0.012302091888416328
-0.013294531767510664
-0.014285770725735725
-0.015274575718359773
-0.016259747637073912
-0.01724015233447035
-0.01821475005628695
-0.01918262209400931
0.41214693096666116
-0.020142993594080005
-0.006932408219479658
0.048613513705716704
0.028318916584406106
-0.006900866602944644
0.15648216348813748
0.0009391499708330531
0.15157355580295295
-0.019564161751056963
0.10685354569720071
-0.022558285849376553
0.034662229063278094
-0.022598052132334623
0.00927221802192374
-0.02283614502429518
-0.0028242688191443266
-0.02392594959482741
-0.00780344204728195
-0.02542597224219706
-0.010057338453688114
-0.027114844054108855
-0.011026426916053156
-0.028730820419215763
-0.011357842673704044
-0.030163823958227476
-0.011294364528921519
-0.03135402417113395
-0.010937289566855246
-0.03227697236792698
-0.01033497448519577
-0.032929886035232
-0.009523030867352317
-0.03332621398373148
-0.008538791343082053
-0.033491559386247816
-0.007425274724876807
-0.03346009706133607
-0.006229934254218528
-0.0332710692659173
-0.005001045712324237
-0.032965523347237013
-0.0037834128017269486
-0.032583526221930253
-0.0026145711933198146
-0.03216203677122581
-0.001522233183938182
-0.03173350646365869
-0.0005232682321563986
-0.03132517354364636
0.00037587974124120294
-0.030958940564825704
0.001177698872646682
-0.030651685906820103
0.0018915019025622648
-0.030415853490579625
0.002531136478946816
-0.030260182228908222
0.00311283782508609
-0.03019046718509527
0.0036534189445672216
-0.030210278468080776
0.004168878279710436
-0.030321594856690254
0.0046734261631223295
-0.030525333501414953
0.005178871817367314
-0.03082177391998786
0.005694305222339463
-0.031210884668473327
0.006225996542719714
-0.031692566057299476
0.006777445506026963
-0.03226682370306905
0.007349525882366648
-0.03293388691098437
0.007940682850369335
-0.03369428385268061
0.00854715268950007
-0.03454888287207386
0.009163184044883865
-0.03549890637251196
0.009781248088792383
-0.036545920784939456
0.01039222986047153
-0.03769180313753007
0.010985606604441145
-0.03893868174044399
0.011549620497276758
-0.04028884545315636
0.012071450364655179
-0.0417446129394429
0.01253742084996623
-0.04330815035858068
0.01292846696113334
-0.04498130519297289
0.012958221311479418
-0.046771860031506185
0.00752593634222809
-0.048817623275228816
-0.03498851558286442
-0.05111206186048822
-0.11553807030403596
-0.050615019092446756
0.14944853474940914
-0.04851381734774812
0.09380624018342137
-0.04805045493304752
-0.018363580686172054
-0.04834955986125919
-0.03345670402256237
-0.05583936429191305
-0.026695392868999468
-0.06027076409950413
0.002029281992567411
-0.06309461772126213
-0.0003597904466134949
-0.06486446604079224
-0.00505772964393858
-0.06713665884405154
-0.00917814164155345
-0.06970991308210356
-0.011934165355952792
-0.07239058416248861
-0.013613850543647554
-0.07486378922338582
-0.014507236040018356
-0.07693205391277644
-0.014827126165334603
-0.07847111736966991
-0.01469924083477292
-0.07942167557880853
-0.014202984957227549
-0.07977498565721788
-0.013400044814464718
-0.07956244443038357
-0.01235115813953025
-0.07884607315265288
-0.011122975366971988
-0.07770920513270996
-0.009788238541043048
-0.07624722822848706
-0.0084217991035207
-0.07455890665615708
-0.00709466073127496
-0.0727388776089638
-0.005867906707869575
-0.0708713490171474
-0.004788015473769225
-0.0690277736013549
-0.0033986909176472735
-0.06728853604652321
-0.002116835969779851
-0.06567395378016025
-0.0010283580963579841
-0.06421088029311767
-0.0001311518745036877
-0.06291870250976744
0.0005866490452602346
-0.06180639771938112
0.001143415006467502
-0.06087675970230855
0.0015611118620564857
-0.06012838106060861
0.0018629418145263421
-0.059557346327702154
0.0020715881381438983
-0.05915855888837418
0.002208019617681578
-0.05892672480868277
0.00229075811188445
-0.05885704221122667
0.002335495136029375
-0.05894565729858442
0.0023549481077743406
-0.05918994594801774
0.002358863249418003
-0.05958867155025305
0.0023540925828670345
-0.060142059101416234
0.0023446926593256867
-0.06085181480925517
0.0023320106851817957
-0.06172111180832163
0.002314739677390515
-0.0627545941905086
0.0022889437338180496
-0.06395870864735309
0.002248061465309481
-0.06534155457681823
0.002670212496706237
-0.06688337765112129
0.00343435568104164
-0.06864018017608498
0.004084487331823539
-0.07063399054004896
0.003623301652344313
-0.0729076710664174
-0.0025981635938397696
-0.07571665671497835
-0.019188178164348396
-0.07912333203512367
-0.024728708061416693
-0.08236880869747804
-0.0031039421464759687
-0.08417008086963121
0.0592342072037777
-0.08512923649698884
0.03914433607203824
-0.08427903494149819
0.0012478753837144585
-0.08660179911691795
-0.009476606079943384
-0.0924559356056015
0.005077020645872232
-0.007529632881261017
0.06155481600338922
0.09630216215631315
0.1447530020708289
0.004061415244408645
0.28944828157608765
-0.01138614879636679
-0.006980170684527109
-0.015517962825698506
-0.05913567190412042
-0.01716631389179324
-0.09873738754591688
-0.019689331689242973
-0.11439024459610259
-0.024234250269700164
-0.12225024810092522
-0.019173929387303612
-0.03636308837818736
0.013572439676762804
0.06910797313819203
0.15530379009722484
0.0037531912290583724
0.2666364777509464
-0.010229315694138541
-0.016420474133579388
-0.01188629204697908
-0.060622466556635723
-0.010068325488865881
-0.09308851295163192
-0.007626280678201813
-0.10189553517298611
-0.0042321637730941
-0.10444418461577162
0.0004519668005466271
-0.10367540400358505
0.006423438216137667
-0.10183690336615966
0.009233500564880537
-0.09937393720228199
0.010957680031453698
-0.09697768414754296
0.011956356425544129
-0.09477460057101525
0.012553490339175244
-0.09283907107105971
0.20247011275878177
-0.08465682033406266
0.6369750630491746
-0.024833793991767272
-0.07306942046286707
-0.19734590405346794
-0.20191144506056316
0.17368700067681125
0.04761519108305495
-0.12628045041038483
-0.14704918666407968
-0.08230939206635146
-0.09929649359222789
-0.11611612804644372
0.01658651625518981
-0.049651554135145964
-0.05420296850965067
-0.08666951763571656
-0.11363585634897519
-0.13503384794214354
0.008660279205995741
-0.01830073250511932
-0.023218284862571298
-0.08670237756051469
-0.11369167947313408
-0.14052371515514597
0.006706394524697984
-0.00449633666833954
-0.00994150549279621
-0.08645852367457893
-0.11356756029946222
-0.14078057417040352
0.006345298205504418
0.0015515826305265157
-0.004833289720290457
-0.08642033535162241
-0.11354372936796864
-0.14074368503378953
0.006462723643385765
0.004207813658236026
-0.0026717141860613247
-0.086593148822241
-0.1136678210831199
-0.14080593694447904
0.006775851319581472
0.00535482290097769
-0.0017330466836174008
-0.08696438229842424
-0.11395187998708478
-0.1410022171947313
0.007211071188079898
0.005777003714972084
-0.0014518319672662816
-0.08753049264673379
-0.11440810372917942
-0.14133832762683443
0.007745529530133882
0.005819019468607384
-0.0015604219550202636
-0.08829456667025434
-0.11505169358588863
-0.14182847715076108
0.008359501222782728
0.005717170610205491
-0.0022485104808456224
-0.08926472109453049
-0.11589571132377005
-0.14251209092610767
0.008786876039843794
0.0056967177706321315
-0.0031698426720411232
-0.09046404447573472
-0.11697246535405686
-0.14338465020198476
0.007086728943413723
0.004026217506455931
-0.0015435389168408364
-0.09199734884752689
-0.11857200514160338
-0.14459518443024927
0.0036646465500232706
-0.04754795576859261
-0.1583674050610749
-0.09369433504355068
-0.1234289815086273
-0.14498620505946386
-0.33847811420940593
-0.15710093131698924
-0.16160202751854327
-0.05861624934881182
-0.05387766730476529
-0.08174598789652987
0.5121218619268627
0.1256712398906834
0.30368755234757155
-0.11246498094663146
0.10904946034963336
-0.022770583882156248
0.09069729019277994
0.08231889320016145
0.1738283326600895
0.03882144872165039
0.2780314523722416
0.03567090963297964
-0.012028128411733507
0.020576740966256335
-0.059973680475664815
0.004371737308793144
-0.0890650773620219
0.004162484906135577
-0.074310278067196
0.006072327596154947
-0.011510336860214576
0.005038615650820311
0.04650657118207474
-0.012489315369414583
0.06351244320355179
-0.01562487842902277
-0.03191688625280423
-0.01832898675111508
-0.08774352884628842
-0.020745211734005398
-0.12732978986764704
-0.021980748093263086
-0.14031700540266395
-0.02045124071944432
-0.12135157067680952
-0.024030202555287428
-0.05418213719896037
-0.02480410984891185
0.010787454720463246
-0.015828229401946142
0.03894503943225269
-0.013827840289034887
-0.04253733664393744
-0.010951009984507404
-0.08652230251429638
-0.008125117385066188
-0.11823181826748755
-0.005698562850032507
-0.13300076981307044
-0.005838423512634777
-0.046040654509965084
0.01560124159755219
0.05690775502330603
0.21542969040846072
0.04436719276852019
0.2550613540994995
0.20636794181985121
-0.03047454152076412
0.6472825572894882
-0.02786394678645887
-0.048137833741393465
-0.18838114142311388
-0.19492160667909014
0.19574947169239187
0.12673375231686268
-0.08225911748087941
-0.13478568971028268
-0.07899459516520366
-0.07573317611083485
-0.08403852497917946
0.12737439828122005
0.045260664715065235
-0.09666559283411924
-0.06700991264521297
-0.031852928682954
0.003640228738121809
-0.03486133551197007
-0.08239922420169576
-0.027391691596591744
0.3063409211739035
0.22866719917561062
0.07341451849476974
-0.0922100482551666
-0.07467268134671662
-0.08440265293484711
-0.023443810186096203
0.25316146956678526
0.0993541062944106
0.14773587536368815
-0.023278423213987653
-0.04780544365184408
-0.020765366053726586
-0.06797882617686629
-0.0760962801833201
-0.12632593813611176
-0.004323424482003957
-0.022106540647069406
-0.016135349632280666
-0.1439127719066957
-0.1474137620600359
-0.17185455153603715
0.0028541584965179057
-0.007598643923965587
-0.012550603413119393
-0.1622744852469088
-0.17727251562474164
-0.20380000510749924
0.005516437311240269
0.00026460266338221294
-0.008989085830022892
-0.16688132360781482
-0.1887727402510639
-0.21517999620214612
0.006435866649073807
0.005361371095530254
-0.0039925610749314
-0.16815784441204185
-0.19341737269187018
-0.22056470419716617
0.006676467192507363
0.009310804448205284
0.0023213360632699798
-0.1686545660601224
-0.17486407685563948
-0.14379258376478424
0.08604007697006866
0.018385220504119892
-0.013953233529720166
0.1427660960966809
0.13063598582500724
-0.049725356482334254
0.0977988848634552
-0.0006842595189840428
0.004316263763194661
-0.0232209649896592
0.21831824402175015
0.06744188855715594
0.12064821457346511
-0.05734414592710804
-0.0330798757106375
-0.028130282961249253
-0.07894100101972737
-0.09169983379473973
-0.13963532910687332
-0.08326827966565323
-0.06370854413556684
-0.0413868994820471
-0.14644480345703245
-0.1490694569070146
-0.17390141243028373
-0.10204882292806292
-0.09690275047777461
0.029574208852208295
-0.10069884012912117
-0.10890355732044305
-0.167372564205934
0.12915429263101796
0.04838627853796462
-0.020171745912024308
-0.03974707487033713
-0.1293683387428099
-0.14210957796258333
0.03810722791299653
-0.011086623513281435
-0.14830468147880582
-0.1134735410282163
-0.12189574075690768
-0.11893979574954083
-0.30514111894597684
-0.13071954336890484
-0.14028027000814375
0.030124594738370203
0.050573914576006324
0.022965440048649532
0.5011711155318501
0.28825129701368996
0.23829071940485919
0.05329998990701565
0.10804731163977399
-0.037040982287727675
0.05189984164841788
-0.07689509694754793
0.023208309256973897
-0.09327609761851596
0.011739191534649862
-0.0788631108901705
0.003282914120924796
-0.04605628246282939
-0.0068011945302091925
-0.02572663561579952
-0.017115949719041096
-0.038010880965759775
-0.01994177335012448
-0.08567860545074815
-0.02106631417117616
-0.1285018321935527
-0.023267272993338223
-0.1582181734583228
-0.025169510347756024
-0.16403410004996968
-0.026648669443911782
-0.14311892912219945
-0.028402357225226216
-0.1022029165853297
-0.027272910191847022
-0.07013732429145964
-0.02090472230513396
-0.0670186240255527
-0.01693940247390835
-0.09801164127457296
-0.014774609163785979
-0.125927759756152
-0.013264133068263129
-0.138545461543505
-0.013482374087471216
-0.11937680342974377
-0.010714868933475175
-0.050762537504489835
0.015050596796255533
0.012812845395882289
0.13475422518748864
0.03353553842702334
0.2142946248431199
-0.05003468520168752
0.2339985851172502
-0.05983751820114083
-0.06042324417840708
-0.031197241872902015
-0.012743970438177654
-0.05312322884121798
-0.05271304860360121
-0.008976942583388825
-0.13423301965497167
0.05603562042973895
-0.10419838597130512
0.1381928710427495
0.058434276181188044
-0.044637683259964867
0.21543262360779247
-0.01966273731749471
-0.10349174605144007
0.0015399041737769459
-0.16439432766065118
0.016705199461027054
-0.18184520613043875
0.03316873384090133
-0.13334230444503242
0.021395603180334732
-0.08281404348721627
-0.04112753542197867
-0.06729326587524079
-0.10543033863964768
-0.14990608757388307
-0.11363941948305298
-0.1843350187726739
-0.07812338454249376
-0.18736255052020312
-0.05616835833605199
-0.160200459830077
-0.13325485708916548
-0.10036482488512993
-0.12146776009551441
-0.018877481194343737
0.2412775028659489
0.017044564099178983
0.16833901447713837
-0.04366071966493884
0.11421398647937828
-0.08531515713356488
0.0672625287433716
-0.10674110031447581
0.03833384161836567
-0.11213347798861961
0.018369786971120378
-0.1030395750492169
0.0026779554444208986
-0.08965289581814792
-0.01095634976705645
-0.08804422446121035
-0.020632919990814652
-0.10582865759908827
-0.024476015281101465
-0.13860212735810035
-0.02450995243261117
-0.1706035857421384
-0.02917353971761849
-0.19223549864222325
-0.03986830281978021
-0.19194163226628175
-0.0345563006828245
-0.09638672138993679
-0.011383674689523504
0.03403380834731934
0.147904936938221
-0.0009736846322581927
0.24332131268922974
-0.01829932325295075
-0.04995426735386041
-0.021344361436349546
-0.10559040213236517
-0.020453676067378745
-0.13621072601597672
-0.015423670143092372
-0.12091528742651458
0.004971923599485506
-0.08300645284600144
0.052167809590806524
-0.05735541863114563
0.12492192942874236
-0.0660929092222011
0.15354134134341724
-0.10112704055901603
0.11981761286407336
-0.10986893576233558
0.01979392805346425
-0.09625150522239653
-0.011930192543816998
-0.07592569266567567
-0.04225566909690198
-0.035798955055639514
-0.09343731235906219
0.015640616842140104
-0.09482824077730032
0.04529887079612771
-0.06365249380484272
0.017574965064882653
-0.03559234964733857
-0.09710909924089864
-0.012819415150502056
-0.15341856789824332
0.0064885210269047255
-0.16356273587823517
0.010851280140876107
-0.06990904934676051
0.012138215929476948
0.042856662859801636
0.09142426410778337
-0.07820429258110162
0.2089217876991388
-0.09538661456473224
-0.1024901650596649
-0.08769676543137095
-0.14898951294029947
-0.08121506108880794
-0.1571255797676832
-0.061448401029258054
-0.12353681831874533
0.007533674362248666
-0.08919961274883134
0.12015641502248015
-0.08794713702715923
0.12000645235676885
-0.11320586333001828
0.09583465627407056
-0.1328727418481107
0.06489866817322276
-0.14138528159830285
0.045420251848069804
-0.13946291752743242
0.031824027807279415
-0.13254033714286753
0.026474723824380236
-0.055081908113935873
0.06997494186901487
0.038288587262179374
0.039413865431177364
-0.04884070972144827
0.19306464407254934
-0.05118914146199749
-0.11026134291951525
-0.0408083963641212
-0.1636129747006035
-0.03476354555888822
-0.17140888829991097
-0.044294658451652785
-0.10541916068717475
-0.04939880351104778
-0.033358038831537706
-0.0371016657997994
-0.0003740679325295315
-0.031285266470205964
-0.08320655496824925
-0.02671760885746166
-0.12692417314898577
-0.020615296380475656
-0.14714743397438335
-0.006609414789312262
-0.1403036993289697
0.20449250895306775
-0.14489112717817582
0.6692842197678484
-0.10324628845234052
-0.040611340286949016
-0.18130652975971676
-0.18771758123503707
0.19094444732882979
0.09387769977238836
-0.09532756555961766
-0.15297435657067884
-0.1308286776390366
-0.15404382764537414
-0.18157733014239202
0.05088965022432099
-0.021266945805695214
-0.06457978391135655
-0.16198459732693016
-0.18677604378255191
-0.20161531358125512
0.014014563494428034
-0.003773470665642542
-0.0380017672459626
-0.14578714968879913
-0.17846336716494687
-0.2111267032859404
-0.01013005755914731
-0.006359773594472734
-0.021881668389206882
-0.11885514511421003
-0.15523556619089982
-0.1921658216408645
-0.025601468222803125
-0.016158327403554273
-0.02166392327695721
-0.0788493457242942
-0.11850692308185917
-0.16344234276641514
-0.03091881741652716
-0.03013479416269088
-0.017633832641470587
-0.036593183720573796
-0.08430040529028848
-0.13106678005152528
-0.026299015654700775
-0.03370081960202151
-0.019774139434872162
-0.018932644746554733
-0.0746858595524981
-0.1233090924561428
-0.016375551611375883
-0.02967519071661484
-0.020498863733654504
-0.05018802721943272
-0.1118634928991824
-0.1492080365659268
-0.006184469703715556
-0.022635431187154054
-0.020315952427149564
-0.1253354052387476
-0.16523729838552187
-0.20189111209391014
0.00197873176934385
-0.015072533096758406
-0.019222001740024225
-0.1717721597424285
-0.19846479372334386
-0.22759306752786687
0.003804176899215861
-0.004415835857720929
-0.022255379808924503
-0.16724745037824146
-0.18006523035402983
-0.21417316146338308
0.007140157521843271
-0.003338974289556762
-0.021031067078817883
-0.09324244779582505
-0.11442704660905093
-0.14625322372925686
-0.005416425026559951
-0.00785916487374222
-0.027304704023428522
0.0065114301575611155
-0.022137888816466944
-0.0919376255748934
-0.024026986923472715
-0.024809512300751485
-0.027644979905743494
0.05022938735917609
-0.05937131125595296
-0.08020599103302425
-0.023464298412304296
-0.03810195048309567
-0.025398538811568644
-0.10593995567325709
-0.1471483580269714
-0.1926758546661364
-0.02616471766459419
-0.03894314961351231
-0.031073459110355223
-0.169254841028465
-0.19845873902985894
-0.2357178499218182
-0.026813154975551395
-0.0387852464748048
-0.029651536799499834
-0.18155837128469896
-0.20905326710598915
-0.24882475712313418
-0.018319928466207502
-0.020049568604808554
-0.010619480209503873
-0.1614034838566085
-0.17996254400219472
-0.1678647176707626
0.01151539303111182
0.02565794919246661
0.019286409196051374
0.16776369001637897
0.12436422751975318
-0.07572562089006155
0.3029967803175765
0.08705791634469856
0.008152858579639488
-0.15733552897380348
0.23367228164755824
0.05943746431913033
0.12410035095933108
-0.30042356282406757
-0.12831135476729136
-0.14111973438617198
-0.018559756653147297
0.014725093148511004
-0.07195944347662603
0.5076308359325699
0.10620879962991436
0.24745196322226215
-0.17902965220850692
0.11273416098565067
-0.15292198315407513
0.05820584241493898
-0.08153479737821406
0.015045859812028994
-0.030541056996327975
-0.044588906959146246
-0.02931515385015515
-0.052925669663932
-0.12916541588855343
-0.05638086669142506
-0.17407598005258762
-0.04876380679059336
-0.17951829375808678
-0.050785566914994806
-0.14903644169523
-0.05188513534712197
-0.11778932577711523
-0.04505364361819045
-0.11195361530160763
-0.03701862780304599
-0.14075325615379455
-0.026242493304634296
-0.16634146364109134
0.012018406181909663
-0.18317432437356423
0.1795698361385624
-0.1137407369784782
0.40631200091883035
-0.014281630202048479
0.26688602931239896
-0.1215254399078905
0.21155840817383934
-0.0657381635338812
-0.11460775201354717
-0.04126588688629973
-0.17965733677979184
-0.03396049968709541
-0.21670425511288116
-0.051660293105894595
-0.20997777547567667
-0.040944740066052865
-0.12363887288521308
0.005656503829570558
-0.010399398123618897
0.03460113400764464
-0.034673363150005965
0.15962101793345645
-0.016150879792399403
-0.13873854266514316
0.002389943261521532
-0.1919979981676441
0.018811238657911317
-0.10333449385872634
0.05016358596834705
0.011028627733071644
0.09525803821996831
-0.029976289994914224
0.20119562626778123
-0.053325144842173156
-0.12706207283194895
-0.048242252817444486
-0.19574862096334328
-0.022084097619135545
-0.21824969353080065
-0.016766806909702114
-0.1687836298892817
-0.08241121566044937
-0.10886362168587252
-0.12665571252632624
-0.0596054915776871
-0.1271181470787472
-0.0994928514313484
0.24307364149517854
-0.12992925136238967
0.1737701567138969
-0.19736946221546342
0.11873191443865949
-0.17804482248553188
0.06090057826682371
-0.13645566191643865
0.01074735265716012
-0.11575473634542019
-0.029827031313985064
-0.13171876432146526
-0.05265057931585687
-0.17863396268168713
-0.07378123167331399
-0.2070311266013236
-0.07458329340958053
-0.12958491610802203
-0.0636346551334413
-0.02163966122261496
0.1078416247327349
-0.027380710274491904
0.17523149756502987
-0.02801072933963228
-0.10194572381120703
-0.0012494487681513622
-0.15015794690941942
0.0777794561146819
-0.1692381545272649
0.19611403176703165
-0.11772856918476904
0.19872604312593384
-0.025554721715454476
0.0794929923247642
0.11009876500644444
0.031333907903849656
-0.05845843487736674
0.18745623093025382
-0.049023508402995936
-0.1164179345783442
-0.03715850552727218
-0.14723792225052088
-0.040620361808899885
-0.11516009071792524
-0.047379798326743355
-0.06607746403949372
-0.048080397773452854
-0.05616869365763444
-0.03379528272867541
-0.13875425191531982
-0.023039599630805818
-0.15138693906707412
-0.02039278111873849
-0.09723033540337295
-0.03778641474957656
-0.042321153768092035
-0.06466201222722082
-0.033875705118047716
-0.06889772192343671
-0.1423187587217417
-0.06451658727898657
-0.19968399179880247
-0.06109502324143812
-0.21170700771427922
-0.0853934243732675
-0.11379209515906291
-0.13703147996564705
0.014491116321622005
0.2447446943859903
0.08020890416776907
0.20797450319730348
0.16412986907974353
-0.11189796582552675
0.1799348231983533
-0.1846364159370041
0.1264605264423016
-0.10701561787115219
0.15310486779035473
-0.0036090940033836616
0.055157355546235076
-0.041706159244763036
0.16749462607703963
-0.06299085379763827
-0.12252682955732022
-0.07724076875758559
-0.15589621028435918
-0.11924269604461885
-0.11486033882854754
-0.10796796097730849
-0.021893365228457667
-0.09454786223008646
0.11394776162791817
0.24888817108001005
0.06927085416891465
0.22030301460191887
0.08478828446771697
-0.0665391898578721
0.08528106305634817
-0.07998185940672309
0.10372032686224497
-0.04833655621055366
0.04178270916863458
-0.008679638710730186
-0.026226556337218543
-0.025711226346531585
-0.03382361509807183
-0.11964272673016516
-0.040391398136270795
-0.14602720515662665
-0.017081837448772313
-0.05956668572347126
0.03300696166713857
0.04959107353442141
0.10543175786906167
-0.01574069702655445
0.22747217476333487
-0.019275392772414024
-0.05762424695320928
-0.021665777262143415
-0.07891995313260514
-0.032053047329029666
-0.016958769159702985
-0.04141542127477263
0.043252462139367065
0.14334249292824397
-0.023365610582286728
0.16620784857563367
-0.052649148351221475
-0.09266030754879626
-0.06721929064192
-0.07135736874283774
-0.04485244561123619
-0.03975997525905703
0.06042398058025186
-0.03504059776793453
0.10040257739312108
-0.13394575665724953
0.0841219256357513
-0.1615500674349929
0.09639101471341255
-0.11619569520898695
0.055782585184989686
-0.06507030281568571
-0.03164820077560082
-0.05610155824181992
-0.06223091391765745
-0.14094952785370513
-0.08133189357713788
-0.1633931388279833
-0.08093497267670557
-0.1346330207476265
-0.09272976649700018
-0.06558813658344681
-0.06146915032130093
-0.004968851885154835
0.020613700559054815
-0.0007242242349583816
0.05306464294303703
-0.07997521974875965
0.0683513667547532
-0.10283816848587257
0.06500459275412776
-0.10191699886086703
0.03220762189514753
-0.1018047024532355
-0.006370749410153365
-0.12338904781645982
-0.031697690067389594
-0.15157108512571932
-0.03128074295694033
-0.139722066564541
-0.030314728391130086
-0.07567302980187735
-0.015336332546870002
-0.01453894800874267
-0.015509747899398324
0.00645633373834914
-0.009577284417943005
-0.06500788675409208
-0.0098074877238305
-0.07521637926000163
-0.01842051391152788
-0.044674967840148266
-0.029714819830982953
-0.019464927942152432
-0.035148095075538954
-0.027232697864940925
-0.05775931344566804
-0.09471116648481881
-0.051998948945876367
-0.012368853633388383
-0.005492407872338123
0.0680797763411159
0.3129714228634231
0.14680049943615214
0.19222057487407906
0.13736829815677823
-0.08738701765962573
0.09609583529142068
0.003353639206355452
0.1095128470221926
0.06217411249984428
0.054498394666865346
-0.07308531989122916
0.2115834251762623
-0.019265673793343596
-0.08010709779680672
-0.011774726333645957
-0.12371446416002907
-0.009491118886062189
-0.12010329652014803
-0.02122200039597885
-0.09704065549611798
0.016221176385176617
-0.11013219321249948
0.051001965327330256
-0.14234419547611954
0.06637615840252492
-0.06552110336454406
0.11383235043203987
0.016585384994825814
0.17412526289890817
0.027596104467773053
0.18751394212258687
-0.004463062893269587
-0.08741746028331554
-0.014633418584223123
-0.1112129029857778
-0.020845740383597655
-0.10529155680183672
-0.029051283190688892
-0.08640145645397862
-0.031076255221067217
-0.08669472649767557
-0.03231237555419347
-0.10507772274281846
-0.0366914550929931
-0.10606627617235742
-0.04525683800728264
-0.09543707820944242
-0.056237351322154655
-0.09245540984548759
-0.06111799672700868
-0.09839487349910275
-0.04825270088108374
-0.09765996097225005
-0.029327183224488185
-0.05084699174445581
0.024020790372154266
-0.016597877471761502
0.07215624364403844
-0.009584967004566125
0.057258150654170836
-0.062069179823335124
0.0621044208831141
-0.028016398976286605
0.009075160221047734
-0.007639616109405556
-0.07907334562933951
-0.02575768225480002
-0.17835101356533045
-0.12489780115957944
-0.1752809408300554
-0.062361942923492425
-0.1402165261453614
0.01093805403067763
0.1320873671457934
-0.0048108178995671935
0.1991693644644288
0.0000658566778563574
-0.05968532076739169
0.025796191181060024
-0.049556801280002394
0.031008064078603126
-0.035268337729684046
0.015039368885932103
-0.037340391650218935
0.0008213216147964775
-0.11904192492810647
-0.009242952232738078
-0.039589849420014894
0.030468364603782883
0.04572635641577463
0.09908524841663435
-0.031127715586700966
0.2076793087306121
-0.05236003279479984
-0.06399658843819656
-0.06626568345954403
0.020632940007760392
-0.05463003415705214
0.020219829629026798
0.11888319621070786
-0.0742051164088535
0.49840185666768955
-0.06911034298742486
-0.14726535145056285
