0.024564033944517838
0.054248143469880494
0.08646719861666186
0.12121410365125143
0.15831885162904308
0.19741951589809512
0.23795202471709578
0.2791684237499616
0.3201881453009582
0.36007762852712766
0.39794380348367103
0.43302137119375095
0.009788434984064235
0.41994406015328045
0.3842069840879839
0.3451787131816086
0.30360090544453
0.26038566644445166
0.21652978276887386
0.17301352581219978
0.13070644058115444
0.09029935365936478
0.052271992577069104
0.016894469212296037
0.015746756665904416
0.04571023663885476
0.07315836077408999
0.09832030851785475
0.12146230713204134
0.14286584123246882
0.16281299881517775
0.1815775291747769
0.1994201039718703
0.21658644840222513
0.23330727219590458
0.24979918691133074
0.0039375690647397606
0.2434579321249374
0.22449939974875904
0.20639457502375883
0.1889624494852174
0.1720076824312398
0.15532090354925948
0.1386784369880017
0.12184178629494155
0.10455728603175479
0.08655643220256898
0.06755755560049043
0.04726969530185732
0.025399739024334178
0.03355421217625171
0.08137097993008965
0.13290784069554223
0.18775529832921625
0.2451161680075215
0.30380828740257254
0.362349639309933
0.41912561090599143
0.04277293765551052
0.38248950062278453
0.33404900814464383
0.27910705605977715
0.218513207559279
0.1537541263500449
0.08683508458055962
0.02001273186655468
0.044549352659012165
0.10508945980356413
0.16042909015387627
0.21000075569269933
0.25375824983866063
0.2920311791371325
0.07643280311353864
0.359974960484568
0.3067230568944156
0.2549759575290318
0.20536362003042158
0.15826715974744815
0.11384531210780272
0.07207691473716009
0.03280702304710961
0.004211170791360214
0.03928221418443095
0.07274270616294393
0.10494303620352921
0.13623485056574886
0.16696242100914313
0.19745623166464088
0.22802732986696678
0.25896122536390187
0.03261998820541641
0.22788229758184567
0.20142520698405983
0.17408417644025373
0.14543843576136473
0.11503960680455713
0.08242390715371636
0.04713301437848749
0.027780904498059422
0.06124719996066766
0.09786500972848128
0.13756431560688182
0.18001068287089228
0.22456863044795314
0.2703088183940518
0.3160737934747622
0.36059972079469876
0.4026694044460864
0.4412573136578558
0.021683577603298122
0.40807292510305987
0.36658219720255836
0.3214203781843759
0.2737213260122442
0.2248077926495075
0.17603113877254328
0.12860912001117672
0.08350354112700106
0.04136106258834989
0.002515899552090195
0.03296414227200431
0.06521175910385765
0.09449339302952772
0.12115273146978328
0.14556851598736437
0.16812620831104272
0.18920095754029861
0.20914879955184773
0.22830331207402327
0.24697551969647932
0.012318285784783022
0.2519079323913822
0.23027875441217907
0.20975894911041087
0.19010426567468905
0.17104742748936091
0.15229912910857424
0.13354798370256876
0.1144601573713318
0.09467959179586494
0.07382997710661515
0.05151999694979817
0.027353788105166144
0.038373362115919935
0.09303765796127729
0.15214726312713686
0.21494515667631148
0.280082547769006
0.3456909945809517
0.40960981447669753
0.036740689743103724
0.38509521000508734
0.33031389213984014
0.2675835732057147
0.19819326691126604
0.12436726541434122
0.049001829157940026
0.02483805061733268
0.09448001376927156
0.158046050786409
0.21458105561290777
0.26394265197082295
0.3065686569809952
0.05899276679088518
0.34072462131517417
0.2815685310985979
0.22451102690984953
0.17026590688648002
0.1191911339960343
0.07134666072556006
0.02656870250245242
0.015458840224240052
0.05514544263789198
0.09294989494588166
0.12934943280275205
0.16481869214700395
0.19981483522478
0.23476553950127343
0.27005709914986853
0.041379199523684615
0.22596664915531295
0.19520614954656657
0.16309303523680618
0.12903554323477123
0.09241519207877728
0.05261930770673082
0.03228627413236261
0.0712106812381998
0.11394229179205866
0.16023029281094492
0.20940045231880622
0.26033600605835405
0.3115544473039693
0.3613862260975203
0.40821628379877817
0.01271919347271646
0.43521146306782227
0.3918399160341182
0.34333822912709483
0.290993162714838
0.2364668459998702
0.18156768086767022
0.12798476945557893
0.07706942207328912
0.029720189702420907
0.013622069153813046
0.05290155104567174
0.08834159386038684
0.12034044997821003
0.14938729825005367
0.1760034574888069
0.20070605017297158
0.22398850136357293
0.2463121643294019
0.025802875386208762
0.27146235325637486
0.24580159441849758
0.22154314824691615
0.19836071405261213
0.17588642731076282
0.1537146825265866
0.13140412492496645
0.10847953012855033
0.08443574531526722
0.05874650524136696
0.030881699576649768
0.04521573815910444
0.10969850447681409
0.17917359607564137
0.2521692456087553
0.3263795037080143
0.3989554266401807
0.028723088906727937
0.38851705022849836
0.3253412301497671
0.2524806603083198
0.1719197120002764
0.08699033245811096
0.0018099474953634925
0.07962390748567857
0.15426548364036755
0.2204254366858676
0.2776982798906477
0.3266078091734025
0.03693013156515311
0.3220456014865534
0.25552037188812077
0.19161799622683626
0.13116124396817383
0.07447324200095634
0.021480873742468043
0.028166063551261916
0.07498881018263448
0.11959746985614758
0.1626320020058578
0.2047204789262833
0.24644747943417808
0.002986478764771157
0.2654615712239073
0.22911598997246735
0.19134237633553428
0.15136499261841269
0.10836400707145506
0.06153240761568474
0.03865664607103462
0.08559042025030898
0.1369338849293593
0.19201567672875403
0.24951708332453407
0.3075537920026995
0.3639358911251757
0.41654613781847516
0.0009652902665117265
0.42338709679069586
0.3717660658984801
0.3144579504268829
0.2534138842782235
0.19098425433220836
0.1295077842178916
0.07092309857986073
0.01653508573432458
0.03302472732201393
0.07769335972019838
0.11780949276917993
0.15395038221468155
0.18680527152451057
0.2170915732189676
0.24550654020424492
0.2727032641575505
0.009147667214996706
0.2733112562804456
0.24339478355742977
0.21475174739029057
0.186877051853163
0.1591948706735531
0.1310688058128222
0.10181347199603824
0.07071301794862717
0.037053498557544355
0.042073174017260746
0.0926487415997353
0.1477085230082823
0.20632559993370664
0.2668513930732914
0.32707903316794373
0.38460624663203097
0.43728631065198237
0.02917465233969025
0.3914470666573163
0.3336592275276419
0.27100047712296615
0.20592306519938192
0.14104353839733474
0.07866150546360436
0.02041918820802452
0.03280921940391496
0.08083226153945924
0.12395693052534473
0.16279410130652183
0.19810232016959337
0.23068243700230184
0.2613157681086685
0.0330006718111083
0.29909990485430643
0.26574234599758706
0.23389393259830885
0.20303276760392053
0.17253881686626132
0.1417120623948861
0.10979132087981455
0.07598070540560556
0.039492478204400966
0.04604509839385419
0.10076104387987916
0.1599511805183223
0.22236889492686204
0.2859855539167064
0.34826570013655006
0.40664693288216613
0.00008786934118435591
0.4121539323283059
0.3541933559217559
0.2901286912221277
0.22243486285812858
0.1539812248377414
0.08746121135378032
0.02492052489612931
0.03245666568668079
0.08430260687448449
0.13086907281200066
0.1727962553485199
0.2109190556477395
0.24613335537754327
0.27931582880997885
0.016229100901323817
0.2918531834859738
0.2562724305959521
0.22190326675885644
0.18809577867630778
0.1540891971572193
0.11904190475013532
0.08206970055427137
0.04230333272423373
0.0661007199809559
0.15851024757015877
0.25470698852051665
0.35023810333602856
0.01338509496610199
0.40808650515469347
0.3249262885038117
0.2274549291744716
0.1196890549067609
0.008298464724601953
0.09924731183206988
0.19699721240720805
0.28184059087082003
0.3533744450813623
0.007966765961577998
0.30697659676201394
0.2193996681314481
0.13451729759950137
0.05388226748196187
0.021968035485355114
0.09326614204767578
0.16071327974965355
0.2252101371477923
0.2876449705669719
0.01897767399277602
0.2778667988869759
0.2195294155459609
0.15677719987943245
0.08839386380894998
0.058343476899125196
0.12860210681707526
0.2031732573770316
0.27937918064867745
0.3536623701309989
0.42242368362881205
0.017072483858211376
0.3979550438797208
0.3254228492366382
0.2461245428492273
0.16400121691275665
0.08316716327483331
0.006924532173956888
0.06278754336849535
0.12539302123428664
0.1813334683551684
0.23164419079720366
0.2776099314935797
0.32053882495686137
0.010736843028876467
0.2926118839282512
0.2471853749437598
0.20195131366339225
0.1558104266238596
0.10753484102572841
0.055902469733081245
0.0628645652969802
0.14108220417903264
0.22372334117223194
0.3071942704472044
0.387065799691967
0.024420451710298486
0.4386218804262063
0.3657040596867479
0.2828863749412582
0.19410157968879244
0.10418932019369487
0.017571913269913475
0.06276980153246758
0.13559106305546775
0.20107025130447576
0.2602639297751615
0.3146129491849857
0.029119095525199562
0.35583292003093775
0.3034271864387577
0.2504632105155676
0.1957117011898116
0.13769668421308798
0.07490958584319132
0.0016640618619321312
0.008747004840095857
0.0009489144303252983
0.009093915372476724
0.0003372850757240725
0.01016829887761465
0.0001768935480840339
0.00038416662815900227
0.001023037313923808
0.013505324358504267
0.00011142139871961332
