0.171846049896282
0.04270899725650562
0.08926909832354785
0.025344823282074047
0.00423647692497553
0.011723594554241656
0.00910961369257926
0.014455857157091578
0.017194258032750293
0.018049245256437085
0.01838503717758244
0.018559924330099994
0.018756360340656923
0.0190327922895455
0.01940511599540827
0.019869826808054422
0.02041704033750036
0.021036039519506222
0.021717813564479604
0.0224557496578634
0.023245232511283798
0.024082637154636988
0.024964131957077418
0.025884618279371052
0.026837011139400124
0.027811933535326572
0.02879779062047888
0.029781127690265585
0.03074715746385509
0.03168035443382747
0.03256504113198705
0.033385920352945436
0.034128531465855205
0.03477962547067523
0.03532746288785617
0.03576204269455778
0.0360752713045498
0.03626107964399348
0.036315494812292265
0.036236671323992456
0.036024885839704396
0.035682498782331665
0.03521388636074521
0.03462534727604935
0.0339249897674363
0.03312260657101557
0.03222710431822878
0.031114127058885666
0.027297214751187127
0.00678264883803309
0.015292547762120634
0.21971990605453265
0.07663980168032858
0.14325284366528596
0.05543286327972974
0.021808735776431942
0.00040556016956103114
0.027523250791343545
0.03520793704774311
0.037697899930474454
0.0356814164909679
0.03169791789024608
0.026664486422217235
0.02117946989693878
0.015594490460262986
0.010154894296018742
0.0050449375665520685
0.00041152748311983067
0.003627680654016585
0.006982036962720456
0.009587947892379073
0.011409042523029378
0.01243507841018307
0.012679912124355375
0.011932864541944949
0.010709760760008236
0.008910790486380937
0.006571772772438256
0.0037713572665535877
0.0005879787890436527
0.0029028499633486082
0.006630476240324978
0.010530313082993098
0.014544427662295162
0.01862164635994709
0.022717305441520494
0.02679275541255416
0.030814701143414235
0.034754434335463866
0.03858699315043365
0.042290266642055416
0.045844030071866756
0.049228725752861247
0.052424021875679405
0.05566396563919143
0.05861868621048469
0.06108690883973614
0.06273999950925785
0.06127929009698174
0.05129862510612826
0.017434367519200356
0.010647245668219674
0.01476050890308997
0.08274976802141937
0.11071884652156327
0.08373369997392721
0.11300628529132686
0.2424512224007099
0.09780761633233195
0.33378185460328774
0.09616656414061381
0.017138691962162417
0.01593824042092433
0.021011299830823935
0.014801751735574954
0.054220275785942976
0.1865443359960967
0.16981728656674816
0.3994764653522323
0.1821831048525579
0.10741689653906047
0.07283859338746651
0.060853018010089105
0.05604888358252111
0.05361696790043999
0.05090079401016498
0.050385426565356134
0.04791623686881108
0.044296984077351526
0.03962224045999349
0.06559017203212819
0.19616099639878434
0.37503323124351223
0.050617737654833794
0.02314566124672532
0.002909908446326187
0.00815255524191763
0.016909626984541154
0.0250732254889674
0.033041924287013955
0.04088339405456287
0.048583627709674344
0.05610478769070018
0.06327613546102513
0.06916323610899622
0.07549732452825364
0.10089713221931065
0.4826407380975887
0.012462104925759915
0.02648139702421537
0.21899785876098385
0.09869227960591359
0.33574099106618427
0.08237543757429056
0.041524215878956716
0.104065566311485
0.1400711418624673
0.17682506883023097
0.1835295853082661
0.09254704799288199
0.01140160716823449
0.022577044050299394
0.02722094745333091
0.029538968340990873
0.04513227959572102
0.07109007092981823
0.0659352168006784
0.03770517629655479
0.1258952889810293
0.11805398764952918
0.11176864548108234
0.10822492691549268
0.0585527234201321
0.08788311268046925
0.24209415789529742
0.4438338047312541
0.1292723852907992
0.10056888366536072
0.43563618576330687
0.22453431494113005
0.3831228694139259
0.7202246203886147
0.6916823140601609
0.13436288204116026
0.1862947082264733
0.07361954908689108
0.020790199994279224
0.05499583172742992
0.2213203253293115
0.008501654281315163
0.00880246960615129
0.04496795058793831
0.00023684766676519697
0.0009795024642403338
0.015704150872975428
0.009694950801472174
0.005383638697021985
0.003579003870096069
0.02041248108402326
0.016750295827414864
0.01162824651150858
0.031856689483139765
0.031009135472120062
0.02966978311778301
0.04358273318835621
0.04636097682702664
0.04910156461374438
0.055341887156831436
0.06209544255678658
0.22512643411926203
0.06701891185829542
0.07774736404011597
0.014766757931224062
0.07827368304708544
0.09324166516171205
0.21960660171443577
0.08609030113050205
0.10568453509137607
0.00937277617842408
0.06764961767921818
0.030215170675708683
0.14071196921413745
0.32075238281698853
0.3657913280886598
0.37230120109748566
0.5658122138197963
0.7714106257329305
0.13230606512662435
0.21744880346616752
0.4321385372084807
0.015476403311578735
0.009353803577476227
0.07599710734841414
0.13246527635832195
0.17291424203162345
0.18965364562968753
0.1720392178677185
0.12288266111487495
0.08015475682323503
0.06399924631531606
0.05327793596202435
0.048936163803227836
0.048038819426638686
0.037266298659038244
0.00009667408978483033
0.06317902377118355
0.11405788192919711
0.13392870626384634
0.13622967669368996
0.11125598788739241
0.07142397084688609
0.04936380876501481
0.1036283406908429
0.030647096668143872
0.2964797309862018
0.7649765342798729
0.5773472613479451
0.34276345504786176
0.40622775140605577
0.45002156137357946
0.42808012456916245
0.49035380978809306
0.49342012803639623
0.4305030349513483
0.3707376840831278
0.509462264067349
0.18271867757150223
0.1427564769131311
0.3621699409911998
0.012844618023475527
0.07792878064721857
0.20698184320774884
0.019858651064855647
0.01180699572665525
0.41652397559502313
0.013716648621793743
0.0016556576536618864
0.17003908165823495
0.00478077765908724
0.009316682390832639
0.05931464980845459
0.028004606260454284
0.03352315752268391
0.03619153208680824
0.062113010697274706
0.0871464669131736
0.11424679437460691
0.1209561739906743
0.08679323066106778
0.16706104216228665
0.09884643069164784
0.07680737142221584
0.10048294206892373
0.003106391491831048
0.05432792802017877
0.034780486257982725
0.16815838227712443
0.14753067583771218
0.18510716223234297
0.39691003611557685
0.3553231615769368
0.30511241183208965
0.4171213661320144
0.34973045070857756
0.34666358982848217
0.1933985614752983
0.2692909225468198
0.3307189829411205
0.4134597335350075
0.4440043062613172
0.39097206885992886
0.5029724638162962
0.7290481262986026
0.1347328000475531
0.020161217894907435
0.09102996632355063
0.15690449646174315
0.19515892067906945
0.20564061362276367
0.1897239358749872
0.15825199699281733
0.1271628640958733
0.10439558309679337
0.07902596184581426
0.0591159784905939
0.08959473240930776
0.19605101630260555
0.18983518771223448
0.4465832216304381
0.27417308537369156
0.21841829462091777
0.18404338541807766
0.1561714732531895
0.13400193807873556
0.11696994148233625
0.07663449721260182
0.07407603798216514
0.2710109103281513
0.4204526344948981
0.4317083556667307
0.42438017451359705
0.3828696573032113
0.24585893918063018
0.05136509738887765
0.04432632013374426
0.010236436407297253
0.05108034575980621
0.13782841430947534
0.2718126404102515
0.0944802374837559
0.4279604224060692
0.3075437831067446
0.314272052478339
0.33329924782175613
0.35809584541962486
0.3706181852990787
0.3256690565896041
0.136472994797249
0.0002973237559660835
0.11158610740183951
0.18526112768517475
0.2234036640327891
0.26487827015258864
0.3731520670245616
0.03807952334851722
0.23147794384340295
0.008305221441324201
0.0467486089062232
0.06809231928286362
0.08448379134914379
0.05108042573164671
0.08948457206243607
0.20855783321764393
0.2152867911339512
0.21143214613575062
0.19740498713594687
0.08281418690766532
0.07578841063622312
0.4299419444029008
0.14588021736131654
0.2175472556616248
0.3376837062698877
0.36801130318414427
0.34503525061460744
0.2756332375258389
0.17459780322237362
0.08704960888806776
0.04370756678753734
0.04629263043277002
0.08058942831013305
0.10800671965072974
0.10501307500083609
0.00670939163193322
0.13529492453923914
0.21441377046248877
0.2872074845162069
0.32965717822510515
0.13912170772245164
0.34430269531255486
0.4036069519492331
0.26077332514976503
0.5065928177482486
0.07075481305295163
0.20159672504099735
0.2775855434233584
0.296519753681152
0.20597568127051763
0.1085173598207705
0.10218891897670916
0.08348171172499258
0.04405742243226844
0.025013456854267677
0.12110178593809488
0.1888218510645343
0.22097200634681036
0.22237154005965012
0.10778535462911257
0.22073934635324038
0.1644882158137724
0.8413422839754281
0.20940771632730382
0.23884582218140868
0.28611633093683436
0.15116044750809657
0.20193419551012837
0.27573870837337733
0.24309016324885643
0.2986968939853672
0.3035074482985748
0.2781034838700492
0.32639978106258105
0.30995623861614413
0.2995545533610301
0.3065014409052479
0.27089448462445576
0.3165388051481146
0.24709822375850546
0.206284978917894
0.37780626025392733
0.1659328950204476
0.13067258973450416
0.03641228873627103
0.09384142853964055
0.08191429874733973
0.30596921313833525
0.0508094269607286
0.059083999446410476
0.1006701647069008
0.04724147352645102
0.06211616485634838
0.010690970487538157
0.07511140056217283
0.08360475542160092
0.10921239968756843
0.1012986548774492
0.0968478155955868
0.27992052876155843
0.0987532982628852
0.06797806607750898
0.054493617597970265
0.025111264945886863
0.017466772386370823
0.36535766491894156
0.10088157639449045
0.06252399267636409
0.24272584116640972
0.1993230945147179
0.16327313667820076
0.23507977329914195
0.27598234966524693
0.2457436570771906
0.2188006748655081
0.29112526780721437
0.21721535047551938
0.15624244712050958
0.19633718897813962
0.19243781447001176
0.116730994633235
0.13992095196137083
0.22451576497917947
0.2680888665634269
0.42099019079506433
0.4209788094218275
0.46078104302971834
0.5808901992527751
0.8050330025638487
0.06843904701137701
0.13950451024114313
0.24416446353743126
0.2595165594290657
0.219463644973299
0.16671514857013378
0.12671447391431273
0.1318729067003836
0.19620131638370958
0.21469352060633617
0.4821437167444085
0.32784010991569695
0.273494513978427
0.17513385436766965
0.029461091637535894
0.23141144416665668
0.4432864128469494
0.060106358265342885
0.18127904808912115
0.10023999705484332
0.20411110628261425
0.25127185108636585
0.22759922884370742
0.09386353629161814
0.009769862879381475
0.06871431819597404
0.1324218725347039
0.14620053729147467
0.021521967230387993
0.126298150640318
0.15881190224649208
0.16480369664329833
0.117563928511071
0.018635873638845946
0.444415145359127
0.647051269436347
0.43900790467552825
0.10852824568774944
0.11574784037078506
0.35867180694071965
0.12127266713470744
0.1566312537310282
0.049147196200993504
0.09930045858680445
0.11671813116108147
0.11346358388536407
0.0675753134372951
0.4147671149385451
0.5526309730901671
0.27067682784908587
0.0255570078548146
0.1317451730903237
0.252648051482917
0.20719136242376068
0.15987692462882633
0.18164891812945763
0.23042482134528838
0.31775388214671874
0.0851881625635269
0.3269383549514656
0.06689883247630315
0.03026762813771257
0.08606173306711314
0.1588339144469598
0.23452132675345677
0.4589310652911782
0.252193662037671
0.1702695034785483
0.1727933278383496
0.26724369241409307
0.2382892711492363
0.00212884148421022
0.15648209587014483
0.27953324755538567
0.23324643554816335
0.14450548448131648
0.12392222750242474
0.07713569166451673
0.04285202344766263
0.04908799787782275
0.17501521667604056
0.17344157708754654
0.048481910901479214
0.0649815239444003
0.13812040067956843
0.15144439145485108
0.15765589602492805
0.18090026380966812
0.2123794189058135
0.19720499502191793
0.08982668832342036
0.022899707477841022
0.061872939271015455
0.08293855810051927
0.05986394673005835
0.057200394154615086
0.16220644234446674
0.113086413551134
0.008285401518811852
0.3586916077606896
0.4613193155078662
0.11444078668834182
0.10856514275012523
0.35693785898172453
0.06537155942608464
0.24171926934808527
0.020094866244085213
0.008074618444188657
0.036377902021142494
0.12023351297587029
0.15443372961643287
0.13849301176576503
0.030628254884280864
0.17852780468622714
0.0730719016657399
0.2766696625227713
0.026970041768640096
0.07811872888847504
0.12742349448800527
0.1231565995610876
0.08172662480832221
0.06109256338012628
0.06773527495464451
0.061831214141890724
0.025179557430721283
0.033106176703021586
0.0622873530603833
0.03679624393754499
0.03191274404356326
0.036367170532282056
0.0722482418856879
0.18773877557605206
0.2640241944163443
0.182660961685163
0.08568546613593148
0.05793477538447178
0.14272732396323543
0.33483393411284956
0.48960442000785287
0.23244443759848224
0.07958388727534266
0.03058976513276257
0.01586278399892832
0.016676855954978753
0.07301437108206005
0.24806890476029542
0.08252224642480077
0.34297535063789647
0.1338128572552607
0.0017300755688308134
0.17414430775388337
0.2116347954489624
0.33156176722292013
0.03078424078297473
