0.026030614419836062
0.025087149110979978
0.024152316034199567
0.023226191845549943
0.022308679167460377
0.021399516254900636
0.020498291213950637
0.019604459933525997
0.01871736674685126
0.01783626675325861
0.016960348707380224
0.016088757421503508
0.015220614724877901
0.014355038173523293
0.013491156895902856
0.012628124181012779
0.011765126651690078
0.010901390102921321
0.010036182307067987
0.009168813282127986
0.008298633673243516
0.0074250320023022676
0.006547431589646602
0.00566528794296306
0.004778087341681114
0.003885347226779412
0.0029866188414426342
0.0020814923706000132
0.0011696046077978861
0.00025064895208051774
-0.000675612681397264
-0.0016093366488177663
-0.0025505838371950307
-0.0034993062841588707
-0.004455335107640401
-0.005418370696658459
-0.006387976055215044
-0.007363574074744222
-0.008344449340608046
-0.009329754865527451
-0.010318523898974752
-0.011309686698898203
-0.012302091888416328
-0.013294531767510664
-0.014285770725735725
-0.015274575718359773
-0.016259747637073912
-0.01724015233447035
-0.01821475005628695
-0.01918262209400931
0.018830258986540782
0.017790468563362583
0.016760821187307706
0.015741393730821646
0.014732041775245286
0.013732413515208652
0.012741969830070976
0.01176000925016199
0.010785696345165796
0.009818091955868247
0.00885618368383495
0.007898915144570334
0.006945212670926848
0.00599400841070713
0.005044259077617297
0.004094959965464939
0.0031451541980373476
0.0021939375365059854
0.001240459379119735
0.0002839208438243368
-0.0006764289941629809
-0.001641297541597475
-0.002611352630890462
-0.003587224882595219
-0.0045695075722557155
-0.005558753331143251
-0.006555467308385354
-0.007560096755150764
-0.008573017334246591
-0.009594516788079266
-0.01062477689080632
-0.011663854844732868
-0.01271166544055402
-0.013767965373034652
-0.014832341080644046
-0.01590420136128312
-0.016982775809166184
-0.018067119834971057
-0.019156126686850072
-0.02024854650564678
-0.021343012048165022
-0.022438070320365405
-0.023532219005497623
-0.024623946270911773
-0.025711772312569936
-0.026794290862677816
-0.027870208853027212
-0.028938382496757897
0.03209490601456297
0.030901564348606997
0.02972087480439506
0.02855290100890112
0.027397396274415065
0.026253826720119833
0.02512140383083311
0.02399912415439409
0.02288581352791849
0.02178017310081548
0.02068082449383335
0.01958635168877121
0.01849533766050085
0.01740639430593577
0.016318184851206452
0.015229438578474586
0.014138958357015341
0.013045622040455673
0.011948379259432984
0.01084624546241697
0.009738295212671777
0.008623656726900741
0.00750150944365216
0.006371086053847258
0.00523167994112006
0.00408265840466604
0.0029234814176863633
0.001753725060071043
0.0005731082036505852
-0.0006184794325023169
-0.0018209500624680186
-0.0030339938132867283
-0.004257060245034805
-0.0054893475455336516
-0.006729801156827309
-0.007977123064557001
-0.009229792344560284
-0.010486096855008564
-0.011744175238495858
-0.013002067706582715
-0.014257773470943008
-0.015509312202803688
-0.016754786583466907
-0.01799244287721713
-0.019220726524160348
0.022789113307647435
0.021481894538984136
0.02018936063500454
0.018911552885493843
0.017648123489447942
0.016398367942660474
0.015161269868336352
0.01393555488514081
0.012719749706619904
0.011512242565409198
0.010311341255079265
0.009115325559179155
0.007922491545466204
0.006731186079697582
0.00553983088234275
0.00434693642991868
0.0031511069089568133
0.0019510381900235407
0.000745511339100835
-0.000466615518140423
-0.001686414141386372
-0.002914889343182958
-0.004152976293305688
-0.005401530581104902
-0.006661310505957363
-0.007932951984345737
-0.009216937368628775
-0.010513560288735735
-0.011822889280578286
-0.013144733396102393
-0.01447861315745147
-0.015823740102466344
-0.017179007773729105
-0.01854299635461132
-0.0199139922991505
-0.021290023302963507
-0.0226689078946668
-0.024048317874079128
-0.025425850867492328
-0.026799109485918654
-0.02816578302425904
-0.029523727371222608
-0.0308710388371998
0.03712459959383796
0.03562617315166189
0.034145953612838426
0.032683918417729246
0.03123950154210034
0.029811646610490433
0.028398878666421046
0.026999388495570487
0.02561112285662498
0.024231874028747824
0.02285936271291117
0.02149130945272873
0.02012549124924573
0.01875978178066895
0.017392175431347467
0.016020797010245225
0.014643900439045288
0.013259860682234004
0.011867163686235943
0.01046439905095925
0.00905025958476191
0.007623550856507011
0.006183212461613741
0.004728351105170447
0.003258283937133677
0.0017725890196262917
0.00027115852391512707
-0.0012457506244287209
-0.002777474312945505
-0.00432291251504846
-0.005880519047790078
-0.007448313389934874
-0.00902391653953949
-0.010604611039085887
-0.012187423352521543
-0.0137692249143255
-0.015346846554302601
-0.016917199780745462
-0.01847739769255896
-0.02002486815797344
0.026977244858954197
0.02534398128054255
0.0237315872047425
0.02213996603696783
0.020568348291650773
0.019015364060153278
0.01747913937954232
0.015957407686139347
0.014447626958238313
0.012947093492558792
0.011453044455207728
0.009962743250614553
0.008473544142049289
0.006982935169593668
0.005488560964135442
0.003988229278606703
0.0024799067191394464
0.0009617100920514265
-0.0005681001010440778
-0.0021111181881575125
-0.0036687794697007337
-0.005242331570914083
-0.006832790928802124
-0.008440886749359333
-0.010066996989452348
-0.011711082693923736
-0.013372628147329257
-0.01505059464368838
-0.016743395178856757
-0.018448896059804903
-0.02016444941509571
-0.02188695806897789
-0.023612971447735248
-0.02533880839259997
-0.027060700235045365
-0.02877494549825374
-0.030478066327299658
-0.032166956352222414
0.04479494830093855
0.0429184853050657
0.041067855263330344
0.03924277686926242
0.03744202462971441
0.035663547420650143
0.03390462226292107
0.03216202754201633
0.030432219475169803
0.0287114970275984
0.026996143462425237
0.025282536857624965
0.02356722668931263
0.02184697835454122
0.02011879169321773
0.01837990265770001
0.016627778907232216
0.014860120096344687
0.013074872014867678
0.01127026075476989
0.009444849131105687
0.00759761319553659
0.00572803243173603
0.003836183675787197
0.0019228264410273144
-0.00001053351986413098
-0.0019616147593928823
-0.003927374687484053
-0.005904074216090266
-0.00788739380410769
-0.009872597008413475
-0.011854732611693009
-0.013828862112046647
-0.015790296328735826
-0.017734823467921296
0.03592877746322887
0.03388107424415532
0.03186287110938296
0.02987369466137535
0.027911900479659357
0.02597483375137738
0.024059034334767415
0.022160463719842483
0.020274731448155642
0.01839730140686141
0.016523663520544574
0.014649462939311658
0.012770585899660458
0.010883208013084816
0.00898381590909908
0.007069216236127163
0.005136546623812077
0.0031833013079465844
0.0012073800412325253
-0.0007928367070586528
-0.002818389574321678
-0.004869628526874142
-0.006946101758826817
-0.009046462530720306
-0.011168411786541266
-0.013308692386715809
-0.015463146399123107
-0.017626840609875905
-0.01979425801826376
-0.02195954549890078
-0.024116801018834455
-0.026260378677269852
-0.02838518707207971
0.027824271232306103
0.02558231285977902
0.023374114572785598
0.021198927086667207
0.01905453911459437
0.016937496086568415
0.014843374969058243
0.012767082968764554
0.010703149181623961
0.008645983669891555
0.006590086988443322
0.004530203372362929
0.0024614209773241025
0.00037923112696042205
-0.0017204358352955473
-0.003841178574744558
-0.005986079163467772
-0.008157631829177753
-0.010357642027610525
-0.012587100918666078
-0.014846048990663774
-0.017133449305270776
-0.019447094432018253
-0.02178357089026528
-0.024138300690733777
-0.026505671851982104
-0.028879259581514327
-0.031252128572834825
-0.03361719618066944
-0.03596762765101111
-0.03829722937835206
0.020840603241796818
0.018372712708497052
0.01594367159179877
0.013552327689696914
0.011195682254755701
0.008869191782562291
0.006567141110170177
0.004283041423958217
0.0020100105051083783
-0.0002588975346085043
-0.0025304317284836897
-0.0048109561733583606
-0.007106323558673244
-0.009421789287510085
-0.011761940552067196
-0.01413061630673007
-0.016530801349343982
-0.01896448912791726
-0.02143252114067115
-0.023934423265130067
-0.026468268542428897
-0.0290305999332173
-0.03161644433457539
-0.0342194407706245
-0.03683209228712264
-0.039446134730654336
-0.042052998867872504
-0.0446443279254892
-0.04721250300213309
0.052861780756910115
0.049928155755998016
0.04704461723519293
0.04420892316244027
0.04141604099284685
0.03865869046540987
0.03592799292294169
0.03321413804027756
0.030506993099474605
0.027796606323473028
0.025073587776153344
0.022329381607975873
0.01955646537189923
0.016748521288812435
0.013900619272876613
0.011009434063824763
0.008073493578186208
0.005093428946255918
0.0020721753399187415
-0.000984937815786957
-0.004070265078949947
-0.0071741316383377995
-0.01028533906636861
-0.013391865622002785
-0.01648170217324968
-0.01954373820584665
0.052249894610888886
0.048947725917246054
0.04570486382821953
0.04251786717859751
0.039379597773311625
0.036280023254439686
0.03320715817901415
0.03014800863221201
0.02708941580430918
0.024018741339299488
0.020924388627484303
0.017796196134263892
0.014625761113364333
0.011406750066999538
0.008135228116191995
0.004810000967747086
0.0014329221106335055
-0.0019909133250065048
-0.005453177964518663
-0.008942601233132286
-0.01244557726859885
-0.015947077378386937
-0.01943179444163029
-0.022885396928033208
0.05458067729532445
0.05119044879337842
0.04786352738155891
0.04459473962232424
0.04137449128958526
0.03818986008816458
0.03502585479002715
0.03186666207982872
0.028696752371222822
0.025501785102225172
0.02226932020254202
0.018989385954538696
0.01565496311732445
0.01226242105712344
0.008811894728258107
0.0053075399519257604
0.0017575684289850013
-0.0018260412679135807
-0.005428228565342447
-0.009031939368993602
-0.012619544572822217
-0.016174437419658183
-0.020142993594080005
-0.029997848222281243
-0.020438330014267286
-0.03220611794836875
-0.02155745236055759
-0.03383901020184016
-0.019658911384835
-0.030486956480427208
-0.04060080514417516
-0.04975112558338379
-0.02256859906699507
-0.02629574078797728
0.41214693096666116
0.3604537343396383
0.3110408404664028
0.26491532240961985
0.22304587673728685
0.18633150980369106
0.1555683300282093
0.1314174556015546
0.11437831809278154
0.10477206280386092
0.10273870528169415
0.1082491287765791
0.12112963642322117
0.11229676578725908
0.09648400902670967
0.08797930859294492
0.08704455864975119
0.09380744638331315
0.10823192192343387
0.1301004412989315
0.1590086630159107
0.1943771818402111
0.2354747408556465
0.2814486988046022
0.33135813405561654
0.3842059518721072
0.43896788207789056
0.4946175969027333
0.5501480703213748
0.6045897346623813
0.6570260926116839
0.706607358687471
0.7525625463671162
0.7942102532558278
0.8309680401863018
0.8623597477321934
0.8880273211515624
0.8918274279456739
0.8893559050537783
0.8811602342116089
0.8671136146753872
0.8472176550564661
0.8216011639016748
0.7905172077766001
0.7543385738610178
0.7135517531506904
0.6687495359106013
0.6206222762524124
0.5699478303440392
0.5175800962582685
0.464435979601219
0.41148048276596544
0.3580283286859093
0.3089976042920345
0.2657684712162203
0.2296380791683164
0.2017457446346968
0.18299674206692707
0.17399865629607852
0.17502579918920347
0.13636653378071711
0.0925831437947805
0.05786802575949018
0.03310826296318181
0.01903200742432498
0.016127291714188863
0.024572872219272845
0.044201263245540745
0.07450509331762334
0.11468317081308896
0.16371163388608403
0.22041994702958992
0.28355772548604524
0.3518458496516713
0.4226979088584312
0.44876947878832035
0.48053824896450464
0.5167497826578629
0.5560623595229897
0.5971105151075214
0.6385592512981383
0.6791474996125038
0.7177214944332544
0.7532596925469126
0.7848910534546177
0.8119081562748026
0.8337769943135128
0.8501432389895536
0.8608359197255622
0.8658687084027347
0.8654386716351861
0.8599222337282061
0.8293095409397835
0.7861038160796687
0.738528010474358
0.6872197328722731
0.6329656676303019
0.576691684428143
0.5194505864292454
0.46240661167035124
0.4068152364724012
0.3499499100483125
0.29613919176994824
0.24674321127275273
0.20304795830309114
0.16621123494067108
0.1372074414158339
0.1167787359218328
0.10540201037159247
0.10327993224056045
0.11035927798048142
0.1263724259911693
0.10670723013749078
0.09150696174035036
0.08532759974606563
0.08844201354268999
0.1008986837417869
0.12248218848314632
0.15269822179276055
0.19078667576290426
0.23575808033936357
0.2864443469899383
0.3415542576378691
0.3997265002018613
0.4595764188455745
0.5197354553091055
0.5788839239726503
0.6357784002456207
0.6892749883642137
0.7383494273243321
0.782114623930939
0.819835745322916
0.8509434294531071
0.8628109963864918
0.8615589774135831
0.8536083338299096
0.8387534377949692
0.8169790280760949
0.7884582958939659
0.7535477583224456
0.7127792148820785
0.6668490273462443
0.6166048963904988
0.5630302132917022
0.5072259223200543
0.4503896278341593
0.3937914257611627
0.33684500911775467
0.2857276830546382
0.24227284215784947
0.2081484339214365
0.18472955810231867
0.1729808419558232
0.17337925774938784
0.14018772286020081
0.09152342123023405
0.053907445514409236
0.028521638573753283
0.016287444671611306
0.017732956147020196
0.03289299835674969
0.0612784697974067
0.10192537658599454
0.15350197054413234
0.21443665373410165
0.28303399783052435
0.3575625963205417
0.4121652553559335
0.4400430798831881
0.47419957235176585
0.5129175488630918
0.5544007705651927
0.5968712788877847
0.6386479635784414
0.6782060149480895
0.7142199647622762
0.7455939319109985
0.7714822569866755
0.791302780823018
0.8047446384267561
0.8117709476816337
0.8126165633816546
0.807780505235032
0.769049290528723
0.7212709995900703
0.6688765185615181
0.6127814272399043
0.5541142424978598
0.4941976075302093
0.4345237928869314
0.37672189546999635
0.31774024118543437
0.26283870488557015
0.21379316156381334
0.17223858000097902
0.13957835380067923
0.11689877480336439
0.10490586417044256
0.10390155800818063
0.11380750248340565
0.12546431191514149
0.10099020615400578
0.08686460405231272
0.08358201373496507
0.09134394065170998
0.10998389805477765
0.1389313253255295
0.17722255188531724
0.22355528205828146
0.27637089949447385
0.3339456671513033
0.39447690319030754
0.4561572182889831
0.5172355240883111
0.5760665195267425
0.6311511970132613
0.6811705559382564
0.7250139503513039
0.7618039655631356
0.7865945704415619
0.7858050288131676
0.7777314302693413
0.7620376987880484
0.7386644855458402
0.7078270124872482
0.6700067285313579
0.6259374575004684
0.5765865513788379
0.5231313606385098
0.46693105062413254
0.40949339580722943
0.3524356816918098
0.29562415292121613
0.24662428255399105
0.20778260426954479
0.1811131679446333
0.16809218388445457
0.1695049267194139
0.14360841414162884
0.08993449575427179
0.04959208229395107
0.0241560390264077
0.014759641750721336
0.021880660214862596
0.045214008286769136
0.0836883003794947
0.13561469148422128
0.19890036421285534
0.27125561007410204
0.3503510527873066
0.38436590812191224
0.4104041055125712
0.4432283016034777
0.4805926808275987
0.5202076089961418
0.5598856888248174
0.5976534601204722
0.6318307418375415
0.6610841176156496
0.6844596315598944
0.7014011616790413
0.7117575906805509
0.7157786861794126
0.7132312756071376
0.666770523464383
0.6151519854807133
0.5593425985215863
0.5006374788007869
0.4406323420538724
0.3811848921032404
0.32436032162425243
0.2669712724395254
0.21503850637959496
0.17081366431542205
0.1362837761951699
0.11302401544707422
0.10207885241444628
0.10390507533732607
0.11839626899956102
0.11934019965581993
0.09414528141840198
0.08123236475833268
0.08108067913027123
0.09367025048348646
0.11840263814143576
0.15410132883808242
0.19908958011130962
0.2513234186711022
0.3085424516470567
0.36841113708282996
0.4286375109974458
0.487067735053508
0.5417602916986564
0.5910446009847533
0.6335680018874847
0.6683336792198707
0.677167303792448
0.668030722895099
0.6510872651270466
0.6261765964806195
0.5935372791467877
0.5537948108956559
0.5079385474170436
0.4572886286675662
0.4034533761486983
0.3482767636404574
0.29377451408948013
0.2391234793614945
0.1904961629035523
0.15029736822076784
0.12059931116918804
0.10297161862781026
0.09835732389601559
0.10703294478688286
0.12866608950259276
0.1022042195356268
0.08238115941193863
0.07569575954483904
0.08233101630971199
0.10183266051471379
0.1330841458399315
0.17437527995908586
0.22354817171364172
0.27817522055728156
0.3357313696508943
0.3937405898574789
0.449892267311085
0.5021314066570239
0.5487284355807089
0.5883346873872044
0.6195907470436501
0.612662231358786
0.5984058264781719
0.5764216135748687
0.5467650347135657
0.5099406040009321
0.4668798864511897
0.41890555243059624
0.3676824108572438
0.3151551639852507
0.26347127480748966
0.2120575226748786
0.1673126145109688
0.13179397390270964
0.10764121201147864
0.09638212493258552
0.09880924018017587
0.11496711475611265
0.11512209971027726
0.0878552300070902
0.07401991557304283
0.07405332202080811
0.08769896279317943
0.11394428139526347
0.15107315557080836
0.19682129483010707
0.2485853722340184
0.303633884997809
0.35928932138427877
0.413072738204128
0.46281427606762515
0.506736580086147
0.5435197808500111
0.5587556245249639
0.5466516878283645
0.5272914525003869
0.50048684170592
0.46656918064629876
0.42637191850221884
0.3811934466752398
0.33274165397609884
0.2830602811091362
0.23443536572026732
0.18928818169000244
0.1578764994969399
0.1433417144208217
0.14771297980671727
0.16031258935116796
0.09374578529796687
0.045346901154030006
0.017916292273717077
0.01314915193638938
0.031134785868155435
0.07024089248870186
0.12745581967730735
0.19897828698402092
0.2807816642879041
0.2877424987540747
0.29841272493829396
0.31847859017014035
0.3446667795738609
0.3737497977614304
0.4028844230852552
0.4298484656436949
0.45317741048947924
0.4722234337675907
0.48715196984536496
0.4701534853244982
0.41648445058760003
0.3607986362270649
0.3050522445764989
0.2518115808023272
0.20410797820518467
0.15887283585596934
0.12320524435946736
0.100310131649987
0.0925491229986189
0.1011556036912388
0.12616355906479054
0.11056019607979084
0.08080373341937341
0.06760825720759117
0.07117077504942865
0.0904840507092064
0.1233751736245256
0.16676699774321901
0.21707279025242304
0.2705978455082053
0.3238736207172252
0.3739057236562679
0.41834712928040224
0.45561366685710897
0.44568298209057583
0.4223648558351917
0.39230815047295753
0.3558497009073286
0.3141242289923468
0.26899755884623205
0.22295094326100495
0.17891441845665296
0.1330344589573297
0.0985952654627642
0.07901287753997566
0.07654806107260381
0.09200263280099749
0.11440214438346613
0.06948026853854677
0.04132821113116095
0.0306545878735745
0.03688796965163346
0.058084824211673824
0.09110963261209096
0.1321478635565007
0.17723797329395635
0.22272319479518535
0.26557618095274044
0.30359078064226497
0.330813769901149
0.30001017469073715
0.2641635721920191
0.22335562501881442
0.1785756666014393
0.1316720469641594
0.08523201440278516
