0.75 1.119378685951233 -0.05000000074505806|0.75 1.0 -0.05000000074505806|0.75 0.5408700704574585 -0.05000000074505806
0.7447408437728882 0.3857194185256958 -0.05000000074505806|0.75 0.0 -0.05000000074505806|0.7540231347084045 -0.29506537318229675 -0.05000000074505806

-0.11928117275238037 0.24517588317394257 0.0|0.0 0.25 0.0|0.0980709046125412 0.2539663016796112 0.0
0.3305715322494507 0.3789662718772888 -0.050000011920928955|0.3190625309944153 0.5029747486114502 -0.050000011920928955|0.3075535297393799 0.6269831657409668 -0.050000011920928955
0.0520348995923996 0.75 0.0|0.0 0.75 0.0|-0.07053381204605103 0.75 0.0

-0.11915725469589233 0.11773249506950378 0.0|0.0 0.125 0.0|0.08752664178609848 0.13033832609653473 0.0
0.31511473655700684 0.25533831119537354 0.05000000074505806|0.31634193658828735 0.37900373339653015 0.05000000074505806|0.31756913661956787 0.5026691555976868 0.05000000074505806
0.09243549406528473 0.625 0.0|0.0 0.625 0.0|-0.05283796414732933 0.625 0.0

0.24915435910224915 -0.1193755567073822 -0.05000000074505806|0.25 0.0 -0.05000000074505806|0.25122013688087463 0.17224010825157166 -0.05000000074505806
0.5017589330673218 0.34098201990127563 -0.05000000074505806|0.5 0.5 -0.05000000074505806|0.4982410669326782 0.6590179800987244 -0.05000000074505806
0.25 0.8071479201316833 -0.05000000074505806|0.25 1.0 -0.05000000074505806|0.25 1.2950928211212158 -0.05000000074505806

-0.11928116530179977 0.37017589807510376 0.0|0.0 0.375 0.0|0.0980708971619606 0.3789663016796112 0.0
0.25244343280792236 0.5067754983901978 0.0|0.2574864625930786 0.6321885585784912 0.0|0.26252949237823486 0.7576016187667847 0.0
0.11824303865432739 0.8806185126304626 0.0|0.0 0.875 0.0|-0.14156855642795563 0.868273138999939 0.0

