-0.23875728249549866 0.5001006722450256 0.5|0.0 0.5 0.5|1.039636254310608 0.4995616376399994 0.5
1.1690179109573364 0.798218309879303 0.5|0.0 0.800000011920929 0.5|-0.5901824235916138 0.8008995056152344 0.5

1.6154168844223022 0.44999998807907104 0.6050304621458054|1.0 0.44999998807907104 0.5889122784137726|0.7743895053863525 0.44999998807907104 0.5830033868551254
0.6519110202789307 0.5667515397071838 0.373671755194664|0.6416226625442505 0.6756711006164551 0.4976201243698597|0.6292287111282349 0.8068816065788269 0.6469351500272751
0.5035448670387268 0.8577753305435181 0.5500000007450581|0.5 1.0 0.5500000007450581|0.49264559149742126 1.2950688600540161 0.5500000007450581

0.24915435910224915 -0.11937551945447922 0.550000011920929|0.25 0.0 0.550000011920929|0.2524402439594269 0.3444802761077881 0.550000011920929
0.7447408437728882 0.3857194185256958 0.550000011920929|0.75 0.0 0.550000011920929|0.7540231347084045 -0.29506537318229675 0.550000011920929

0.24915435910224915 -0.11937551945447922 0.44999998807907104|0.25 0.0 0.44999998807907104|0.2524402439594269 0.3444802761077881 0.44999998807907104
0.7447408437728882 0.3857194185256958 0.44999998807907104|0.75 0.0 0.44999998807907104|0.7540231347084045 -0.29506537318229675 0.44999998807907104

-0.1496194452047348 0.2434379607439041 0.4947566189803183|0.0 0.25 0.5|0.1658778339624405 0.2572751045227051 0.5058131529949605
0.24220611155033112 0.07275853306055069 0.3661807030439377|0.3697108328342438 0.12951934337615967 0.43160341680049896|0.4620460569858551 0.17062386870384216 0.4789806492626667
0.3070189356803894 0.2599320411682129 0.6007567718625069|0.3804403245449066 0.3407304584980011 0.6240138784050941|0.5269113183021545 0.5019181370735168 0.6704103201627731
0.734533965587616 0.3473469913005829 0.33692342042922974|0.8839859962463379 0.49707263708114624 0.40645158290863037|0.923084020614624 0.5362422466278076 0.4246407821774483
0.9154005646705627 0.5965255498886108 0.47631337121129036|0.8839859962463379 0.58814537525177 0.5246523320674896|0.7685789465904236 0.5573592185974121 0.7022341787815094
0.5482823848724365 0.3287281394004822 0.7448288798332214|0.5472961664199829 0.16375741362571716 0.6084999367594719|0.546838641166687 0.08722557127475739 0.5452553629875183
0.6176674962043762 0.16375741362571716 0.4587920494377613|0.7023135423660278 0.16375741362571716 0.4069051072001457|0.8050360083580017 0.16375741362571716 0.34393754601478577
0.8853091597557068 0.16192913055419922 0.35508306324481964|1.0056849718093872 0.16375741362571716 0.3502720445394516|1.0313220024108887 0.1641467958688736 0.34924742579460144
1.04551362991333 0.16496053338050842 0.35445860028266907|1.0710219144821167 0.16573107242584229 0.3571398854255676|1.0965301990509033 0.16650161147117615 0.3598211705684662

1.1532251834869385 0.41999998688697815 0.5|1.0 0.41999998688697815 0.5|0.857792854309082 0.41999998688697815 0.5
0.7739295959472656 0.4366340637207031 0.47498298808932304|0.6479829549789429 0.5009199976921082 0.4686732143163681|0.578326940536499 0.5364739298820496 0.4651835337281227
0.5429185032844543 0.5751543641090393 0.44230394065380096|0.4968410134315491 0.6326847672462463 0.4686732143163681|0.4526156485080719 0.6879027485847473 0.4939825665205717
0.4319787323474884 0.7231115698814392 0.5487655326724052|0.4319787323474884 0.7683249711990356 0.5888116583228111|0.4319787323474884 0.8357185125350952 0.6485030353069305
0.49894702434539795 0.9227749705314636 0.44999999925494194|0.5 1.0 0.44999999925494194|0.501052975654602 1.0772249698638916 0.44999999925494194

