-0.01954726129770279 0.16650161147117615 0.3407370001077652|0.0710219144821167 0.16573107242584229 0.3571398854255676|0.1615910828113556 0.16496053338050842 0.37354277074337006
0.2315324991941452 0.16419704258441925 0.3411559909582138|0.30300581455230713 0.16375741362571716 0.3991542384028435|0.37467414140701294 0.16331659257411957 0.4573107324540615
0.4044012725353241 0.08534735441207886 0.57099649310112|0.3921407461166382 0.16375738382339478 0.6181162372231483|0.37898993492126465 0.24786119163036346 0.6686576008796692
0.25528332591056824 0.25494569540023804 0.5296530555933714|0.26805222034454346 0.34590277075767517 0.4927126970142126|0.279067724943161 0.4243699908256531 0.46084483712911606
0.3431990444660187 0.4836605489253998 0.4394210875034332|0.4191943407058716 0.5028578042984009 0.4733355287462473|0.5049996972084045 0.524533212184906 0.5116279106587172
0.5318752527236938 0.48565906286239624 0.6023235321044922|0.5742117166519165 0.40790966153144836 0.640550971031189|0.6177152395248413 0.3280169367790222 0.6798322349786758
0.5964854955673218 0.2241455614566803 0.7119602262973785|0.6052151918411255 0.15600645542144775 0.640550971031189|0.6137526631355286 0.08936731517314911 0.5707136541604996
0.5875687599182129 0.08128327131271362 0.4367292672395706|0.6052151918411255 0.16569504141807556 0.39252322167158127|0.6159394979476929 0.2169947326183319 0.36565782129764557
0.6652442812919617 0.24639546871185303 0.45142989605665207|0.6321252584457397 0.2885315716266632 0.4758450463414192|0.49027302861213684 0.4690049886703491 0.5804177671670914
0.08485113829374313 0.41999998688697815 0.5|0.0 0.41999998688697815 0.5|-0.2679520547389984 0.41999998688697815 0.5

2.414210796356201 0.8017380237579346 0.5|1.0 0.800000011920929 0.5|0.7055573463439941 0.7996381521224976 0.5
0.5107479095458984 0.8289715051651001 0.44999999925494194|0.5 1.0 0.44999999925494194|0.43718835711479187 1.9995040893554688 0.44999999925494194

2.414212703704834 0.5007551312446594 0.5|1.0 0.5 0.5|0.32231438159942627 0.4996381402015686 0.5
0.5235226154327393 0.7203860282897949 0.5500000007450581|0.5 1.0 0.5500000007450581|0.41594913601875305 1.999114990234375 0.5500000007450581

1.2387518882751465 0.2507500648498535 0.5|1.0 0.25 0.5|0.792447566986084 0.24934795498847961 0.5

0.24915432929992676 -0.1193755567073822 0.550000011920929|0.25 0.0 0.550000011920929|0.25244033336639404 0.3444803059101105 0.550000011920929
0.7447408437728882 0.3857194185256958 0.550000011920929|0.75 0.0 0.550000011920929|0.7540231347084045 -0.29506537318229675 0.550000011920929

0.24915432929992676 -0.1193755492568016 0.44999998807907104|0.25 0.0 0.44999998807907104|0.25244033336639404 0.3444803059101105 0.44999998807907104
0.7447408437728882 0.3857194185256958 0.44999998807907104|0.75 0.0 0.44999998807907104|0.7540231347084045 -0.29506537318229675 0.44999998807907104

1.2387518882751465 0.2507500648498535 0.5|1.0 0.25 0.5|0.792447566986084 0.24934795498847961 0.5
0.5464441776275635 0.44999998807907104 0.603224016726017|0.0 0.44999998807907104 0.5889122784137726|-0.25408756732940674 0.44999998807907104 0.582257553935051

