1.4121469323788078
1.360503646503872
1.3098677657369455
1.2610184068843602
1.2146958674862465
1.171587960830051
1.1323180162698647
1.0974353191536628
1.0674086890614007
1.0426236300018843
1.0233830156593255
1.009910659668305
1.0023565195667006
1.0008019041156417
1.0052630805984062
1.0156921713403562
1.0319750699427541
1.053927035115265
1.0812873350017946
1.11371460417444
1.1507844224970436
1.191990112244409
1.236747135591089
1.2844009090321304
1.334237470044695
1.3854962532258834
1.4373842203169183
1.4890906766879524
1.539802235965434
1.5887175230630641
1.6350613126457243
1.6780978789345773
1.7171433864322325
1.7515771858639524
1.7808519020253164
1.80450221708202
1.8221522577932625
1.833521526426429
1.8384293028680208
1.8367974785030716
1.828651790642923
1.814121444052715
1.7934371230872534
1.7669274147074203
1.7350136786375379
1.6982034156725443
1.6570821984295425
1.6123042408633594
1.56458169451393
1.514672772624148
1.463368821244589
1.411480484177446
1.727260806835241
1.6260220793071258
1.5282960543677513
1.436411449511625
1.3511905659038472
1.273795832557018
1.2044966808927102
1.1448361013722967
1.0956579146372853
1.057501615731422
1.0307547708890157
1.0156675677125444
1.0123667006302093
1.0208648997857903
1.0410636311995842
1.072748386740051
1.1155778656396553
1.1690698614345236
1.2325874691097345
1.3053291818136359
1.386325647804411
1.4744445932482917
1.5684040536633952
1.66679293627905
1.7680972364118366
1.870729983278097
1.973063095510497
2.0734596360481428
2.170305332110954
2.26203857359104
2.347178375629524
2.4243499789669625
2.492307877088213
2.549956122726133
2.596365798224915
2.6307895506287187
2.6526731039305966
2.6616636738995725
2.6576152280204
2.640590554748518
2.610860131587804
2.5688978087271286
2.5153733521545227
2.451141915325346
2.3772305299323393
2.294821723164242
2.2052391855528417
2.110188059635646
2.016288043513228
1.9571554289809159
1.9397926111358077
1.9623891236706021
1.873869890433162
1.7572261412172803
1.6314522616856104
1.5108619227146098
1.4013960521900086
1.306699429674978
1.2216099616117866
1.1500480311913726
1.0941372756745233
1.0548620688153985
1.0327078244577759
1.0279023272024321
1.0404730773739632
1.0702791290716083
1.1170134484041168
1.180190354191614
1.2591243451015273
1.3529071075241619
1.4603887619568963
1.5801683510143607
1.7105968623064947
1.8497932819274951
1.9951876729995937
2.1449362150978204
2.296761234334601
2.4482407830441697
2.596933990990441
2.74043020457249
2.8763956056371915
3.0026163885279216
3.1170379671571635
3.21779992918361
3.3032665893754114
3.3720530565578577
3.4230467506181825
3.4554243117069436
3.4686638483638736
3.462552481997926
3.437189164079307
3.3929827678452167
3.330645494898982
3.251181705958959
3.1553849277914514
3.0449011925111975
2.921940603772617
2.789466489403205
2.6546239597691668
2.530117969307843
2.43122161678239
2.3499958240207146
2.262927820402451
2.1336100400988887
1.9820039312033078
1.8225693995627001
1.6678651491361265
1.5259407295842962
1.400804338484047
1.2939142959437582
1.2029028074963422
1.131392544832686
1.0810269026552228
1.0543201288834472
1.0525962337634438
1.0832313272152438
1.1493846158999548
1.2342633278105388
1.3391619618568495
1.46604243450557
1.6087675576516924
1.766306031364962
1.9360222283084794
2.1154727392363917
2.3015933826991506
2.4963764599331815
2.694771984065942
2.8932607436257123
3.0883306496622005
3.0871986151493447
2.8314907730044987
2.1067158895111078
2.010309752531175
2.004026616285411
2.0616123430807947
2.1265285169015518
2.1823869727931346
2.2196536591526734
2.2343363395159384
2.2248931889944927
2.190875593256548
2.1328015657426644
2.051306572769074
1.9486002983985145
2.03470458441383
2.344734183646261
3.01405188778901
3.0486744285064518
3.0587421384961853
2.9260459104815593
2.7526419968326206
2.584304852459688
2.3985227515372665
2.2040001235762343
2.0070821073177916
1.806764678608937
1.6085695113277485
1.406344798970995
1.272763268009073
1.17509685574877
1.1121453773141694
1.079348994008367
1.078607694139648
1.1311246922776235
1.2070453095377365
1.2933612285099034
1.4195723094737045
1.5722378627627431
1.7467474229711764
1.939078260166109
2.1814862484141977
2.460223953116406
2.764524959882206
2.852816670851069
2.6683840427348122
1.9922555750262667
1.694374803722679
1.3388738770209252
0.9709538110472633
0.8389841348785259
0.8296816521922759
0.8683701218375361
0.9154552516873471
0.9485608175265537
0.9558121937217894
0.9497137707033376
0.8923109121084244
0.7784194175372936
0.7360315502956095
0.859304928863787
1.1175012377047888
1.4238920181942771
1.696035069226616
2.1210484593805576
2.853855584908811
2.901656351761242
2.804592245399398
2.616268307763219
2.3987660014926764
2.1664457820599976
1.931980368294274
1.7050289771185256
1.504721588724479
1.342570760756725
1.2219133390429375
1.145842182856293
1.108092031653427
1.1109333386952036
1.1734527947811015
1.2538300269439446
1.351022091793946
1.4971806953984177
1.6750250284619117
1.881902342671013
2.120254537326317
2.415886360952182
2.714653272363795
2.920718112181444
2.978949953209807
2.8237577087111636
2.490987620334667
2.1974049661772397
1.9447071153968947
1.726516521028583
1.580147432715072
1.5793568594918486
1.5958550030444572
1.6152961483206365
1.6153091000150395
1.5951163355499598
1.5322785466235511
1.458355050362459
1.4579891102439724
1.5615034377451982
1.7527305364437895
2.002701041065481
2.3137738145730338
2.681241311575538
3.0050783730760156
3.0818221728729633
2.9902977459888347
2.79900862959731
2.5606834781328844
2.3027084962958626
2.046858036694337
1.8022142424361778
1.5928123088161037
1.4133652587872194
1.2752144358918733
1.1870744953694747
1.153566645325409
1.1796818210703628
1.3038508863217386
1.4147205998879429
1.5747576674446395
1.7739654533254747
2.0130617638087878
2.2883438014325397
2.6065102244404645
2.894769305714006
3.0648860563106815
3.1374065948168544
3.060594319361743
2.8748233037963984
2.66186393221761
2.4886201260948795
2.3622355800149237
2.236617936988656
2.222237214161879
2.2282944693879134
2.2354112673719646
2.222501054135588
2.2182006869683857
2.1792456302666223
2.142018915916624
2.207329033788602
2.3504206100950555
2.5587815082157626
2.8129733436028683
3.069937325643955
3.239732659805279
3.2746357966509456
3.1640920767552307
2.9596078553743443
2.6986252723078277
2.4098575270423495
2.1353594290322824
1.8471392813089922
1.5524065079912863
1.3605048898774084
1.238228054386811
1.195161523267084
1.2469599758335086
1.3746215634828194
1.4806492932324573
1.6535526773399472
1.8697946459668218
2.1329744385534224
2.430257087451043
2.57296594011588
2.430781869594079
1.730957047971254
1.5851121454047434
1.4236510048107447
1.2686634721779702
1.1077553065598489
1.0148852814372016
0.9528554253451563
0.8168574787552586
0.8446577573013493
0.8296075331047449
0.8156320368992505
0.8010463535312133
0.8379496312056111
0.8070320590735328
0.7793652504019342
0.7967284696507317
0.9056471239855297
1.081638838941114
1.2702470849259835
1.437005765075861
1.6680312559215094
1.9914340270535922
2.6582325725543954
2.615023864932429
2.4303541232448556
2.177525424123021
1.8983174999442862
1.646202140255075
1.4392220706725594
1.3041467684540078
1.2501183790717085
1.3058662629647753
1.4298101226587785
1.5450372650245903
1.7302072837735756
1.9578518867722339
2.2088674820071765
2.400420759276285
2.4161422023791057
2.0663759672259983
1.896093134145406
1.7491730527943878
1.626602833604674
1.5244324277688306
1.494688233624357
1.4708779884925705
1.3573703498479168
1.3229363433031847
1.2969752468954563
1.3003629946434048
1.3596762716716864
1.3071915416892441
1.3021579844328044
1.3648949674796718
1.483795148551079
1.6356849799919
1.8167062981492001
2.0600462964664166
2.3442100922573306
2.6002290108842967
2.589290771341
2.4288589936148455
2.2024896769285682
1.9430134008655806
1.7110671845044754
1.5135636736580262
1.3935153648168206
1.3619132308539388
1.479399170935937
1.6310661376416502
1.8032657118365703
2.012733608208153
2.2167287042345487
2.3411357338616456
2.4241659644975675
2.2099955284608686
2.0530829121685734
1.946176840439841
1.880455844587523
1.8951864565573822
1.8872538221899349
1.790212337575072
1.7651166111132772
1.7473412770251948
1.760380043910772
1.7992240267666417
1.763138645641605
1.7541783429712337
1.7896999694125735
1.8773859752077633
2.0342601433666263
2.2577248032143964
2.5227832901428484
2.6167676021254693
2.537802757726618
2.3938929155900066
2.1605579950512728
1.8359746979704372
1.6077856860447188
1.4778538525408378
1.5012726834738281
1.645517609903186
1.7359527611227155
2.0058803559731184
2.192547844692525
2.3563854924833696
2.466114710091018
2.343183675756194
2.280364260851547
2.2177478713501766
2.1973523081785924
2.263954643848613
2.2884310185673504
2.1565070617565856
2.134413421403917
2.1468326782346936
2.2052980244047915
2.1398212661368348
2.1698102468283516
2.224643015111612
2.35917384842957
2.5206999351915735
2.6673923252977922
2.667438967305561
2.5576187711854774
2.3695219562729917
2.146372773581853
1.8905544440078634
1.6703018115761998
1.5457691535836409
1.5691933894274177
1.7267023241874473
1.7812954461208617
1.9889671849658777
2.156906295609407
2.327012628007027
2.461939667691871
2.4065191370651062
2.4057568896728663
2.3972430002121556
2.412140426271542
2.504706536753941
2.516079118827901
2.3929588491949225
2.3724255394623297
2.3830583018520186
2.433358638800177
2.3635812437725345
2.3859282586964046
2.4342333032005143
2.5319956370300707
2.627456657597246
2.603694850319823
2.4611128287460087
2.308428886554645
2.1156581073350154
1.7929645370533518
1.5721928938502288
1.5766693505471796
1.718124424198949
1.8000072336727826
1.971551227502746
2.09933519449071
2.267721194143799
1.4846675907054698
2.379931124925985
2.3786604773140807
2.399421092073674
2.4849355518256235
2.4964298943823593
2.3950340168925903
2.3675148053400292
2.377130829717564
2.4292634700125055
2.3633034988546866
2.3853146097569855
2.4183009840103424
2.5072871085958366
