1.4121469323788078
1.702560567679136
2.411419626702094
3.2758941407316486
4.199242984949267
5.148150757790634
6.108984130549467
7.075159064344999
8.04303480354556
9.010359952530246
9.975604901880775
10.937644634284432
11.89559536861312
12.848724740315795
13.796399670863298
14.738054709393156
15.673172055940997
16.601268539209947
17.52188689140278
18.434589767254167
19.33895556839846
20.234575487799308
21.121051399030087
21.997994343479526
22.865023448867863
23.721765163894293
23.71669321109457
22.836877640997344
21.948237983125512
21.051163561449684
20.14604725560066
19.23328526402287
18.313276849659054
17.386424069177526
16.45313148757999
15.513805880802181
14.568855929602941
13.618691908597837
12.663725374704006
11.704368859502322
10.741035570079367
9.774139102780174
8.804093173986645
7.83131137154903
6.856206929857208
5.879192530772389
4.900680131779338
3.921080821801187
2.9408047041810543
1.9602608054179742
0.9798570073857772
1.411480484177446
1.6956036119659603
2.3948888082016637
3.249800982524912
4.163698823654359
5.103109790589674
6.054292112074897
7.010590041012919
7.968310490899292
8.925160104999817
9.879573233049655
10.830392443293404
11.776703911296412
12.717746871086929
13.652861037694882
14.581454663172778
15.502984372645525
16.416942019275275
17.322845881305444
18.22023463666015
19.108663168662808
19.987699612212893
20.856923260993963
21.71592308521326
22.56429669006788
22.558859013922017
21.68606771899214
20.804257968360947
19.913849435484302
19.015265733803577
18.10893413096477
17.195285239770605
16.274752687461618
15.347772766114563
14.414784068045519
13.476227111051873
12.532543959075623
11.584177844378013
10.631572797557606
9.675173291703617
8.715423906653882
7.7527690187348774
6.787652520524318
5.820517574133543
4.851806400303523
3.8819601042999854
2.911418538239625
1.9406201981426778
0.970002152747721
1.4068152378792167
1.6966091403720087
2.4084735051143684
3.27590429864483
4.201490579234901
5.151821755823042
6.113213441958983
7.079020892369
8.045533259392226
9.010423650404748
9.972084270494822
10.929310793069387
11.881139869633262
12.826759782425913
13.765458571076794
14.696592519041479
15.61956626899442
16.5338198753304
17.438820156777197
18.33405480745962
19.219028332629676
20.093259224697498
20.95627800240473
21.80762586237953
20.936737360607676
20.048366489908766
19.150634690521525
18.244028057170272
17.329037233776415
16.4061570061613
15.475885861559034
14.538725519069775
13.595180437085778
12.64575730536027
11.690964530666227
10.731311725834061
9.76730921231085
8.799467546225927
7.828297077280484
6.85430754863417
5.878007744395772
4.8999051894188606
3.9205059039537513
2.9403142134266265
1.9598326113231603
0.9795616709652943
1.3937914271549539
1.6788832356116756
2.3822338097559124
3.2397979316227126
4.154833398236755
5.094117104652569
6.044016686065113
6.997891995267412
7.952017350165765
8.904042195241917
9.852330801694299
10.795648782955002
11.73300168311932
12.663546201216686
13.586538637263068
14.501303570873501
15.407214106483044
16.30367902812551
17.190134245440284
18.066036998710118
18.93086189309745
19.784098178290204
20.625247894941303
19.763329594036993
18.88356774444138
17.994239481870657
17.095872569688687
16.188999803117817
15.274158505620305
14.351889983280797
13.422738943513009
12.487252887023311
11.545981484135968
10.599475948179515
9.6482884195484
8.692971374224301
7.73407706995053
6.772157041926871
5.807761657901793
4.841439739994866
3.873738257625915
2.9052020927269044
1.9363738751473398
0.9677938830194258
1.3767218968467183
1.6710525801616718
2.391426150889212
3.2644573774977936
4.193157881168036
5.144746016546066
6.105819591200338
7.069825336593407
8.03305101041515
8.993121745650408
9.948357323166388
10.897467658698664
11.839396195914048
12.773233832732169
13.698168967606653
14.613457184760426
15.51840218126815
16.412343425339902
17.294648008099728
18.164705200392845
19.021922807172025
19.014124311395584
18.127531712404657
17.230399763476928
16.323343417283134
15.406984027332616
14.481948667508052
13.54886938871173
12.608382422113184
11.661127342974746
10.707746212742125
9.748882719748641
8.7851813402945
7.817286541913065
6.845842049304599
5.8714901907790935
4.894871339267004
3.916623457270994
2.937381749845096
1.9577784241414833
0.9784425486178856
1.352435683044246
1.6444075795892983
2.3585277647549576
3.2226035306185894
4.140858701942156
5.081034025942132
6.029930314431865
6.981066724169148
7.930746015490476
8.876580833857114
9.816864355046395
10.750272248277277
11.675709433063064
12.592225869496774
13.49896770964161
14.395147691309443
15.280026562569782
16.152901123728057
17.013096400128926
17.85996048300544
17.851351931698566
16.974004052348256
16.085825778269452
15.187491661682053
14.27968337961779
13.36308887570985
12.438401425949694
11.506318642982833
10.567541439454555
9.62277297558427
8.672717619162498
7.7180799472699295
6.759563818104186
5.797871538407442
4.833703147306962
3.867755831234411
2.900723477410288
1.9332963656751159
0.9661609907643207
1.3243603229486112
1.6307243721065348
2.368654941599839
3.2533757717749023
4.189440265871045
5.145406947416801
6.108460456308827
7.072263014069921
8.033143713262891
8.988683016752388
9.937111053200672
10.877023445922257
11.807235453466305
12.726701944204793
13.63447108678745
14.529656410017894
15.411419418240863
16.278958557446817
17.13150215395546
16.252487518551042
15.35407043554952
14.444310310365783
13.524019429933167
12.594018228496928
11.65513397443462
10.708199367185726
9.754051077005096
8.793528268218731
7.827471151548322
6.8567196123872876
5.882111959477256
4.904483832400523
3.9246672971368213
2.9434901473688937
1.9617754162061176
0.9803410895955055
1.2937745153832547
1.600359141792377
2.3351806495648586
3.213147969434897
4.14036901038787
5.086125599419567
6.03788204337277
6.9893962971433785
7.937012237570299
8.878286421895295
9.811405273578803
10.734910092539886
11.647556020988121
12.54823476172715
13.435929968393154
14.309690460805948
15.168613700158941
16.011835443933947
15.140578924159097
14.249862515593431
13.347439546194758
12.434215034848744
11.511102996912602
10.57902475919144
9.638907178979293
8.691680815320682
7.738278110135153
6.779631641479636
5.816672510431509
4.850328916819133
3.881524967801906
2.9111797480851447
1.9402066627092784
0.9695130444890862
1.2634712760709628
1.5706855791406766
2.3030598179364645
3.174874372407527
4.093772925576472
5.02974678198952
5.970524439848184
6.909944035569604
7.844348973807676
8.771257010001838
9.688796344314973
10.59543984463042
11.489868895498434
12.370898943544677
13.237436689971137
14.088454574079567
14.922975221741906
14.058754265582168
13.175000792546479
12.279135749253822
11.372175103453332
10.455144735068648
9.529078255564489
8.595014733725664
7.653996398527948
6.707066400342408
5.75526671463602
4.799636267068057
3.841209345788575
2.8810143470305607
1.920072875677608
0.9593991958152234
1.2344353669547048
1.5425681165970424
2.273184693623081
3.1395837774710857
4.050851952103012
4.977640550665125
5.90790886800189
6.835548882834358
7.756880673647495
8.669362323946691
9.571044265558788
10.460312439183879
11.33575694748933
12.196100457494044
13.040157285720491
13.866809269567861
13.008651443789894
12.130834013904488
11.240452301358093
10.338656917936293
9.426609356812536
8.505479140405052
7.5764408927723155
6.6406714405122385
5.699347056447034
4.753640958622778
3.8047211631089737
2.8537487640413537
1.9018766809551801
0.9502488753668648
1.2041079794092924
1.5366272103528111
2.306165442458238
3.2067416620679903
4.148030930164869
5.1016251745507315
6.055821861885675
7.004549969362073
7.944027749211507
8.871544924999645
9.78495064791727
10.682413589302842
11.562299980060361
12.423107814147057
12.407909434082494
11.509028816715121
10.595457614314551
9.668657136427345
8.730104155755221
7.781286441817892
6.823698198026989
5.858835590865353
4.888192576910674
3.9132572244873867
2.935508691842452
1.9564149668801822
0.9774314019104363
1.1789144196355645
1.5150047666523525
2.287781172356955
3.187871298699442
4.126083587004307
5.07451803247339
6.021583718848017
6.961158960507348
7.889342446146631
8.803273629304083
9.700637949019487
10.579435718917923
11.437865308817539
11.421179573941046
10.522959286992648
9.60925294432148
8.681767931249318
7.742228920204731
6.792371725935842
5.8339371622082785
4.868665193854691
3.898289685139858
2.9245340088067144
1.9491077034176751
0.9737042601857271
1.0423847606718402
1.4227370087473687
2.238076573485389
3.1611772442293584
4.1125126081484495
5.06846273366507
6.019096349204852
6.958932767472726
7.884277740073014
8.792274412175363
9.680510079249954
10.546834662021183
10.530073379542713
9.626466275617947
8.706000052528413
7.770696576328815
6.822598103560916
5.863759223809715
4.896239063305397
3.9220941405289995
2.9433722388278656
1.9621075737043392
