0.0035229908869012626
0.0034628614085805507
0.0028574615989777697
0.0026327260794780163
0.0005864075462006244
0.003567574864266649
0.016235629101080895
0.02063258625080313
0.02285442311528076
0.023816831778284215
0.02433592065830005
0.024676027366559817
0.024962780497959122
0.02524215523328193
0.02553009933805147
0.025828934794586453
0.02613547772035499
0.0264443946746842
0.026749737425445286
0.027045615760801466
0.027326484365470388
0.027587244571444125
0.027823260393753164
0.02803034096781184
0.028204719489992744
0.028343046076123167
0.02844240337966963
0.028500347438295284
0.028514971519610126
0.02848498753631758
0.02840981771548571
0.028289688397632837
0.028125717795308317
0.02791998998008527
0.02767560803175524
0.02739672002193755
0.027088512228728403
0.02675434588359069
0.02630288251112622
0.024916803450683735
0.023178743167781304
0.02108926316583439
0.023771936574827596
0.024111092573292928
0.023695051225816062
0.02072016534338603
0.016688923911704536
0.011958438302765008
0.01980806126357506
0.02318473701958353
0.02484600838917104
0.025031874967328133
0.024483460135165298
0.02356702613156368
0.022519906713542544
0.02147580273387966
0.02051520471599291
0.019687632268856864
0.019024762347220323
0.018546807667599502
0.018265754339666603
0.018187004114784085
0.01831030758077877
0.01863040416502188
0.01913756503926202
0.01981812034979233
0.020654997457268634
0.021628270983018873
0.0227157144127556
0.023893339631602385
0.02513591156786927
0.02641742824753887
0.027711560844647917
0.028992052994510603
0.030233083098508397
0.03140959643705232
0.03249756581992931
0.033472885709079435
0.034295135727352336
0.034834350213926585
0.03479905258902768
0.0331713387713156
0.031059954146502672
0.02882263954691115
0.031107035520621114
0.030149974012301902
0.027214202090914776
0.02710035144689952
0.02482945466381322
0.02415748549523756
0.026271786044136287
0.027438748440931433
0.027490905206746685
0.026402628540670568
0.02455329941080573
0.02227012960051203
0.019819497799675127
0.01739285990402138
0.015126785971388439
0.013118329629065492
0.011436703362113665
0.010130408112092107
0.009231485495612729
0.008758056706924824
0.008715995249446828
0.009100216864203814
0.009895839042827266
0.011079319355556214
0.012619603297972806
0.014479272893528912
0.01661567114808172
0.018981974704518012
0.02152819181952608
0.02420207143986671
0.026949919396629024
0.029717327135096838
0.03244980620601916
0.03509304865640252
0.03759061322999633
0.0398711555401565
0.041811805321162056
0.043156684463904
0.043620676377342835
0.043063685966898524
0.04224732551158408
0.04156735653175076
0.04047956663730244
0.03775059691835101
0.03294496317502558
0.03241818349519819
0.029496978635705065
0.03165025360220614
0.03268187166920893
0.03228920710486833
0.030699799211522445
0.02808993813717197
0.02472576053826295
0.020912386938115885
0.016930870746850252
0.01301452002922681
0.009348192838878958
0.006074526254990949
0.0033012618575903666
0.001107135853037275
0.0004538579538667098
0.0013494332040092094
0.0015667018568138458
0.001110217877120817
0.00000015007722838078497
0.0017295198054211869
0.004032799884258156
0.006853474516118549
0.010126838491821472
0.013781340809818694
0.01774010726021867
0.02192232345353646
0.026244469105961173
0.030621352597075772
0.034966563622610365
0.03919071445287074
0.04319305481914845
0.046839788505188426
0.04994117567605153
0.052263711334341906
0.05366839616473766
0.05422870827804354
0.05420480994552858
0.053559622283412316
0.05187592523740762
0.04903316427738109
0.0447087304398501
0.04085969486734553
0.03551200130739625
0.03525321533754128
0.032693685870740806
0.03535715278078577
0.0332750725976385
0.029629589443358754
0.02481470815956647
0.01941034579833578
0.013793185206898869
0.008274876013437037
0.0031006363922757296
0.001535629019748637
0.005484237405860168
0.008633635939197616
0.010905937866642124
0.012253434451140521
0.012656121412293789
0.012119173711394426
0.01043407129459889
0.008008661562129912
0.004931080481337571
0.0011384351674116958
0.003283115712725125
0.008237659862853207
0.013621749336970572
0.019326327420805343
0.025238494736132835
0.031242895595991926
0.03778217685633478
0.04373180323816633
0.049348372268994675
0.05446573657589684
0.05887387182586715
0.06238259318302905
0.0648986507666645
0.06643505039504399
0.06700909364168779
0.06650338510185173
0.06469882453108673
0.06159779263079114
0.05733639393557989
0.052535993964962446
0.04510043356590169
0.038045003540876976
0.029950366400473716
0.03605113361065568
0.03474157327224514
0.030544830245650464
0.0244833701099493
0.017536737573432777
0.010251512194275402
0.003064376482961602
0.003695257088817669
0.009769710793235221
0.014961080089049353
0.019122967796041578
0.021981322922617466
0.023261930937078137
0.022466389665397726
0.019927745071179503
0.015404534546108573
0.016176685753464592
0.013388515668254442
0.00919560772586845
0.003802355915217312
0.0024191043464424286
0.009263114787326589
0.016403886597812722
0.022584174399140688
0.028372932851732074
0.03428045439607283
0.0456285109857338
0.05392174713290922
0.061212693299197166
0.06822000868026458
0.07315144233428088
0.07687614310617878
0.07936126700922198
0.08053658697344937
0.0802847653540897
0.07850523556421458
0.07522872569145818
0.07043732261101929
0.0640683874302318
0.05476499668772468
0.04421733602776198
0.0342531420805401
0.03345234375627557
0.034596669581171885
0.030493857264440895
0.02353117643001327
0.015143485289574179
0.006204625776627663
0.0026935802611785936
0.011100646933222026
0.01855124861605905
0.023382015695606925
0.026407323024811524
0.027340773751321948
0.032191992837956
0.03141178048163833
0.02824875398604848
0.02349945294459585
0.025259623645364923
0.022528203895616633
0.01783245668054742
0.011415338718255334
0.003838552572088663
0.004438769425593632
0.012763081527338231
0.019598371741826673
0.026212594877296217
0.03303923150449213
0.04608509371102043
0.055087791896727814
0.06219994417177232
0.07467605327257344
0.08219153435606691
0.08894207939563692
0.09288102917951185
0.0948227541471381
0.09496114764504987
0.09325540885274909
0.08966978069493221
0.08404514769222665
0.07622739593805497
0.06620721164265785
0.05447981230850796
0.04280446786250154
0.033286369044112515
0.02995747174713108
0.0282850284872085
0.02140727678830129
0.011954603168937275
0.0014442346533542136
0.009036105540848313
0.017354027535089148
0.02357359542217042
0.0259597453764195
0.03237611314831791
0.03458912335794477
0.04179281585600292
0.04286323171548692
0.041610452085719424
0.0393007847674941
0.03736924782664773
0.033322773301747224
0.02736930592200687
0.019669546042103282
0.010686844171619365
0.0010286557693635415
0.008668502476504789
0.0180008360820945
0.02779249673627279
0.03845898797898509
0.049235516272228
0.058657109790910295
0.06695551388042889
0.08013217232560911
0.0881887215741709
0.09453773569210933
0.10398000391467065
0.10950429706047837
0.11070858606416097
0.10928289115650171
0.105387803097233
0.09897930751149847
0.09007310945032547
0.07897979581553363
0.0664594140675677
0.05290468753691068
0.03921232134641519
0.026666787961833943
0.019782414995918755
0.016348762926456345
0.007144231751572555
0.0021615090315519336
0.010858060696483478
0.01590551360432691
0.026654030678004162
0.03206927450216315
0.04311960310559328
0.049657938716786976
0.0550485742805301
0.05695147915454382
0.05652093574936999
0.05441472569915408
0.05094195179351618
0.04550569626679428
0.03809386594305825
0.028894879062675488
0.018338468637918805
0.006960374399245732
0.004813898134534936
0.016861470591468395
0.02935237822575632
0.04214260421422326
0.05470681766174806
0.0669348354692405
0.07887705985868643
0.08949325562986671
0.09597777287254428
0.09976201598980344
0.1084260423685218
0.1203650806153963
0.12646437612151243
0.12621259455100386
0.1223837800111946
0.11541434718494281
0.10558790856821267
0.093332023849664
0.07924680984101876
0.06389462045878494
0.04709277879395701
0.03134324610609715
0.017362027341996607
0.012459681226937646
0.002999588693774459
0.005370463773882166
0.013178915892607043
0.01974893404438445
0.03542343230328614
0.04649808633665903
0.05720916859333823
0.06511747956087352
0.07056128554977589
0.07300108279926078
0.07284573918695157
0.0704183438730964
0.06585006302708173
0.05904330261993841
0.0510476646520068
0.18347781196352325
0.37486220878573834
0.046628731665731726
0.01670200978002388
0.010625529554161576
0.029399158989040466
0.04606809509016482
0.062010907168775845
0.10170436467226944
0.45367973150699004
0.020128990787459375
0.04242490137527814
0.08922131987746743
0.10732904302504559
0.12402655600731383
0.1314954423207725
0.14051028780801678
0.13873668127196417
0.1322980153010777
0.12196405249555423
0.10859794509543594
0.09282118021907533
0.07532376662554793
0.05699399212500452
0.038796014494302755
0.022367111393308377
0.05740264569804991
0.18434137793709984
0.16620055208383372
0.39167008652542823
0.18234779935606976
0.11627234967100399
0.08963781200130162
0.08509970348978133
0.08691726439247152
0.08989290705484831
0.09144952233562723
0.09075294324058704
0.08661019479369876
0.06911322693632602
0.021608784051648455
0.1782834954182467
0.3721463489754462
0.7071571709018101
0.5630249378978742
0.13776004932338004
0.19462676108381166
0.24908868606690654
0.00257426791023755
0.08386396109540806
0.15619677982014138
0.020951026174504006
0.04971071179492677
0.08915697779704357
0.036269376824141865
0.05005039544706009
0.05933754029783579
0.051859922856849594
0.058889016400610845
0.01669630249196094
0.042481229453480346
0.05779164617272426
0.17214594900345084
0.3120256497431808
0.35694108138021635
0.35379732433002875
0.5216698481928667
0.752928420750578
0.15558893242072291
0.032119648693870656
0.06052023886899306
0.10311468599583438
0.12565112555401867
0.13388227064575786
0.14525811777653436
0.15303785439247009
0.14717028657644385
0.17963009462263527
0.2988051145503908
0.056953845750581406
0.307609205691221
0.08470000813717722
0.01558349175330571
0.032414320202305856
0.07211856340120297
0.0743769768898187
0.02677167775552733
0.11692979598650204
0.11210071568957795
0.1092315608068686
0.107937418933134
0.10957465693659801
0.1115722412923087
0.11210797686505033
0.006018613682891499
0.13299462796923597
0.4166080892117464
0.09205225050933533
0.18351529493576327
0.34551729051678454
0.3916118860046326
0.26474984715551564
0.17223577875118265
0.11141171363437097
0.055150439794049474
0.039967612259915006
0.19375598625233312
0.3187946029144153
0.33840455422088866
0.17260431099183632
0.22604874895532956
0.4450223117253429
0.018616940496393702
0.06473666930497893
0.11804749123450385
0.13646915511928112
0.16641158862947836
0.196345529773269
0.22293746627448824
0.21813276151237598
0.1114353624794924
0.015436055496381306
0.025117311793056492
0.03957368930828805
0.04367259707789671
0.01584210561837388
0.0427758428990405
0.09214878577583663
0.11178814243058009
0.12203780925715765
0.12793044309778456
0.13130338365247987
0.12193456458945098
0.0812393506986391
0.12497059115645662
0.34444326407992243
0.734764013953319
0.574017102780241
0.20234432486790657
0.25902643062736397
0.31997771681372195
0.19743306186963738
0.2669278599841515
0.3210230565672376
0.3322963031290904
0.33003108497238903
0.3231279820737947
0.3407764064982053
0.32738818100317657
0.3099967905636253
0.24913297837475878
0.2360313081102878
0.23239724261669126
0.16951366778785007
0.1658271216654047
0.17003356939513808
0.11442992737970699
0.11250662115995735
0.1116290809242909
0.04939075696772484
0.04568852024507959
0.037155717350916
0.052498043020348266
0.05310644082681088
0.06128696085738591
0.18183971589898368
0.17783472609353201
0.17011087398681202
0.28832215269878625
0.2716627764254169
0.24485660626900407
0.28109557309649036
0.25644593130946286
0.26904989850704264
0.18490069585348862
0.2638473101620444
0.349374476824743
0.4294518128237327
0.45768934644300757
0.44595566075401805
0.5612221965358126
0.7768747670416157
0.16430149591293428
0.017737673910159152
0.08313329635454694
0.1294471689711496
0.17067566769515347
0.20979578091055817
0.21714939809801104
0.18767013443831856
0.1255736057187868
0.07371817979598955
0.05505140760102166
0.0438099636931007
0.02531985248482614
0.009099595836718686
0.053481914118878496
0.09246441976326902
0.11872606720983192
0.1360822780125498
0.14587051660942577
0.14418276182139356
0.11044865805471468
0.016166625720096417
0.16078488714906763
0.31505280039371675
0.39174397121215043
0.3358829459433508
0.32911463487356096
0.3071719412661629
0.26694876529635814
0.21174500992462159
0.16452525449982627
0.10075983432714793
0.022715543893125204
0.06516034620453341
0.1488728502736834
0.21199615169666722
0.27983956712739033
0.3590712692428159
0.4031677902018143
0.3596239748035703
0.17725563207277087
0.03581246296932189
0.0681306145563374
0.13075726302884835
0.17021818199840658
0.20337633286253065
0.21342403734401214
0.1874623153278508
0.14497002502715578
0.1048401529940288
0.07482420248387894
0.047439871475911416
0.01581908200560185
0.022601957023571467
0.06383303071416878
0.10119669518054636
0.13079996964856616
0.15161880248796922
0.16021919390005623
0.1468878183583761
0.09364649825666474
0.011296914126537383
0.15078469018727747
0.26147856003775655
0.31135374076283373
0.30221004365113496
0.29800804768944866
0.2831143821438686
0.2487040418051319
0.1975146382118541
0.15060180170355825
0.08819638284571202
0.015059014143624112
0.06107160706183633
0.1346370698139383
0.20340748389158705
0.2787494564666695
0.3261577818458043
0.3228505084079275
0.261714767311502
0.14613571868890393
0.026226188088607938
0.0722450733805649
0.136886783690622
0.1758105636326256
0.19384563645710653
0.21492255674981645
0.19709871280807628
0.1637522652024401
0.1261451809432187
0.08918669645703053
0.05147543703907828
0.011046803135703998
0.03205094533509322
0.0750790977270013
0.1142592050829706
0.14630700637392863
0.1676593146670493
0.17192045581278798
0.14879556259501764
0.018308521106989883
0.23965171352746867
0.28651930626331973
0.2749204897419029
0.2459900134482772
0.26690919455455253
0.25571596717848566
0.24496338308577886
0.2245877397367767
0.1772089979586666
0.13854057433452016
0.08032585496746135
0.012095000131047027
0.05983689420861208
0.13238285475913109
0.19004076020835795
0.24943598537296396
0.2733181404679043
0.2608683474657163
0.20818867172358826
0.10842916833403221
0.001044654467684203
0.10495127569572632
0.5192379560489598
0.07085754473742958
0.13916490964319883
0.19271517723130033
0.19984965579667016
0.17723637486392083
0.14190400943896658
0.10055611125993819
0.055575337386387924
0.008085492006147697
0.0403508451532026
0.08724891235682597
0.12950381311716688
0.16340950517392605
0.18306598964879753
0.17164082217603158
0.10301276873791224
0.1608278232393241
0.4241225276913765
0.7060346685312158
0.643030704747531
0.3385736916314939
0.36579378654124306
0.39237987572026595
0.23237694377091545
0.28123745657499366
0.3328643585657855
0.25778204061632526
0.26097002662971347
0.27385166603530764
0.24171586070486978
0.2334547397033397
0.2323058065251863
0.22653985912171823
0.21299369989648168
0.1934154328290954
0.20049251375500682
0.18591508902799794
0.17778510294017194
0.15999623112893846
0.14613238547248353
0.13687771178306038
0.12825767209510763
0.11840791831674108
0.11060470099613011
0.07472879269789405
0.06796830611269475
0.0628456480079066
0.010738249421622275
0.008459788336559337
0.007403783787220659
0.05730879623165079
0.052437633318570494
0.048376496606302236
0.11841238251583702
0.1060762011825783
0.10380073608505334
0.1741440578954977
0.1607378450570412
0.14373229762729015
0.2216730199094925
0.21149018954738705
0.18752366220835417
0.24503902766976776
0.22518819819861166
0.18393096294152012
0.23558339318238503
0.205083664024518
0.16551855000895715
0.17577145295785956
0.13958437396089235
0.11600736704375464
0.07577237685721794
0.03433268034279352
0.06649618880247599
0.0018090592856894738
0.09779127952946048
0.20995078760855002
0.32680740286597654
0.3527637457199241
0.3306771303559555
0.4903736770204471
0.7545159944203226
0.05759980682650018
0.0705778197295206
0.1514965625215405
0.19289522849456717
0.18437644061107022
0.15353325139623397
0.10992677941940245
0.05934559074657272
0.005315289409193232
0.04922144464076997
0.10125165804584041
0.14713893416176343
0.18121508785820933
0.19247140466597118
0.15366990433465041
0.02966115683058035
0.19298540924731794
0.37700257181207175
0.45286828906028126
0.3739820228160513
0.32578582994109684
0.2740033074720027
0.2236139635914941
0.17828870124421897
0.15795127512212367
0.12754847548770792
0.09518315493908712
0.05282361062426009
0.004690181017733138
0.044490884061486234
0.090598030651858
0.1232268437354068
0.141232184044064
0.13180914435256508
0.12001796608744658
0.10425197134634479
0.12929239998497105
0.22313431810133544
0.27319142636411975
0.23529329236796626
0.05797967227001516
0.05621959404050786
0.1264165817309696
0.1890606298631057
0.19025905235944957
0.16320395787920033
0.11482341776717303
0.05316466865665225
0.04694296942953641
0.1274711312020105
0.278304652237316
0.5131831493085516
0.33684360565670673
0.25453905074371136
0.15283810175811682
0.006534518547891666
0.15286357841205328
0.2982366418638026
0.3468205105187721
0.31453800406232846
0.27808058166302113
0.2501926153709118
0.2088877161539237
0.17281395792741028
0.1457697050761811
0.11932266099255814
0.08582667488128083
0.046482468930110266
0.0032885659093190188
0.039635201430414435
0.0768705126323085
0.10147753561388537
0.11030979045374792
0.10195100725571093
0.09470207784397794
0.10110291099848467
0.13208478612473817
0.1719053866321259
0.163151629340141
0.10621050034241275
0.015365776471814252
0.0673834184300326
0.12131231372349668
0.18985015927708018
0.19896706540636938
0.1722310943191424
0.1245730312151126
0.08251313417400885
0.060622937595750055
0.004789839135019663
0.15792343617728866
0.2612415781183967
0.2215393371881557
0.12960234501349321
0.017896193159379348
0.2576779777783456
0.09148046535151311
0.14047669143783914
0.1068636055702833
0.16706218422261204
0.18800676833304553
0.17004123562518453
0.14180682480931678
0.11055906872074134
0.098394621193866
0.1696689660030637
0.25658701312131205
0.3361251037625089
0.03520059387495625
0.07246613403942614
0.06820947906753577
0.062297056457029154
0.06403962851785788
0.06337001806685971
0.07408951963200522
0.09274530591014207
0.10163452045091759
0.281059427823171
0.4303081840896595
0.05117553013192344
0.04166144413272449
0.271329580443222
0.07113102887830206
0.19820864039771566
0.0251763605971808
0.06701073876027253
0.055134349122415854
0.005121067037852572
0.0787081663137965
0.1732407128805384
0.21976745279013832
0.08231409675902679
0.1359108411967493
0.3795651920023049
0.16704431775633427
0.1336856228460767
0.1377130325674012
0.1627171953988239
0.1466915264598932
0.1356321063601939
0.1060149836534241
0.07619057517759187
0.0978892242881158
0.26679848628808656
0.2951567321684375
0.586622288391266
0.7778428070421385
0.15372492920355685
0.22288698688845604
0.16000721701921145
0.028839637603709806
0.07597196133060359
0.10203527952616236
0.013271266328205744
0.04088893744237529
0.07077796978271739
0.012514398783879221
0.03649166770165513
0.07207886778268541
0.025342592064251657
0.015404739991859429
0.051699158809160595
0.028534096445618995
0.013223145909460998
0.07519090781608628
0.038736719566423106
0.00456386372320039
0.1692839929668165
0.05227842524499904
0.004040299182838547
0.13718833634296262
0.08277187810604175
0.15638682813272847
0.5978939342185476
0.4681345491417607
0.4737977153809323
0.5594388379956595
0.5843781254991924
0.8000936349484733
0.12027703851545779
0.024228260936280277
0.18783788686091113
0.16744966272870113
0.10286450585534203
0.0845780208701504
0.03714158691600714
0.03210097982480702
0.11352541110722658
0.17142994741079165
0.16050839157541155
0.06750438025108685
0.31740280971672047
0.7282468675131372
0.5526031380136183
0.2226620449390796
0.19659644966054401
0.22430009322997152
0.10008974373819313
0.11195979868602884
0.12440989296585225
0.11147481791163483
0.11282882475615474
0.052557710356014475
0.10884379844505299
0.08341779528822968
0.024778760150948376
0.09443737343261654
0.057896818810269535
0.000033363546095233065
0.0956075054143119
0.05917378120943373
0.01355612903472958
0.07482392010751232
0.04108269892779243
0.015101158787832969
0.0630841945559864
0.04556970119289877
0.036701471517122775
0.1246769829227532
0.1223222391800306
0.18306679043084803
0.265609628337349
0.1706193493023432
0.2673978945188253
0.05898160770776422
0.01908816006774766
0.35408455621160256
0.2576199396946451
0.5093757471322836
0.030208593436266
0.07460917123522179
0.09851673052978968
0.0877128646785168
0.47439727679622967
0.004731519714008481
0.00867428263069081
0.17395626747317755
0.35447203863868815
0.28540261543608964
0.08146309943948798
0.06335491418866013
0.14805277148634188
0.14458755117922903
0.13673050544130874
0.09369128727213982
0.02714669467150975
0.052805631053429024
0.12595002864707286
0.15355503547007573
0.09177654160791457
0.08624864519219971
0.2500028212771186
0.3117148657588489
0.17663215378675734
0.09828317824216959
0.032483863231356436
0.005100312967696752
0.024652273033306915
0.02196148704199241
0.003114746239950672
0.06530762872230356
0.2592876548109612
0.40218764490264897
0.7053221879280529
0.5648357020233156
0.03383546701374984
0.09061317934557234
0.195593346385267
0.02015467235914581
0.10991285660297662
0.17784399475341095
0.09260680799583788
0.1352662866118269
0.11962185305997207
0.09642893736546962
0.015246077293953553
0.08850012786540085
0.30667946166017035
0.33571776601773906
0.2873548285552045
0.48397972751351875
0.7447304060587103
0.1252589629935545
0.11075854471256324
0.15684763069251545
0.19101236454222514
0.11666083698118984
0.004297154435403461
0.10321699029609172
0.151296394973844
0.144357531869996
0.1476289748162447
0.09265014815609156
0.007116924389107791
0.0010897439863569978
0.08895524099712676
0.3080651493342245
0.4150147008366849
0.10809891882774764
0.06830817494335661
0.13158551842195448
0.09096287286531185
0.037828237741843185
0.012936442153286709
0.04655637056721951
0.060446173431201955
0.04915804037550464
0.0009543698105494158
0.10312574091311427
0.2533672021646841
0.35138973154911873
0.374779202985777
0.2616477753265101
0.1868352890538159
0.07182113105239166
0.10017030451396852
0.22004079528972273
0.24441113899424402
0.12277505496735197
0.1013888510042727
0.0985160449725983
0.07600093798523999
0.003296935748316965
0.08856369611223947
0.15598504236681437
0.18250467570410772
0.16909065679673194
0.1482193844824377
0.09627243787976486
0.03844601321721945
0.033716449176444126
0.002199054359347377
0.07889643382777498
0.10043067532408173
0.023182253106287243
0.008500407410247823
0.004662949054844101
0.05087842805859444
0.13536055110669382
0.42643927879743987
0.030851735818784365
0.09856558011627214
0.02071578411788777
0.09182954999079151
0.21648061493507195
0.29187170473179763
0.3066630961971136
0.2576452743870663
0.18077570674772656
0.06526483923661708
0.06738401518511275
0.1483266980959307
0.14993479104815396
0.0922538187780303
0.053192876020724256
0.017209517236489225
0.15796917025279356
0.465933712095088
0.06719325167650175
0.16446595234525313
0.21089565989349995
0.2022553566595143
0.16355526824061306
0.11326733987357443
0.05464671503121741
0.005823325911309234
0.049595630513839264
0.09616299465687184
0.11492358002659481
0.09640160551864901
0.07955502172081713
0.058341949877913524
0.09043210379504352
0.2611377171683554
0.7501267103543329
0.47151984651955253
0.030072920984896834
0.04928673271385692
0.07330879954492137
0.1127757188524881
0.057965527668372596
0.0068696865800148554
0.03780307510267639
0.03822484395239567
0.01991005946755564
0.07363713226231375
0.05625154563945245
0.049690137077029795
0.19019740923912104
0.16287368228701982
0.13764546358753826
0.2558590548087217
0.22893607197099883
0.20297517336045037
0.27088897883725815
0.24745214905722338
0.22362543246412792
0.24394310633065597
0.23326836594038017
0.21674522047264247
0.17676951240508368
0.1768841252250521
0.17312034647579813
0.0740600250151685
0.08870550118029694
0.10603139884272421
0.03276561790677929
0.0002080338987571484
0.04699583093782039
0.09137170691380103
0.04319298560438106
0.025849963325953573
0.08071718530435373
0.024811177941790552
0.04715781969175309
0.03168147333920762
0.027566452979901346
0.08158340218320886
0.0146210105294316
0.08173367933428227
0.08502313885754614
0.030239571280871347
0.01418698206675284
0.09282006121871006
0.32217345274673215
0.3164171050448301
0.2701926695160932
0.4304991030228952
0.7522120744556487
0.02335636404637792
0.29384558848964437
0.10443908600077262
0.18331843120397892
0.0319322572009709
0.06610603222732495
0.028453309934978153
0.028428686215261324
0.09089114610110606
0.13121559479150005
0.15347230114892216
0.1542701078791489
0.04607814449981096
0.13203833142158594
0.33009937139067375
0.24122747588606208
0.20013981532716998
0.060735367302785004
0.009927695021962168
0.019893061386894118
0.029711271464699734
0.0999194454019995
0.15898840982244836
0.18954462722507076
0.19126756498216846
0.1685436341621471
0.12772292664349316
0.09038097833724079
0.08489656899638257
0.07922857941477118
0.4595424459123832
0.05823434949274803
0.12706817362216433
0.16453618342084053
0.06403007370262559
0.11266918571850731
0.24876464733745995
0.22242834914557635
0.1280785485338753
0.10096134202793021
0.03276889105995919
0.057945513515383636
0.12033048535278569
0.1606790522409785
0.1791171865285105
0.15551452730619392
0.03964017922419427
0.2907498544749191
0.7377044003842604
0.5612070087652634
0.2667467537618122
0.2567693865108369
0.23396229329856513
0.10166277374854943
0.11415347317635702
0.1251264098981043
0.016922466701856154
0.012976162895398158
0.014563227647802018
0.03989627434813475
0.07085946178944741
0.07350116045520586
0.042494332668435136
0.07219989870168594
0.07826329188238981
0.004042138630914099
0.025173262905658023
0.0682274560022843
0.0710777586869444
0.042081308132279754
0.2555211542932172
0.13097584402573761
0.10471699688658963
0.30050139333558135
0.16789501797967718
0.14753780444869832
0.18448987326915828
0.17875436816583423
0.16872095803364864
0.1450963990054784
0.1771434947479385
0.18093451259027177
0.17897186585984792
0.15520491141769419
0.17944446069430886
0.19710251850072835
0.1291664823436873
0.17371291678194273
0.18600302699389193
0.10312261017004387
0.03245640842608516
0.02486263171746826
0.26230773170691823
0.28022217058680815
0.2677548795572116
0.5354980234077622
0.7476491189140348
0.18386075956553694
0.11380937192098688
0.23119711380247898
0.45348921775679574
0.08912771362084432
0.18946702212968214
0.20604170261956362
0.15912252560875323
0.092649198415663
0.07629870940497853
0.13056731297352317
0.30168508091508417
0.5148412173437485
0.311994429137019
0.176335018863576
0.022404464741383523
0.20044503324900756
0.4285265749571279
0.018617788125489143
0.3549539057607867
0.17897217577833163
0.12494940920776872
0.052203271415158306
0.1857336726702034
0.4228264441777425
0.6821795558020296
0.6167943646979247
0.2546524438536975
0.30477962748372617
0.3538172990117889
0.1596047689810501
0.23420965942047364
0.2976022293931782
0.1928599688171635
0.22642050216465953
0.2677970516140899
0.22131458770120643
0.23766407895161507
0.24856140148920103
0.17132144903500326
0.1817281761185524
0.17167968424938687
0.011057982406689426
0.001168346544096803
0.010951402656212673
0.2689987727108249
0.21794276971471307
0.06642861072325537
0.36652872888425014
0.26747042008006655
0.018779927279850506
0.17073039468468532
0.09916243354744497
0.22781670718956312
0.09246394625001136
0.1499750447856803
0.5949839516352415
0.3839456591842826
0.3869726424098303
0.4925512914087421
0.512959988762993
0.7646440101929703
0.020697419981313886
0.11553732046221862
0.1691208353014293
0.15032118621677984
0.11618808403218213
0.08966463771397465
0.007627627927393601
0.14250231448015865
0.21775554484421983
0.13955115577163724
0.010932534911916897
0.1026743300561036
0.23456312783800093
0.19837169905647623
0.36616624248963964
0.017113182933516866
0.014076923865009604
0.1933136031488776
0.2389889501206052
0.6772983901546412
0.2532601172735107
0.2527023178424927
0.2549829045272841
0.22586914594767718
0.14096782797029572
0.04350866544439902
0.024849353883480335
0.04525765104533244
0.1689485177576455
0.2920937126921166
0.21709845211608342
0.0014896863137625754
0.2486748161642322
0.016078940978814057
0.2705337404338306
0.058245957093475464
0.026947980244764393
0.07113059091600112
0.1421435047224911
0.1673749573458294
0.12343559121889432
0.03637131655120206
0.04528864666801671
0.20096970263462932
0.3117423470652747
0.6845684320254057
0.4867103344089338
0.0442553679742476
0.08544886720574343
0.12203486780093814
0.0009121391338256374
0.07946856205731798
0.08988819357333652
0.16350944145096508
0.08101720987578101
0.028038538259164254
0.028083703128776037
0.10281217320402962
0.12524478648789616
0.3408472312653174
0.6333820519629685
0.08602777001460093
0.16978401871350224
0.21770050271400238
0.19008063045622545
0.14089691326329615
0.08346065473227993
0.03173783065500514
0.03937124244051607
0.1115303413413114
0.12927823347735928
0.024766972185768538
0.08334704788549752
0.17357302752298284
0.1204544782562678
0.009941245709397133
0.02682287017156879
0.0831475392681631
0.13073140954388482
0.14602078370378332
0.11959851111469194
0.05764242476026667
0.030089982574161414
0.1517570829282805
0.23575592507083928
0.26735389222985423
0.1377823828927585
0.0531238968831252
0.05705337926505455
0.12757937072873687
0.13589192584039678
0.029936443423425635
0.12459643830395178
0.18015657237773816
0.17118856148477207
0.14329453373446444
0.10202061808590396
0.05346959903623044
0.0010328159618217675
0.030819082472971174
0.010833196432279951
0.06260535915713428
0.13021816691249305
0.14122933194930345
0.10292538816471629
0.037264422550985485
0.019959338385041745
0.07664129426169884
0.11900962421161453
0.13767639228068207
0.12447304570713885
0.08230162497789263
0.007538248455629198
0.10200799713446525
0.14540124457204162
0.1448979896548333
0.08328320825394087
0.01363927720256991
0.05588423585050197
0.08772364271369265
0.05945872021673171
0.026173069468747964
0.09880314333286354
0.14066956279889994
0.14838453251414485
0.13568705011657234
0.1085935847998868
0.07523693513154579
0.04673486234956746
0.04026051184494717
0.07131191109404907
0.12374235899120192
0.1660007520555928
0.14011278396497523
0.09754993630042721
0.0322775149622834
0.027558581784848678
0.11882549810889574
0.28309261361121874
0.4886066920041052
0.2795000195661067
0.17800938483255493
0.05341250180474434
0.036811896245501186
0.07319097746734177
0.07616507451287621
0.028947363066985615
0.023482196756883927
0.06823585511656195
0.06910893592449806
0.034320853800279175
0.02983763636214904
0.09238562115920582
0.135322282973659
0.14272433481437657
0.1384944613064622
0.11993837006131286
0.10091045554597831
0.08997627927667118
0.09630974926770135
0.12446635670718646
0.16019200678031437
0.18188002529302155
0.15495959192624695
0.1055468138637787
0.0739548694736428
0.061641575262099624
0.008746181139774822
0.12375453247691816
0.21507230016680265
0.17208318811715814
0.09418183934316599
0.027940988645076825
0.0096267916955588
0.018023825204814603
0.016808961099571
0.05245676297754456
0.07666336147472365
0.05959302237420868
0.02287956081575291
0.032383104497452124
0.08763227095511313
0.13135474162460703
0.14545926153286015
0.15249931121237403
0.14905539729474876
0.13443285642660438
0.1285985193598954
0.138006565096462
0.15841948139480047
0.18190604085641823
0.19172416391918173
0.17989514509460858
0.12521567228520042
0.08440262383276911
0.03415785317331677
0.04189250069299401
0.12902853080327747
0.18799242637743252
0.16109980359962478
0.11688186176236698
0.07277048181271459
0.045414902494257475
0.03975592431425337
0.05350322489504741
0.03434949913100138
0.15974841299788334
0.3972312540071774
0.039499570929881114
0.011209274200808986
0.07235966544648376
0.059717508897919165
0.48137826689882013
0.03556353393819062
0.10613198889093786
0.14573093851046653
0.16407582376304009
0.16894525926562987
0.1835883238876778
0.19789759372983137
0.2022667510180742
0.19048753823557146
0.14257163269887746
0.08273920697530221
0.01614380647482406
0.061169703913381945
0.1345857249954071
0.17207893010671216
0.15892528608397005
0.13350027006271187
0.10557572037960952
0.08554760135567455
0.06766733342681505
0.03220408042693862
0.15762272979299227
0.358492971704941
0.7218591939080372
0.5660937604931419
0.13838117639274378
0.19686264568285036
0.23873093211823848
0.034258783482162394
0.11790170233556152
0.138143733523805
0.056192239575499084
0.017724958705734026
0.09377276555607306
0.27635955679696655
0.31158527805457714
0.2866155542225456
0.49653254997045637
0.746559471867783
0.10153083936449389
0.030446251545960562
0.1283072868014245
0.18057931905465807
0.1978806428753015
0.20245422122648354
0.20909044970567087
0.20857953171937285
0.19276082399217162
0.15658152596465275
0.0811177584829409
0.005355770699592147
0.07173962442165463
0.14000633771259838
0.1588188064963992
0.15885194794158247
0.1458765344081302
0.12780264868710575
0.1063931683743295
0.06560433456853468
0.020612346232831924
0.17694344367464074
0.311591281071278
0.36705901625543746
0.23314347126690685
0.08504571960292798
0.10791621055557021
0.2415902140382732
0.2665790226484248
0.10091026825244973
0.020632602149393442
0.11842009340357515
0.18200656941446808
0.22082846787938887
0.21637587880807746
0.21779275265538944
0.21209723543784056
0.19355999573783567
0.1565815931248984
0.08466474611171726
0.00131064691995059
0.08009934632023977
0.1336313942229015
0.15376461275659453
0.16168429663379363
0.10668634566526786
0.057555283959177625
0.26817337743962044
0.4038254190538873
0.1089475352849445
0.0799309069631241
0.20491192261084212
0.23673986289021465
0.17121711644756807
0.04528051586782574
0.0882280939690716
0.16587885578031245
0.14903633166655367
0.06036196641326222
0.034474927355618606
0.11993599278111267
0.18466335802318334
0.22793311173734845
0.23349050843978614
0.2255531326807726
0.21353765954030984
0.18898248325517158
0.14590892326824734
0.08148054492094219
0.003135586082133362
0.07675495907478619
0.12004639662996232
0.14079956086361706
0.12173156802792852
0.07318705090748606
0.03425836006402139
0.07459766363785725
0.05861493077690172
0.0475246404301638
0.1266579719732305
0.1468972987082863
0.10339944767795406
0.02095078878745571
0.05943680279975575
0.09828880810758395
0.0803283339295274
0.019876589157384106
0.054855837371346194
0.1267306813709898
0.18733971119980605
0.2303158073805711
0.24613612954369
0.26767092488789024
0.3777200829910907
0.02492007991230552
0.29995314599538
0.13873155584271718
0.04786829527322571
0.10014315886286666
0.294267456593306
0.48849329616524517
0.2612882530366216
0.15864218311435296
0.10670199895488305
0.0876228686644357
0.045716934711581836
0.020988151026757607
0.07232199303257858
0.08562179631549727
0.05839997045903514
0.00824698223124988
0.03710129884699741
0.05400929008514396
0.034464547007882596
0.013679854329262053
0.07523891275605668
0.1372870306850305
0.19334579672970076
0.24018176152150136
0.28311509074791197
0.28975169512082577
0.2688931206459407
0.14660824367934597
0.03937890269213389
0.0476340814546081
0.0031727992380095674
0.10885750193328625
0.1817710030820824
0.15314384476008902
0.12576149342121903
0.09541203364183454
0.05400220940011752
0.004482380520575535
0.0324043106107858
0.043633477635565965
0.028937850098712387
0.001358871643968293
0.020978501761606084
0.023733961247982965
0.001506467382953236
0.04027882761234286
0.09333980442410669
0.14873917376715218
0.20229499238046844
0.2498361672669766
0.2833939653880051
0.27259845946825334
0.22508925769325916
0.1507063503608432
0.0823292148778596
0.03282549584004511
0.031282112898072825
0.10047092765929008
0.14128977080147906
0.14425195367330032
0.13176591450674913
0.10969040474815916
0.06991152511624421
0.029394706236548274
0.0026143074127391586
0.12337446051902379
0.24476382965256124
0.35473116861552023
0.04510486567441774
0.01800536049722659
0.023355191904882
0.06254679613611264
0.11543086124102062
0.16418921935199093
0.2110650015661269
0.2477406749291308
0.2659227307085803
0.2555659751243119
0.20121574895950664
0.14274716501526705
0.07894348333304084
0.015519298399708252
0.04509198579952614
0.09396862383375895
0.12374641450090937
0.13498869404744415
0.1370853975751546
0.11972630721093053
0.0762146295047803
0.03603411638775428
0.021536275392180948
0.23025117095680578
0.2950986432440819
0.5997210776600881
0.7690046051624259
0.1421678058145741
0.20795115539347134
0.14652162967972415
0.022176821708524044
0.11482623527808125
0.11789396394008483
0.05430346523166957
0.09815830447320373
0.11651845357508477
0.09010234106918097
0.12032512414212954
0.13528370638606216
0.13767446192269364
0.16381731769599592
0.1781088583479249
0.1789222850510644
0.20414808215131264
0.22052005151895804
0.21886164141798004
0.23258133639949963
0.24369329991335004
0.250951603240667
0.2628311778299899
0.2786474827462857
0.27509655533335636
0.2826771881348954
0.2961661131877766
0.2622305067040057
0.26999915675165065
0.29210321838872366
0.2065286273150163
0.2056432586954141
0.2250422121896627
0.146605490332841
0.14729949597826547
0.16306982870206235
0.08065678567196558
0.08006588353747943
0.09461625708189592
0.015888862991586178
0.011802133731374783
0.02583707377046735
0.04320685908649551
0.04906933884361411
0.03982734023242105
0.09133883738827425
0.0957014288640924
0.09544222700436304
0.12431633104971648
0.13008159740203634
0.1395682174169548
0.14417359418124318
0.15556533740130218
0.16808523897464253
0.1538713451295595
0.16958093794106927
0.18481971875205544
0.13112275337184814
0.14064792940122534
0.15588174546332173
0.09033648810761519
0.10017716240883923
0.11308302966090789
0.047763812724434696
0.0500221362849092
0.05620679003761209
0.053170133607701675
0.062220169135782155
0.020624808727542576
0.2234995185386336
0.13804563307499526
0.011095846844494606
0.060364310622176676
0.013293927112162401
0.055434597413349496
0.2726952642871904
0.5318651705820551
0.02715141427622168
0.0669843870651538
0.11170361463979646
0.1488275665785601
0.192066116184057
0.2347609741201097
0.25444592073175
0.27861450301615687
0.2872892885316679
0.27310755176897555
0.2219392820877673
0.15945745907808487
0.09323830663985365
0.02628663135433558
0.03665234157580964
0.09168536370528783
0.1361856192676092
0.16645665533282716
0.17367364143659592
0.1490347452281503
0.10947034885758355
0.06336146215189731
0.03112814092974281
0.05100347461372298
0.08747910556129694
0.10513121596413044
0.004680127899953628
0.05396863952076944
0.1067606714107056
0.1537725407780572
0.1995574907734152
0.24082645623657142
0.26260006168466704
0.275346992509519
0.2777910685655183
0.260581312789627
0.22086739639597652
0.15641443893463172
0.09221044137816904
0.02713340595936805
0.03418801460103352
0.08964625319703734
0.13372176074081304
0.16443750086195308
0.1623260211323156
0.14287983901494405
0.11177721455836076
0.08137692822955156
0.06592929112711088
0.07171438019517998
0.07577381664086758
0.05615266917217063
0.0005336671574839684
0.05368171547296885
0.10629247758604642
0.15541219960489283
0.20230701089479253
0.24243437785987237
0.26881795608085607
0.27230815536145625
0.27096069469340495
0.25317311940743614
0.2182125379304227
0.15462523992303323
0.09168222042320105
0.027917673087576516
0.032564348266950385
0.08778468102884343
0.1313355468562285
0.16023197442946563
0.15543356696779465
0.14019639511663673
0.11751336672762142
0.09670947722839468
0.08409326786156818
0.07770705879975501
0.06522767150239167
0.036992098239528315
0.007523113817604446
0.057223915113094714
0.10796974505108287
0.15702055460559317
0.2041989067145657
0.2438995724630387
0.27104752972279333
0.2701818684879881
0.2654074265744729
0.2463838203281671
0.21182665060004413
0.15595178217924707
0.09154597881220039
0.028727291158761888
0.031873278927981814
0.0862350238164311
0.1297992858209747
0.15156181727198084
0.15051120543579682
0.13989360717957355
0.12353894312915259
0.10725847162319369
0.09343458449173198
0.07933938217613884
0.05863243378094993
0.027108678784408285
0.014556113802217299
0.06178557444939489
0.11103170938058604
0.159473747779951
0.20587685544172565
0.24416029670409503
0.26992357186647864
0.2664980216598889
0.2590404963050944
0.23939252492277532
0.20570620597875816
0.15847843992026495
0.09229757800986371
0.029532207014846018
0.03163074507787662
0.08573890500066561
0.12844710876244408
0.1433075879106713
0.14636195168776944
0.13976790516835125
0.12769809044585695
0.11344378474763583
0.09792243712004589
0.07919805668068128
0.05406149507814295
0.020679158132166045
0.020235156717146034
0.06608639929066118
0.11610308756652765
0.16575288556722417
0.2421671269202362
0.40132435058448734
0.1207498559636726
0.14142765327145898
0.10208707645130083
0.16497559362306943
0.1724065594801396
0.14408329336886583
0.09107795778358799
0.027918355028353308
0.0331305180422668
0.08686571386158165
0.12223714783057929
0.13757362557907551
0.1428840082182361
0.13934854417358555
0.12993246062062358
0.11657275104756465
0.0996892034730209
0.07817334313455801
0.05087833625318436
0.015998746764609884
0.025447840295324174
0.0713830683454509
0.1272320689831781
0.20356592796840603
0.27228391994610085
0.32194640066989566
0.2605170796724261
0.1741471492377231
0.17564356963124045
0.1618216634121729
0.12917132956860525
0.07753351894374134
0.07322209966274977
0.15960512209322375
0.2510570251357406
0.46907416218109566
0.27459994927081655
0.20433698441475734
0.1651419295381727
0.14218933838105557
0.12268159709743293
0.10312357208155848
0.08076688730085407
0.05330866500027437
0.01259820179650925
0.03326126968440975
0.08668306632597816
0.14334177454564198
0.20867963557462835
0.25996393636525617
0.27715831039679734
0.25171119317420104
0.20591280810704082
0.18451618553187882
0.15853597415866097
0.12476024516893866
0.09922594997817523
0.09319050561757115
0.0463859153722216
0.08875937074062812
0.18792183771140075
0.18017951175490532
0.16549031845376977
0.14657365116044763
0.12802650663057719
0.1091588934903655
0.08814987694505591
0.05466128729113082
0.007791495306463517
0.0443210146890548
0.10352332758933684
0.15364753048155622
0.20645477064767556
0.24478504642447993
0.25780149937213953
0.24814292083214579
0.21546461337896722
0.18974140253637164
0.16130203261537865
0.13119890962198005
0.10067513879423723
0.06083255334589171
0.0037801820899485
0.08544099871655447
0.14246826824426462
0.15891191020108858
0.1576199025638474
0.14748720360966167
0.13391200997985236
0.11765267890391817
0.0904892895618929
0.050109879487416825
0.001981527776369882
0.053124974414834145
0.11225190660367373
0.1623499870824203
0.2036837290081981
0.2342781475579182
0.24682128311501267
0.24290630007172193
0.21957835196934117
0.19262354772787774
0.16362459392940853
0.1305021385714784
0.09117440495134846
0.04154051817564544
0.018736188938701673
0.07899947113949413
0.12266810206181653
0.14418987749838574
0.149961637625513
0.14667804511203852
0.1368231422231344
0.12147413679112223
0.08685304615450379
0.04563779820803718
0.003239253293064265
0.058764436264872794
0.11569162052073793
0.16675200941120127
0.20016352982528446
0.2258714306050677
0.2383206748235281
0.2373399737464847
0.22293588462119535
0.19394188298398657
0.16327417210569659
0.12622952392970488
0.08212818267032333
0.031090033099248977
0.023248578698705044
0.07322363070451784
0.11096084672275192
0.1337411131004987
0.14450014350724694
0.14592184454246948
0.1392453773324599
0.11805092004321227
0.08314963861263541
0.041070452425114895
0.008157834322888732
0.06349367689086396
0.11884548097223435
0.16769166113868822
0.19631207714538912
0.21930393625925676
0.23215596292140195
0.23368711253766522
0.2235454691083994
0.19300193482380562
0.16084475263446574
0.12154400969340237
0.07599317469186474
0.02616172048584466
0.023795363733140243
0.06844353767198702
0.10324946126919188
0.12660470034608673
0.1404638298880067
0.14434683448171753
0.13984919459608258
0.1131577123318036
0.07876884839627618
0.036330605934173976
0.012747600198810147
0.06725052597876538
0.12068636477711572
0.16755804119938833
0.1926158030476879
0.21412006084839263
0.22735005678591957
0.23029132373707129
0.2219104454704346
0.19064499155181164
0.15743045755236734
0.11718746063364993
0.07173266895231895
0.023735563158419425
0.022951381769384258
0.06432785165922261
0.09744035010699953
0.12111536704109183
0.13655913902192157
0.1418848936281022
0.13758458488506703
0.10920310079430612
0.07445984814890166
0.03184985069194715
0.01670228529980687
0.06896716733511885
0.12011287879401567
0.1645281382291629
0.19269475048667678
0.21059129890487938
0.22303624599511374
0.22616345911034247
0.21832194201500738
0.1907290579146852
0.15526285893900332
0.11452709000629402
0.06945772706818461
0.022932538974431982
0.021679467870989858
0.061209779446357054
0.09349381035825505
0.11791431290617677
0.13436057992908718
0.14101259668341404
0.13241172530232087
0.10459538386404188
0.06986240578591335
0.027703501462268937
0.01967284485386843
0.06946653136758424
0.11868230936417
0.16164668546627056
0.1937351299103697
0.20880465555158956
0.21943235515635745
0.2214545933878478
0.21255965679741756
0.19012490310122782
0.1521641539270387
0.11185721099101673
0.0677392638002455
0.022807099748316382
0.020031814855724278
0.05815680627695513
0.0898550697495365
0.11489559203808913
0.13120959196815485
0.138388565277332
0.12426840931723337
0.09918551183926794
0.0651403353681192
0.02392240520917094
0.022194135733205084
0.07030891075003484
0.11778324107742075
0.1593504497095919
0.190138323272762
0.20430571999650432
0.21410227507999752
0.21643180332734668
0.20884541056993028
0.18990798373160767
0.14992547653747604
0.10993535596967763
0.06668133585520698
0.023092533793379284
0.018364672886924963
0.055596164680689675
0.08804444668852546
0.11405846224082944
0.1314901578648825
0.13267759118418399
0.11763480717348124
0.09317147979084772
0.060053838677162574
0.020134592150095665
0.024331055246912467
0.0706143351402688
0.11689465172563346
0.15785801521152493
0.1890860071599199
0.20057168122847302
0.2094942620954997
0.2107847401141597
0.2417151670387112
0.35747819450945495
0.011869519180868482
0.3133020253479109
0.0765258959921746
0.13058689296571416
0.22485074371987107
0.4391818979778184
0.24230187337314557
0.1833097694974415
0.16000876506485867
0.13820855435105156
0.11661578699510161
0.08956843801217512
0.05614658926230143
0.01700516453554682
0.02612819495852539
0.07099000973392929
0.11620916182012088
0.15636023833174817
0.18771503611461968
0.1985862747416312
0.2122410985955428
0.23831639038896074
0.25891592955862297
0.23318788000062654
0.1607574131238941
0.0030272550459011782
0.23449498178192565
0.21963683816229268
0.05161840853154065
0.11429934755238319
0.1389631716179489
0.1298907339927371
0.11200893470839424
0.08572823082198583
0.052752550501014184
0.014288255979210018
0.02793299289330288
0.07179095681826726
0.11557743066694397
0.15424232964597762
0.18496661759091773
0.20010997988538326
0.2184081586839181
0.23338275338877884
0.23244567090713952
0.19521959275812975
0.11116649608167209
0.03401947940574185
0.17742841075301136
0.1506430092796644
0.3843914686926451
0.2019891085906241
0.1676815037160816
0.14936414988977798
0.1312846447073968
0.11002193125264115
0.08286486817096095
0.04986001609384505
0.011899284987029968
0.02946684126638477
0.07221813176605568
0.11480170530872079
0.1529004909103483
0.1846325217764044
0.20077361049839487
0.21641459671064384
0.22204753860847054
0.20880329154022514
0.17094764248032307
0.13475888458525626
0.11635363062715015
0.07964187068812462
0.029535321598411157
0.1339229267048945
0.14592109156619992
0.1413630445424935
0.1273622619168846
0.10682707846773987
0.0798724923212521
0.047161496474836084
0.00978293372913036
0.03072852085466296
0.0724394050419074
0.1136323447529077
0.15129135950328582
0.18290359897306913
0.20103046153183068
0.21082811096451992
0.20994446353109852
0.19464630486004436
0.1690499012451605
0.14023227668376498
0.10457140488055863
0.04339253764095021
0.0337827373311384
0.09828473011327862
0.12446461861738739
0.1284007044544816
0.11982143029975167
0.10177993631300264
0.07612727849890716
0.044284341139456285
0.007746133675839428
0.03180368036227607
0.0724277363066719
0.11208160380344637
0.14912329474679722
0.17996269054078626
0.20009362156370925
0.2045860087544299
0.2010819544850609
0.18673890657641162
0.1639932911756864
0.13280179593428504
0.09024623022382822
0.030999211373335583
0.03062826276404068
0.08056586793481255
0.10629406653270174
0.11536241785231821
0.11076856607316793
0.09546986913116806
0.07161321674143623
0.04106911586499362
0.005647229755126798
0.03277745199870227
0.07225704165273589
0.11081768537904363
0.14723356282583833
0.17736039417749422
0.1968869211665974
0.19864974002846902
0.1939604460281208
0.17958204376415465
0.15598488179009817
0.12232124412838632
0.07819736943426944
0.026075467811745412
0.027628630686686306
0.07488421160274383
0.04978390564479257
0.08229846382179856
0.26489914568709944
0.4423454990784984
0.21377799237288703
0.10685218924854317
0.03344264718929352
0.058561150147954766
0.24126028519857953
0.040565258360543754
0.23733645616874344
0.023964057330193134
0.12411718787280934
0.1654093718230888
0.17587139387256645
0.16773453176599135
0.14593804931994292
0.11281467079523605
0.07056171196714872
0.02339400468322525
0.017702251887696197
0.026107021952201326
0.005055913020717007
0.006132679517677098
0.08880105548117889
0.1381448830228525
0.08076388693159386
0.005780781382206113
0.09173500784333151
0.15846130484197896
0.12098673809043328
0.08555077198861794
0.12859890081889358
0.15218731396286622
0.16240488994744484
0.1560678476211511
0.13598233546795974
0.10468068543277995
0.066069730219693
0.02757522341005781
0.000492953135569657
0.011916473010250839
0.019846249442255215
0.04404346307901713
0.08167057477466921
0.0895731448927537
0.048710896748536736
0.017220120976024045
0.07909145553985433
0.11281861257702752
0.11183706640849675
0.11343260170113934
0.13466257696705614
0.1468332123647033
0.152409795670564
0.14537209394906175
0.12634004633446394
0.0977658227008138
0.06424796945966803
0.03219968820184224
0.007041879528223716
0.01125137351548755
0.029531138958715397
0.05152507492306824
0.06816852678378027
0.06181203977965194
0.027590031850409757
0.02134302297498919
0.06580621106804604
0.09352650996559855
0.10743060251726175
0.1209166491422059
0.13805709561143248
0.14630907879842514
0.14602929616121074
0.1373360665032896
0.11888877888297633
0.09289108718450415
0.06322752826892512
0.03437251505470388
0.009208401385301546
0.012457288495471175
0.0323632708674268
0.048953244754923686
0.05532906861281017
0.043992132423384456
0.015006224395371803
0.02274828901398593
0.057930816628463194
0.08437359980626882
0.10374484982116655
0.12154806115781469
0.13752780087721966
0.1467440612399623
0.14157746516476527
0.13142972717287377
0.11333088329548469
0.0892293934349215
0.06198970909034365
0.03474864878452724
0.009606894000209282
0.012625051303087886
0.031126610226151263
0.04318696864603916
0.04442136863659146
0.0318230457676979
0.007064556068894279
0.023731211910195976
0.05373441658792148
0.07931250801110531
0.10074026066110453
0.12039371229450235
0.13635873234404988
0.14559177086327751
0.13885083126596265
0.12775768202311066
0.10983452500610169
0.0868068028750473
0.06085276126017396
0.03446563417200447
0.00969846679320946
0.011824560434898879
0.028278510969927118
0.03712272684952256
0.03575673701155607
0.02323267775141047
0.0015406264818290105
0.025013229081300964
0.0520122195150462
0.07691121439996404
0.09911395812543339
0.11893052352910771
0.13389263254517175
0.1416056863098744
0.1352488735260981
0.12418428463498704
0.10679059159530546
0.08466197493544914
0.05972582412832865
0.03423892724136005
0.010355620235187685
0.009895271648848791
0.0244350223714625
0.03116365941410465
0.028563532880467146
0.016607788864795525
0.0028210451691049743
0.026559622641124325
0.05147223433196593
0.075455933863677
0.09730811103874829
0.11595959495254554
0.1298370812130376
0.1365514153790734
0.1329278784790383
0.12040979246192623
0.10346272855369965
0.08210948442146132
0.05823280401983599
0.03390799381623975
0.011339201218421163
0.007336156145488826
0.020119868210278946
0.0253647454642123
0.022209537064761142
0.011021705678523286
0.006547777164754465
0.028074065813010307
0.05113168310727255
0.07379697089685709
0.09458613562445531
0.11218565231201522
0.12615434836392936
0.13388744042289097
0.1336394046075493
0.11900280278761277
0.10179549947452393
0.0806625467714297
0.05744769361081714
0.03403902008781302
0.012617525776400101
0.004721971865659369
0.016161741759305348
0.020412437561270036
0.016996904335617347
0.00643987248709732
0.009815829764851847
0.02979172832426963
0.051448477617919264
0.07299007193694818
0.0929457125507119
0.11004351313128685
0.12354575543072904
0.13013082782513508
0.12665144484737673
0.1566047224226504
0.3120558676664425
0.013132186736327267
0.2374358574658346
0.09345970210205594
0.22935985111721277
0.42188736496848245
0.1835224574732512
0.0933682852849671
0.04457072617005281
0.01632767409446484
0.006848035418612786
0.028909980789066175
0.05076861435567573
0.07185190257984819
0.09119738752935577
0.10763523627461141
0.12058653665426738
0.13305285573706493
0.16263084098170666
0.19544819511281636
0.16305360292013388
0.0025984575767245277
0.25379482126243913
0.25668585313368575
0.012917191737437106
0.023814236818102963
0.026089849563893153
0.011265898144615982
0.007804367138301571
0.02861969862179567
0.04971020818100355
0.0700596319477622
0.08872950032918558
0.10543238876349165
0.12269110888932777
0.1435205233404402
0.16343585430918106
0.18015290708471376
0.12730785280212792
0.02867346947575103
0.0011126552150861613
0.012071228802188631
0.012640081939079117
0.002108601936568255
0.02428513535529564
0.02779652238954672
0.018077274390846165
0.00012420048503974934
0.02303713540695651
0.047978170148342644
0.07300813451280977
0.09699926483908292
0.11981785132444434
0.14112824470993784
0.15474968905581454
0.1532683722136624
0.15319205481892528
0.09813579871180922
0.04415787194791082
0.017094283471678542
0.01275210477860042
0.010297520923775283
0.0006342855744287945
0.009158115589569304
0.010392253050494127
0.002925205896157801
0.011337429641681218
0.02994499763996694
0.05074536106615572
0.07212100227213128
0.0930870276418764
0.11270576651668884
0.12858671765116625
0.13465255697010642
0.13136549975418121
0.11403878875643236
0.09736650518429518
0.05579146943114652
0.03170633033651136
0.0176106779944131
0.0074108518906140786
0.0020692812071386735
0.008359011840761599
0.008312086068820723
0.001275299075285008
0.011853937153515293
0.029402514373891575
0.04957557671512745
0.07074985336932071
0.09136865752988993
0.10934425187451474
0.12197158612400205
0.12666955813126268
0.12615988781387716
0.11747142165493629
0.10391793785080805
0.06668211911342559
0.0409658135231495
0.02203191790698275
0.008012573292644709
0.002291198633602387
0.007814920006629644
0.007239370698929881
0.00019626250643739462
0.013268223158893366
0.031339652177414495
0.09280036345081422
0.2514472335120395
0.06237605092808707
0.2808544219153445
0.03327192404696355
0.05507886712608401
0.09472468027244635
0.10189753855073591
0.09189520352437275
0.07014673148674289
0.04522917419670833
0.025260707114930614
0.009598132284408645
0.001342944550619507
0.006816404730846326
0.00603984396358026
0.00163603211849217
0.021800980217705157
0.06938928693815583
0.1257447342116355
0.1645830183085435
0.10103641638792613
0.041203713269747755
0.06899198229855924
0.08674886981259189
0.09278867366079613
0.08567263047666057
0.06999242255313964
0.047328811906177104
0.027485532952355687
0.011182592982231676
0.000027707982741043136
0.005419505756505294
0.0034791234102969915
0.009041553831616644
0.03605349599101465
0.07645410926179994
0.1110532346227015
0.11950910026916194
0.0957074602496
0.07677513146875525
0.08173873187067576
0.0880086492914901
0.08868902986214516
0.0808225417092886
0.06669222360230251
0.048845722906374185
0.03180598889692002
0.013727397519192719
0.0021743451096272737
0.002658152028228722
0.0014064915999364436
0.01663037200506995
0.04280840031439054
0.07351047584038348
0.0960417084891818
0.10213856828477148
0.09543956847274626
0.08960660381846164
0.09007652014189005
0.09079125522702969
0.08759237764511812
0.07870248074967734
0.0657156486468552
0.05007303228566517
0.03436681569571563
0.01637901044396617
0.0050574864343630455
0.001141337609713522
0.006585416595519866
0.021972161361755838
0.04481591923547695
0.06864546195802512
0.08637478448524608
0.09442483154104339
0.09548894105893985
0.09490468084833775
0.09652470586420547
0.09586685573975329
0.0904072755316273
0.08022468224534096
0.06632787226471376
0.049879125121135175
0.03264673961523183
0.016276593000952022
0.005416010213580791
0.002193325509534716
0.008135900579109956
0.025197195999630606
0.04754611061912806
0.055575820335965836
0.05914169060027343
0.058875666477575306
0.06093338824409872
