0.0035229908869012626
0.0034628614085805507
0.0027084059792370063
0.0012563741580806208
0.0008774677828407951
0.003656951790477024
0.007024988532247345
0.0109041153999493
0.015198235557295164
0.01979556069166177
0.024572639808455123
0.029399226412878704
0.0341436294968044
0.03867813027636792
0.04288403933224707
0.046656019226054
0.049905395695117385
0.052562307193961336
0.05457667504200428
0.05591809363022027
0.05657482693163472
0.056552146947615886
0.05587026250387612
0.054562069558941675
0.052670916470250254
0.0502485294304177
0.047353193005812394
0.04404823441448186
0.040400821319572344
0.036481052732098646
0.032361300782801014
0.028115746392354837
0.023820042648537557
0.019551034465392605
0.015386460679657864
0.01140456447568879
0.007683539860823006
0.004300746394845952
0.0013316326402369929
0.0011516775739413843
0.0030821611974280686
0.006443147851993281
0.02886885761310776
0.052464993461013465
0.07715814371187879
0.10281803899382351
0.12925851071511466
0.15624289226202231
0.1834940566959043
0.2107085837827949
0.23757382304894903
0.2637860568916373
0.28906773359579246
0.31318190914955507
0.3359425605777863
0.35722016021452474
0.37694263625048097
0.39509242543077655
0.411700660112648
0.0061708138146988195
0.4068215934014116
0.3846546850640153
0.36278983507096085
0.3414011847638557
0.32062798115972707
0.30057087975401675
0.2812907123055716
0.2628093182580249
0.24511191532146115
0.22815046935359912
0.2118475880940043
0.1961005742705279
0.18078540183800496
0.16576050375680507
0.15087036874017304
0.1359490326309098
0.1208236163407741
0.10531810660845106
0.08925759711486937
0.07247320202286772
0.0548078148302327
0.03612280296453914
0.0055860891890590104
0.005554033502884116
0.00472950736959072
0.0031057496219809126
0.0006992890528680316
0.00244803319686295
0.006268210252302673
0.010667693711634934
0.015529685951159007
0.020718118655464475
0.02608313141445803
0.03146766269743201
0.03671460628704148
0.0416739033804809
0.04620895263905964
0.05020182488572802
0.05355694286267984
0.0562030929464816
0.05809383542925553
0.05920654039476035
0.05954037833251983
0.059113634470734845
0.057960701725644354
0.056129054780247954
0.053676434691559846
0.05066839505695661
0.04717628831965962
0.0432757106372235
0.039045378113299264
0.0345663754041687
0.02992169738933278
0.02519599275695401
0.02047541215546671
0.01584746076382777
0.01140075436156371
0.0072245788528593965
0.0034081563716374733
0.00003952824075731387
0.0027960212357853523
0.005018052677879088
0.0066626201170494545
0.006661835061337107
0.0058328826425896735
0.004166266146531698
0.0016770547081837173
0.0015927590647181085
0.0055731546896043704
0.010166591865810775
0.015250361590091556
0.02068081734682921
0.026299289975665097
0.031939256951431225
0.03743415141452504
0.042625099212076134
0.047367885941228566
0.051538577486788924
0.05503741915604743
0.057790876579549545
0.05975190926763378
0.060898747331415384
0.061232552256828054
0.06077438067278913
0.05956184702424158
0.05764581616249588
0.055087370887390304
0.05195521011235554
0.048323552835505254
0.044270558012909224
0.039877222523316914
0.03522668725079585
0.03040386174614072
0.025495267303560706
0.020588993246923808
0.015774659174933318
0.011143275295880866
0.006786893342900967
0.002797942621146937
0.0007318486137838781
0.003713034037203168
0.006060597398093191
0.007751049370503568
0.007788678453551343
0.006959225021808499
0.005249911847969559
0.0026739290895472015
0.0007268087718919972
0.004880251510954132
0.00968456801621697
0.015010548053641477
0.02070611311698628
0.02660272999906182
0.03252324943378804
0.03829047433850502
0.04373564735512897
0.04870606305900636
0.05307115281572884
0.05672662627949995
0.059596530225041355
0.061633346882234694
0.06281645603448974
0.06314940434872823
0.06265646006128578
0.06137889633066301
0.05937136605557895
0.05669862945410769
0.05343279347925954
0.049651132610601084
0.04543449024298058
0.04086620988944566
0.0360315133267864
0.0310172245369442
0.025911729382408405
0.020805057453653526
0.015788971470244273
0.010956949215924987
0.00640394272052508
0.002225800051738565
0.0014817612421633153
0.004624729893155294
0.007113005709198081
0.001979997463780997
0.024556216977068238
0.04864502723098653
0.07417377671004025
0.10098975816281747
0.12885927264397284
0.1574739330692203
0.1864649111680275
0.21542446569175175
0.24393259430293912
0.27158547486003903
0.29802190834522396
0.32294441580494815
0.346132823579426
0.36744969440941205
0.3868383661502012
0.404315311898441
0.01474472524809406
0.4087564319569294
0.3845751104420371
0.3608008090070729
0.3376821557988043
0.31541801698257577
0.29415203873298756
0.27397144241081417
0.2549092229977959
0.23694868646816952
0.2200292812278462
0.20405285372705004
0.18888970629885185
0.17438409206646865
0.160359009107334
0.14662033852597786
0.13296050856811684
0.11916196669792833
0.10500081192065475
0.09025098518526509
0.07468943428777577
0.058102650370714194
0.040294895522216614
0.010467431461635271
0.01058184472514924
0.009690315546133171
0.007771385082933138
0.004836128275709728
0.000932348185860972
0.0038530977348658485
0.009394524367504615
0.015530664897395675
0.02207104159230245
0.028805115710804498
0.03551341924756182
0.04197952575489451
0.048001567592516864
0.053402093502430845
0.05803536041525309
0.061791588411371084
0.0645981718111298
0.06641823369098247
0.06724717115873231
0.06710794465758854
0.06604583544044364
0.06412327324311391
0.061415168834728695
0.058005013997381824
0.05398186149601637
0.04943818262067305
0.0444685217568174
0.0391688211281761
0.03363626621284893
0.02796949479819699
0.022269012807195662
0.016637662353959658
0.011180988488027663
0.006007349346912751
0.001227610604548457
0.003045738013537566
0.006700203669764135
0.009625792362309898
0.011996017736761233
0.012175371029957804
0.011294746024134966
0.009326713251539623
0.006278491504345368
0.002196924157571771
0.002828560931481691
0.008665829813093193
0.015143342255834502
0.0220570405420817
0.029180460955270694
0.03627715861728563
0.04311411650399773
0.04947462570441585
0.05516922842353328
0.060043679069531855
0.06398340314625175
0.06691448623081343
0.06880168505662118
0.06964424383439478
0.06947040255294011
0.06833142872592962
0.06629584471673072
0.06344431832790715
0.05986548241943665
0.05565277967179813
0.0509023036943434
0.045711527133857593
0.04017876350303751
0.034403191520754405
0.02848526842160875
0.022527363319240636
0.01663444702731915
0.010914676887983775
0.005479712541857071
0.00044459183904453636
0.004073011759926026
0.00795433227456957
0.011082027081718154
0.0025600902695271793
0.020203515965626168
0.044873681486479564
0.07138502054661973
0.09956191337137969
0.12911378527422265
0.15964187734479532
0.19065929619376293
0.22162354815334592
0.2519777826550504
0.28119461836673476
0.3088156480054788
0.334480856402422
0.35794477651155654
0.3790792411305196
0.397865051916179
0.025039440814488084
0.41432651357322126
0.3877997008668725
0.36173905839574794
0.33649479006571315
0.3123481073243908
0.2895025695238036
0.26808273198271193
0.2481384670909415
0.22965292452672753
0.2125521969863844
0.19671515994671357
0.1819824646326486
0.16816414763539683
0.15504571167056103
0.1423928156183071
0.12995490446175895
0.11746823867960296
0.10465887450026248
0.09124621902129101
0.07694784213808684
0.0614862580837157
0.044598360106095275
0.015567438959158963
0.01589927076002312
0.014981481521768161
0.012769146053672825
0.009261668193644643
0.0045106880643493025
0.0013748676065521853
0.008228018606765149
0.015828292581358552
0.023911929061397136
0.03218707510312373
0.040352347144808724
0.048116425229939586
0.055216123288106586
0.06143071587903462
0.06659109122749901
0.07058330222729436
0.07334702614171648
0.0748701096655291
0.07518067923870139
0.07433826582764394
0.07242513264683381
0.06953862799369179
0.06578501750705427
0.061274945448222595
0.05612045883106745
0.050433398983730414
0.04432490477051051
0.03790575781126579
0.03128731178303856
0.024582768895989995
0.017908585501057235
0.011385798527139154
0.005141061731790422
0.0006928345188646351
0.005977210767295238
0.010568790485971591
0.014322329295191227
0.017673611801534594
0.018122908040191982
0.017245014672178427
0.014983400881584452
0.011329108935366497
0.006330324991270092
0.00009887001980733723
0.007188154590348168
0.01529292122721225
0.023928121379806985
0.03277420750217297
0.0415007136044685
0.04978883514767664
0.05735216206638798
0.06395288583035778
0.06941180087468111
0.07361167419349296
0.07649470607466785
0.07805558626553172
0.07833196453109009
0.07739405783348396
0.07533475348931393
0.07226110032985658
0.06828763475960131
0.06353163772271041
0.05811018436191928
0.05213871993650232
0.045730847010409956
0.0389990107309178
0.03205579592095793
0.02501558294140038
0.017996336411842444
0.011121314584050787
0.0045204839715036055
0.0016685965282863258
0.007300692250093166
0.012223921425256606
0.01628224123687877
0.019896974987440946
0.020494022123038552
0.019677376834984384
0.017376026546719325
0.013570094117277165
0.008302506445100374
0.0016873671383651895
0.006087175120100284
0.014763339444312903
0.024026157365973036
0.03352322347790031
0.0428894647794258
0.05177347244732687
0.05986156255625649
0.06689628389598229
0.07268737934113126
0.07711480163100137
0.08012480952614146
0.08172109162899155
0.08195317752456285
0.08090419705658328
0.07867954358090548
0.07539739749224442
0.07118152628429086
0.06615637491834586
0.06044421026434682
0.05416396266089482
0.04743137805872967
0.040360117899804995
0.03306349053325836
0.0256565464770823
0.018258307042829082
0.010993914380486594
0.003996487414941019
0.0025915580860363385
0.00861801337539525
0.013921551887921907
0.018333981307472463
0.011639121523134038
0.01040088356639085
0.03509212558417066
0.06242436522827716
0.09221706816713648
0.12409917303314147
0.15751008674376016
0.1917285680170465
0.2259300191823966
0.25926445172776336
0.2909404105797583
0.32029790396763036
0.3468571121364212
0.3703374091277506
0.39064931629438493
0.031477721955998156
0.40951591591662606
0.3788348602780224
0.34886063996462163
0.3201404417414597
0.2930996371367721
0.26802983204338643
0.24509253628594035
0.22433352242741908
0.20570253765737467
0.18907395942964306
0.17426545284011574
0.16105310543110643
0.14918259461461764
0.13837663157875504
0.12833929663333324
0.11875804690799395
0.10930424253043546
0.09963308106380692
0.08938390417338682
0.07818197194030925
0.06564298807208901
0.05138186470076833
0.02524423901684908
0.026238019331548346
0.025520570035570456
0.02297381502369758
0.018546676394536638
0.012275094191944419
0.00429746622463327
0.005138776223884603
0.015683102715309847
0.02690197530608885
0.03831167892695377
0.04941922483009498
0.05976441298242721
0.06895580121421699
0.07669505146959785
0.0827872069400565
0.08713773051040155
0.0897395566236712
0.09065446837495117
0.08999290436449539
0.08789529456045572
0.0845167590146248
0.08001587428128504
0.07454741011251304
0.06825848589905595
0.06128742195353071
0.05376456675580982
0.045814479806736204
0.03755897763382756
0.02912066912923701
0.020626695287748284
0.012212438039639062
0.004024969129479916
0.0037740290105011953
0.011006222950458805
0.017475947458221786
0.022971518524227047
0.01764850131751977
0.0041139079261011124
0.02916282771367168
0.057552141322388034
0.08910449352434918
0.12337028055992103
0.15961964705504317
0.19688201670659566
0.23403603961530417
0.26993571254216675
0.3035439577384484
0.3340415927742827
0.3608895395338607
0.3838392868766679
0.044216975469808795
0.41772954422346176
0.3832882045141376
0.34953061070386776
0.3172415601303631
0.2870311264241497
0.2593126365273798
0.23430934347758253
0.21208004752200726
0.19255314941362783
0.17556088402380426
0.16086873833055007
0.14819792643097524
0.13724073879499066
0.12766963066597536
0.1191413251022642
0.11129726122442808
0.1037616360040994
0.09613821284499954
0.08800709105113261
0.07892279973532329
0.06841542197787426
0.055996953507455094
0.03202895694453184
0.033682712727457154
0.033230363152691456
0.030470350423462828
0.025289431955787894
0.01769889012095588
0.007864829215162183
0.0038764079465065104
0.017025923925818746
0.030957073861983344
0.04497436928258362
0.05838597493208218
0.07057467405194992
0.08105267635890692
0.08949104051442386
0.0957222052584785
0.09972087287687476
0.10157207670410029
0.10143539679446872
0.09951209676506168
0.09601897775288959
0.09117013542978053
0.08516607459461431
0.07818878937764304
0.07040121640142535
0.06194963366772607
0.05296789089844918
0.04358268292837881
0.03391935008673147
0.024107884363271145
0.014288934009748483
0.004619634149705482
0.004720953641843245
0.013527140252655112
0.02156322010596029
0.028562295200096788
0.03597911845257595
0.03812332102842919
0.037985744666385324
0.035308516555471015
0.029927801355274397
0.02182032502233111
0.011144766135332829
0.0017340811473591233
0.01625027854010315
0.0316775178615935
0.04720258217245374
0.062017521236763004
0.07540970649299211
0.08682966324313696
0.09592455789116647
0.10253637200381815
0.10667306691990269
0.10846535742149066
0.10812103882678764
0.10588515949423993
0.10201003977789269
0.09673574049239486
0.09027958570206177
0.0828325676911939
0.0745604727530911
0.0656079563894159
0.05610428817195966
0.046169932791123094
0.03592347773116253
0.025488651025463938
0.015001304600856552
0.0046162804430401605
0.005485969666443047
0.015093284782999372
0.02395675362783989
0.03178767645320174
0.03031781297389169
0.010724447511638091
0.013370303266838357
0.042264056393695404
0.07590933511161013
0.11379623875212491
0.15489058525091512
0.19767713037929924
0.2403306511563946
0.2809842162862662
0.31801416247420156
0.3502519525256883
0.37707157602671904
0.05131201011813902
0.41120175820540067
0.36930110040672726
0.32841563773911964
0.28984079880047464
0.2545192023814199
0.2230137146211073
0.19554890936232905
0.17208771485997743
0.1524139809047243
0.1362032253828293
0.12307472337109038
0.11262506626579333
0.10444646905144273
0.09813379427507721
0.09328377421939178
0.08948907106261951
0.08632903542348931
0.08335848066777024
0.08009555256939213
0.07600989195841962
0.07051283866703151
0.06295251818814596
0.04537865253722101
0.0489892096225682
0.04973468701417033
0.04715766749651634
0.04091785116896923
0.03088266812097193
0.017216738319458857
0.000441906730194605
0.018563355665221857
0.03864424437729985
0.058521761482339146
0.07697887867959766
0.09302720484597965
0.10600939818117522
0.1156202566556801
0.12185937733846386
0.12494565639997696
0.1252247627014228
0.12309082144652983
0.11893128224514637
0.11309479638365016
0.10587732431099084
0.09752061534268436
0.08821801107649058
0.07812395478086445
0.06736495261626359
0.05605077462548905
0.044285382477137585
0.03217749437342941
0.019850924761483008
0.007454925931513562
0.004825264507012872
0.01675761545559612
0.02805251112157431
0.038352872861178666
0.041233927095667366
0.024106064909480085
0.0012614015246172339
0.027959321034042195
0.0637557908949995
0.10561924399328987
0.15215901089237238
0.2011315513913911
0.24974800718386134
0.29519601072660767
0.335175943676677
0.36824325229345434
0.06403992297100974
0.41492093019446724
0.3651322316982687
0.3163772154722882
0.2707063574602821
0.22954847290807184
0.1936664423402517
0.1632633901815811
0.13815098733988085
0.11791134054365371
0.1020200527250898
0.08992523789043066
0.0810902483897813
0.07501093984414792
0.07121678252233878
0.06926238344059552
0.0687134938447698
0.06912976362514099
0.07004535697406428
0.07094795729314118
0.0712566195056964
0.0702994655339883
0.06729363820392775
0.056529671877546206
0.06251056558637447
0.06489220752962693
0.06286577555419293
0.055748925052371834
0.04316526500572326
0.025243760186996478
0.0027691332269847435
0.02280347772845699
0.04952539479780149
0.0752969976765161
0.09826272072654071
0.11711466225139078
0.1312117794875895
0.14051501073117256
0.1454103753054204
0.14650801932562096
0.14447774128026736
0.13994312400619124
0.13342940287199684
0.12534924374148798
0.11601044787534442
0.10563382927217357
0.09437415614862144
0.08234057505537673
0.06961515975660376
0.05626945483309651
0.042379483261482304
0.028039939269218966
0.013378368566340337
0.0014298665183131165
0.016145124563961555
0.030445066609986582
0.043904462258151866
0.053755841599553544
0.040249583930247634
0.019599942644797252
0.009446016790664036
0.04757082936083057
0.09438966783328495
0.14803020044755513
0.20510229629928356
0.26127933265350684
0.3123372029878462
0.35514206010761684
0.3881311998408804
0.03417326114800173
0.36471658993281075
0.30642429140168403
0.2521014743220811
0.2039454699738088
0.16298279767866086
0.12931433493754668
0.10246762005747495
0.08169935406278017
0.06619577845274038
0.055180625625900814
0.0479594244953227
0.04392646720523474
0.04255237797383253
0.04336266702496649
0.04591247797718573
0.04975963227121223
0.054436358945869456
0.05941923751350903
0.06409660622593627
0.06773303157369126
0.06943181701037332
0.0591942104306466
0.046695430829838236
0.02604502288453603
0.004375812618643837
0.04548573083653579
0.09679971516719632
0.15583953377506973
0.21815873752095497
0.27828841228770607
0.33124644354652666
0.37376561365109556
0.060398939773909865
0.39766520081651807
0.3336026098351243
0.2723971037649409
0.21738689906341507
0.1703612476629462
0.13175502567820463
0.1011229645180991
0.07759228770659121
0.06017075787802012
0.047911813642769974
0.039981076457841436
0.035666806533965784
0.03436288131423379
0.03554020560611946
0.038714121922768754
0.04341064498209919
0.049131874545019244
0.05531975549039175
0.06131693187681797
0.06632372645129381
0.06935176212377397
0.06282088831474275
0.05032375466244349
0.028716354949690437
0.003876942172764908
0.04844468691355297
0.1041919470055252
0.16785853978525425
0.23393857720518454
0.2960865051208298
0.34901975424614706
0.38977516720740096
0.042294873012302725
0.37422927799880457
0.30794518665155546
0.24656379897053715
0.19305177437775536
0.14860198409398206
0.11309612594560448
0.08569894208460582
0.06531318127470914
0.0508418176400906
0.041303649112096774
0.03586229491973045
0.03381205615044419
0.03454550178749994
0.03751480787218868
0.04219155348042032
0.048025934506524204
0.054404622186519924
0.060605899661303086
0.06575106974051825
0.06875299880934144
0.07234441848150591
0.08134840290101492
0.0849760290428831
0.08168121932696876
0.07018024730436723
0.04992840657243214
0.021620274650043514
0.012558431434794154
0.049190644393653005
0.08441390055357186
0.11490428868047695
0.1385900054093463
0.15481956298217486
0.1640550631000589
0.16737028200898435
0.16600693628147245
0.16109820350568688
0.15354995341332878
0.14402419821365348
0.1329723510414739
0.12068472673387984
0.1073396481652138
0.09304609828998701
0.07787918917121195
0.061909903992366955
0.045231189564087504
0.027982450404848397
0.0103742608733218
0.0072852023207687355
0.02456103123633363
0.040859978128730046
0.06067272288880571
0.045005325266543494
0.019872561518467224
0.01622583058570176
0.06366155247391789
0.12090589592332085
0.1841657495914088
0.24795634190359941
0.30658364539831523
0.35573577074020113
0.0803376966853036
0.4242482714960687
0.361195713438888
0.29968900074589666
0.24347634731691103
0.19482787699111132
0.15456360301059371
0.122470967980572
0.09777686549389142
0.07949864132246245
0.06664619026437073
0.058311496441534674
0.05369000645238621
0.05206630886712016
0.052783224997740574
0.05520395757116328
0.058671425782165304
0.06246617623612119
0.06576340761609081
0.06759043327727621
0.06678881961462324
0.05473553490636762
0.03526962093467703
0.006253684368151297
0.03339151191328743
0.08344916886645212
0.14180021641495205
0.20434708966894133
0.26581560587966413
0.32118951121410505
0.36698927906452966
0.06972421596423464
0.4187312385639238
0.35848783252987926
0.3004164265581503
0.2477080149527821
0.20223276311833177
0.16462279591177567
0.13463789091679346
0.1115572295060193
0.09446860389128445
0.08243617093072389
0.07457533399273118
0.07006965756274662
0.06815594527593286
0.06809338746089395
0.06912529795922305
0.07043774386626991
0.07111774435586357
0.07011437411154994
0.06620938207040775
0.05888776401187204
0.06320823764289155
0.06214195403425987
0.054828833249614406
0.04088236917616028
0.020668355814861136
0.004530438693602062
0.032593161464968184
0.06092499506539961
0.08699693901498017
0.10884542318506649
0.12534329809652311
0.13619021568934553
0.14170581039164099
0.14255940034358286
0.13953816370700411
0.13339565008778767
0.12477733264323276
0.11420092849277105
0.10206832630812027
0.08869229893398206
0.07432811268948451
0.0592052337869082
0.0435573610308475
0.027650488648147082
0.011809137157527974
0.0035594284822831404
0.017944214561620653
0.03071590310707563
0.03986290659690721
0.01454123406126824
0.019144253391150126
0.06144031213552845
0.11141834916739808
0.16675346734646812
0.22394283568410414
0.27901978034096075
0.32848606022263666
0.37001696357225794
0.06280400178205535
0.4213277896640214
0.36878873470930346
0.3180401854985641
0.2714440017761921
0.230500871211343
0.19585488663868214
0.1674816870784213
0.144924823006242
0.12749449147055247
0.11439990532673502
0.10482034477178966
0.09793145647083681
0.0929030825092208
0.08888093208994687
0.08496074797898205
0.08016171354836467
0.07340613260626434
0.06351507912518065
0.045485328663458745
0.04726978944065767
0.04426362736134837
0.036051524390795925
0.022660672167587236
0.004698042876210694
0.016618638230860593
0.03958621352741254
0.06228750224262521
0.08292739064253941
0.10011827513526078
0.11302818683126803
0.1213741183853889
0.1253051265619826
0.12524321557300325
0.12173720281171793
0.11535724193352914
0.10663414332860793
0.09603502420419296
0.08396345234196416
0.07077381128051058
0.05679267448594531
0.042342737769733796
0.027766708970647286
0.01344944002026622
0.0001633839591240055
0.012552416009439432
0.023121504070041515
0.0390620799561317
0.04005803560679326
0.03671618539539545
0.02877282979765199
0.01634647128226114
0.000027240814518280504
0.01911768331674808
0.039651464963091326
0.059975586867473174
0.07858126608087578
0.09426652718476267
0.10625893202247114
0.1142276005342562
0.11820986282488016
0.11849735557950389
0.11552220516521373
0.10976752321842083
0.10170986369682941
0.09179062900503344
0.08040905103630816
0.06792911935609453
0.054694363310369684
0.04104620969541371
0.027343023590768355
0.013977674849691785
0.0013915497243989772
0.009917583823046902
0.019397408967434485
0.018996623731720078
0.011507364431565109
0.04832385332494753
0.09108949436324787
0.13862209608006204
0.18894599163449857
0.23955494281465275
0.2878640255181236
0.3316891001969244
0.36957522241458546
0.4008893837692575
0.012839577926390913
0.3800675301942554
0.33689763897883024
0.29656433958628486
0.2601831491372918
0.2283381601522541
0.20114423942982262
0.17835781424450287
0.15948974124067145
0.1438948805013003
0.13083127688526466
0.11949239736616643
0.1090200944585048
0.09850687384908913
0.0869960200467473
0.0734884892596789
0.056966586394554514
0.02785630715650181
0.027735292670083345
0.02375336348440514
0.015840429252999222
0.004261425860499962
0.01034470275629662
0.026993787303034388
0.04446203114491525
0.06145004887428154
0.07676287715013635
0.08945694746786781
0.09892004941746736
0.10487748101497568
0.10734169139764743
0.10653378314250642
0.10280299797903616
0.09656084214647637
0.08823636953759104
0.07825197956999104
0.06701553736633745
0.054923714325843226
0.0423718897579773
0.029766773076951976
0.017538551910583358
0.006149623293237955
0.0039031812462568816
0.01209634052657646
0.007528306182223193
0.026131035463453134
0.06524154493177542
0.1092247822061091
0.15680934433113802
0.2061250403875719
0.2549734564382783
0.3012075104617213
0.34309016260120967
0.3795150337127663
0.41004834985895394
0.0039471161926833975
0.38205769561671016
0.34151444846507045
0.30352936745058723
0.26900059315520974
0.23838256147275427
0.21172879196085923
0.18877310987612173
0.16901577856894112
0.15179502924203664
0.13633764175234128
0.12179077634872441
0.10724158734220011
0.09173304458296022
0.07428535095039143
0.05393298831391474
0.018681598449595882
0.01790364477683329
0.013625596935364553
0.005895832781271121
0.004937649955192483
0.018216232336414777
0.033015657277401085
0.04824704314772283
0.06279444743216304
0.07565540279436928
0.0860500841717482
0.09347771040290723
0.09771801991702217
0.09879154900800854
0.09689932645413488
0.09236079558409716
0.0855622474535051
0.07692095725714987
0.06686495876469649
0.05582550005656471
0.04423815981699156
0.03254854792371622
0.021218801532754017
0.010731335937664649
0.0015864069743920517
0.005709885739130449
0.014840492519573867
0.013914209042801634
0.009754325645379092
0.00243775061655499
0.007693591010748624
0.02002898788511282
0.03373114918303974
0.04782317795882766
0.061304357404455515
0.07326838728794893
0.08299713077085247
0.09001245222255108
0.09408320017853963
0.09519691876653547
0.0935120500060811
0.08930594674591119
0.08292951575227925
0.07477381965161153
0.0652495052813237
0.0547771699667242
0.04378550413412312
0.03271370413002753
0.02201471758893342
0.012156041350725594
0.0036149334399677713
0.0031348755477004775
0.005525222595553103
0.04187825455751176
0.08259549833566901
0.12697954736222788
0.1738053616068685
0.22144574763780925
0.2681071779783769
0.312113828838857
0.35215233514444216
0.38741054995763663
0.03712851727059821
0.42190669151370264
0.38299928947137024
0.34519745375074995
0.30950135992256617
0.27658618002551927
0.24677162502212768
0.22004548321422046
0.19611739399807754
0.17448091153687367
0.1544700565319149
0.13530531490354852
0.11613063373432717
0.09604701113026948
0.07415036079351583
0.04958186500543105
0.007913699678568642
0.006666120133976772
0.0024028615635793837
0.004734909664985659
0.014358129271591885
0.02583955982781462
0.03836407608432423
0.051014806377533334
0.06287877923818361
0.0731490047588598
0.08120156490359054
0.08663538172723467
0.0892742657738328
0.08914038844787275
0.08641255372509249
0.08138176405212921
0.07441270874740327
0.06591528703873756
0.05632660381842218
0.0461015314654685
0.03570874616043139
0.0256287177730945
0.016350104142090788
0.00836119773081706
0.002133527950961167
0.004963488457083276
0.003677489806866885
0.000429218514887475
0.007207082184710639
0.01628238676160025
0.027069038914197978
0.03881484482877742
0.050677788637660384
0.061818532602601534
0.07149006975276409
0.07910673429475681
0.08428193872898126
0.08683359182134381
0.08676411464011219
0.08422588395019526
0.07948270644134048
0.07287506403262006
0.06479319768048339
0.05565890082338085
0.045914698343213614
0.03601786165472097
0.026436184423274972
0.01764234675676038
0.01010388520172223
0.0042662813808471145
0.015778336658036796
0.054419961056910604
0.09666573265902051
0.14175624229547512
0.18850441449670355
0.23543414837690962
0.28099405738499317
0.3237896171889244
0.36276790903352685
0.3973121510983253
0.024632790161104756
0.4160688781835831
0.378479826103521
0.34195239905473485
0.3072791858122934
0.27496068664339746
0.24518286691631644
0.21783699870136047
0.19256423177999843
0.16880897004845613
0.1458712963921401
0.12295545665365537
0.09921666017363709
0.07381155089851543
0.04595854076374328
0.0003465922047077852
0.0018186885918117235
0.005982744968423437
0.012644883676643265
0.0213932304983476
0.03161859450761705
0.04256736421122781
0.0534200228339449
0.06338077985372667
0.07176033419039723
0.07803639090150805
0.08188393690099255
0.08317601892059662
0.08196241165959295
0.07843635981084601
0.07289879233050695
0.06572651134951951
0.057347441822416065
0.048223140319542404
0.038836798444690776
0.02968389533456539
0.02126225094973644
0.014058343944763962
0.00852735362959467
0.0026172675395770284
0.004083059770347397
0.008091332201182355
0.014448354020654475
0.022759811059677393
0.03245155479298926
0.0428185264957638
0.05309585340098484
0.06253955412036533
0.07050141940881577
0.07648476744608701
0.08017387791121217
0.08143725919233546
0.08031068108749095
0.07696857218179509
0.07169201426577881
0.06483928146658635
0.05682197712234373
0.04808724922886411
0.03910472932620684
0.030355773281351
0.02232215604487847
0.015471464974095517
0.010237019219421939
0.004805577645120629
0.006257380071014784
0.010117411205962934
0.01619337427992737
0.024107432945968205
0.033316812849206026
0.04315925322998257
0.05291783010049669
0.061894167102843095
0.0694766540800773
0.07519206197787281
0.07873405049828852
0.07996830921784848
0.07891912614805258
0.07574469098616848
0.07070836884318354
0.06415137470411325
0.05646981952738625
0.04809681071181483
0.03948858616940165
0.031112628495843453
0.023435271297563037
0.01690638688493984
0.011939307595699167
0.02597979220651564
0.06639162158721779
0.10966289458903955
0.15502585548403952
0.2013797368340554
0.2474270484814684
0.29185700700896433
0.33352919367215655
0.3716104939418687
0.4056389746938567
0.010183199913968766
0.40609617584216695
0.3696005982887754
0.33404307692732754
0.30001598607321867
0.2678500602995246
0.23759984623148053
0.2090626493143507
0.18181853205989826
0.15528041558025713
0.12874791651293432
0.1014634501099339
0.07267260241575912
0.04169192864397858
0.00893484056506011
0.010500344990676425
0.014418530739444602
0.02046245761904672
0.02821747872828481
0.037108819367507595
0.046453759263899004
0.055531311711671666
0.06365727291867726
0.07025107130861374
0.07488360661728932
0.07730096416717708
0.07742512231974791
0.07533733558384359
0.07125172473659286
0.06548597071350407
0.05843387462916366
0.050541986493964394
0.04229027428169744
0.03417525388950074
0.02669319778650056
0.02032094113682209
0.015492368936645962
0.010700753079721959
0.012237417582287746
0.016017386632722008
0.021818346989584847
0.029242317667298665
0.03774238211801299
0.04667153860974885
0.0553471806708625
0.06312039255931706
0.06943800267718186
0.07388770120875737
0.07622144386064561
0.07635782018898324
0.07436817211341251
0.07045304974079614
0.06491520834825315
0.05813357683160053
0.0505403874503826
0.04260163706921301
0.034799605400704814
0.02761538861824553
0.02150930372310328
0.016897550585114718
0.012514420245314017
0.014019887796556163
0.01766876211674634
0.023243625084968356
0.030362056915708757
0.038502527933233305
0.04705029142426544
0.05535732679073099
0.06280662479860061
0.06887003089100063
0.07315090398564356
0.07540712323674942
0.07555478219955186
0.07365661720983085
0.06990095404359642
0.06457676549301389
0.05804895677929975
0.05073603173322015
0.0430904659220118
0.03558077297360471
0.028673523553250313
0.02281347337824824
0.01840045602987117
0.03410247090543833
0.0761341297873257
0.12053674717324092
0.16653106358273662
0.21306055507479932
0.2589277213439466
0.3029621797488928
0.34417854639818124
0.3818867022100167
0.4157367121457489
0.006536666976584671
0.39351165600552446
0.35728005294905296
0.3218897828014069
0.2877759880889904
0.25512307617416546
0.22385998143090147
0.19368468763563612
0.16410811960826033
0.13450932854449726
0.10419766828909133
0.0724810478796249
0.03874075340506117
0.015728986767196473
0.01732649777046147
0.021054532097771916
0.026662312370852315
0.03372734963981047
0.04168828739473234
0.04989837411051935
0.057691971727326125
0.06445296171158765
0.06967356624682092
0.07299508110108599
0.07422702679628035
0.07334629481170041
0.07048135312960147
0.06588780312545944
0.059920837603208404
0.05300826206634933
0.045625577638046845
0.03827280884020348
0.03145161843121688
0.02564089695548749
0.021269451215165547
0.01712058300466246
0.018682555757467023
0.02229004051945893
0.027698605762026374
0.034501206326604375
0.0421598380976462
0.050056107812848
0.057553710773529665
0.06406267024109702
0.06909488506517025
0.07230316100350914
0.07350035417211148
0.07265981969503943
0.0699015781834238
0.06546984625253144
0.05970702984036952
0.0530276503706372
0.04589373782618032
0.038791563847157345
0.03220852670341773
0.02660866532478523
0.022405686038033834
0.018382350833969552
0.01990976486867435
0.023404101749070483
0.028627089313610327
0.03518605488934462
0.0425644596771545
0.0501698543034378
0.05739276405379404
0.06366721688555693
0.0685233510216906
0.07162487233533393
0.07278811098112825
0.07198355467939094
0.06932371482952293
0.06504240731257355
0.059470141467170445
0.05300890442374115
0.0461078943373242
0.039240236917488985
0.03287973446557113
0.027476382073429728
0.023429763837728546
0.04094415831350007
0.08525811793877053
0.13153745534142158
0.1789648586359207
0.226483807850329
0.2729415450810528
0.31725256667554147
0.3585419436395004
0.39623662377196744
0.02190801663815023
0.4197372184723631
0.3825729129568981
0.34561429867064564
0.30939180652849685
0.2742144467302509
0.24014090814268996
0.20698621918089033
0.17435665213390938
0.14170414595134642
0.1083935530191801
0.07377893836491117
0.03728671728191202
0.021118994088731136
0.022734109706503858
0.026332466603751215
0.031640104675140224
0.03821879962877142
0.045504392053049354
0.05286362941953347
0.059661166272120425
0.06532571788800878
0.06940482346300131
0.07160101956653314
0.07178705322245593
0.07000226873232379
0.06643513747447216
0.06139763906776233
0.05529624534041647
0.048602415259889814
0.041823583882603974
0.035474193992319825
0.030045680899162264
0.025974576942363825
0.022336329820698442
0.023914522936748672
0.027407075340592835
0.032547106374584384
0.03891080714169168
0.04595441621826471
0.053068424246747764
0.059641211208517814
0.06512192769149888
0.0690728448493973
0.07120441642168424
0.07139068246276581
0.06966678615886546
0.06621304792126348
0.06133082483912336
0.05541460251829443
0.048923134628061755
0.042350698590414404
0.03619821576275334
0.03094339265972401
0.027009278727263886
0.023463975762453904
0.025006409513004424
0.028398780386618583
0.033381030468677825
0.03954289946299125
0.04635962893163049
0.0532437529310322
0.059605679160007724
0.06491359506250677
0.06874360496941989
0.07081373946941644
0.07099947754909675
0.0693322417197586
0.06598484911773705
0.06124871694828335
0.05550699002436167
0.04920631342990879
0.0428283877999352
0.036861230519181665
0.031769518414393016
0.02796361109056944
0.02450673182843055
0.026015043542970073
0.029313046069857407
0.03414717531666467
0.040119849664698795
0.046723987251302515
0.053392588405901345
0.059556535319645304
0.06470178567301127
0.06841747280776878
0.07042891337701263
0.0706131832142326
0.06899845486200162
0.06575067377354826
0.061151986292148575
0.055574830982503876
0.04945432611850557
0.04326014704755671
0.03746797080741207
0.03253005885013738
0.028844757829365464
0.04790930632525253
0.09399875435152794
0.14168606912776563
0.19013589740557946
0.23831065829652226
0.2851153038504163
0.3295529252737778
0.3708530979915674
0.4085464731353864
0.0022538620412808075
0.4037259199708455
0.3658243914034181
0.3280868539108278
0.29091394484761257
0.254477971045007
0.21870935918154674
0.18331785785186777
0.14784129982800281
0.1117140777375735
0.074348993279519
0.03522728100177136
0.026692838085615733
0.02829135366162977
0.03171866307076315
0.03668193086364954
0.042732068385465075
0.049307201380385815
0.05579254490731314
0.06158771504159
0.06617069190160213
0.06914878384977985
0.07029052347082243
0.06953700946648728
0.06699517110881864
0.06291770027421623
0.05767475768617733
0.05172150469539177
0.04556384045180435
0.039723191991566736
0.03470033230347047
0.030938233783494862
0.027508752807555492
0.029073027443168642
0.03241152757161597
0.037238521699545196
0.04311781484695541
0.04950482683131391
0.05580415344789838
0.06143414197718944
0.06588834203375166
0.06878473332486401
0.06989692792369717
0.06916579071699203
0.06669363572031473
0.06272533908535693
0.05762113797320778
0.05182498290205696
0.04583080747061814
0.040147677447242375
0.035263977420415704
0.031610826038629136
0.028570587923656632
0.030101079464464497
0.03335458713874545
0.03805225630794054
0.04377012001955301
0.04997987563017364
0.0561043072144273
0.06157933823629602
0.06591315822603488
0.06873382564789038
0.06981979343063366
0.06911174781617374
0.06670763861289536
0.06284487881740891
0.05787417341593562
0.05222867039599802
0.04639077452252624
0.0408576826781237
0.03610596071479316
0.03255551679927138
0.02958140809232529
0.031079427216804623
0.03425198770404353
0.0388268242367876
0.04439155594824959
0.050433235812829824
0.05639178264879774
0.061719693794321906
0.06593901147457687
0.06868740101199233
0.06974801810159365
0.06906151474540706
0.06672181405284511
0.06295930440597292
0.05811562942806281
0.0526136031385211
0.04692456439174106
0.041534313489617836
0.036908095360690285
0.03345513084421137
0.05395863642112869
0.10245092723302668
0.15224282615928175
0.20244779395871149
0.2520046204440477
0.2998316800086859
0.3449830137585148
0.3867679862623541
0.42481161129755163
0.018523420188049255
0.38968680347038565
0.35034975389954054
0.3110705700060808
0.27213419926791166
0.2335880268473677
0.19524578338595447
0.15672770968329952
0.11752902474236718
0.07710812986560195
0.03498620870115382
0.031489331910914964
0.03308505410051621
0.03641094090444891
0.04114983643279935
0.04683027485432916
0.052876790572083145
0.05867555211959605
0.06364516848557977
0.06730136081726312
0.0693060604104127
0.06949557694915365
0.06788717292048407
0.06466709938515419
0.060165011280013614
0.0548196955925281
0.049139865808579535
0.04366227609945875
0.03890833846042041
0.03534022916148577
0.032353389125247545
0.03391660538357605
0.03716478305902199
0.04178797527185188
0.04732678838659485
0.05322124740673957
0.05887426595713266
0.06372005035700673
0.06728668974229451
0.06924392348222752
0.0694308909914465
0.06786307908935968
0.06472122043782691
0.060326725717955526
0.05510833507326227
0.04956364003071013
0.04421776692530047
0.03958053341556239
0.03610321456000465
0.03317028296387242
0.03470228795132596
0.037876330742022735
0.04238936203960167
0.0477934520843027
0.05354329229842822
0.05905764030347116
0.06378547983879695
0.06726666007977739
0.06917840197642816
0.0693626293776079
0.06783323577283534
0.0647657684022016
0.06047380580908085
0.05537648453319181
0.0499607279400251
0.04474049805625471
0.04021449577607539
0.03682357983638318
0.03431134936743829
0.03581272597303198
0.038915433762225504
0.043323112801186836
0.0485988070378657
0.05421117736580376
0.05959404614724659
0.06421045067571601
0.06761144218252646
0.06948138699625672
0.06966487601952226
0.06817426592280013
0.06518008904378747
0.060988325850052816
0.05600877923988172
0.05071800598609513
0.045619146545756245
0.04120017782563423
0.037891978753800626
0.035431846307442894
0.0369034791904983
0.03993743098880864
0.04424382116214001
0.04939623131837616
0.05487668703428729
0.06013340353581367
0.06464285052678365
0.06796681048431646
0.06979653010971454
0.06997921199881385
0.06852579368521444
0.06560202812867039
0.061506599106437854
0.05664030823674799
0.05146969440220493
0.04648744112868572
0.042171184328869515
0.038942217228118414
0.06054453881579608
0.11083674401125287
0.16214019485133616
0.21353421963267682
0.26395134565399675
0.31233778931472056
0.3578072743052938
0.3997507830666658
0.008535995194831003
0.4071046287744171
0.36664769761420074
0.3257682036821815
0.2848443400738011
0.24403179918961734
0.20324838034181042
0.1622020089738289
0.12045572700794158
0.07751968042671914
0.0329586786778196
0.036859635015570436
0.03843783016987007
0.04164621653092204
0.046143475898369674
0.051436080129463234
0.056936257447094185
0.06203410165484391
0.06617232217716401
0.06891169867386832
0.0699779506029306
0.06928533571188145
0.06693709648185109
0.06320636963624326
0.058502696707447996
0.0533290740071287
0.04823337881031181
0.04375693134593506
0.040382574275176164
0.037486101663174065
0.03903513983032414
0.04217713733905987
0.046577787488344485
0.05175465275469342
0.05713366775289122
0.06211923952002324
0.06616689743929027
0.068847034317355
0.06989077526630955
0.06921336619949309
0.06691504962671835
0.06326276958929877
0.0586575778244422
0.053592513412841956
0.04860475625436403
0.04422488019684906
0.04092569422528791
0.038478411746369734
0.039998921841089
0.04307698565725393
0.04738510399627871
0.052451491866949786
0.057715193596197964
0.06259428545444987
0.06655653897561759
0.06918153142919697
0.07020554845334842
0.06954475118697045
0.06729644264114104
0.06372152482496285
0.05921276979459213
0.054253516464898816
0.04937055185015263
0.04508405685628547
0.041857198648524774
0.03945278668061969
0.04094558048238184
0.04396188615808705
0.04818080116108345
0.05314079771122494
0.058293508238989974
0.06307012199123463
0.06695016050351216
0.06952203458166062
0.07052701749574353
0.06988218541492364
0.06768203978236637
0.06418167209690961
0.059765861798489306
0.0549085665946454
0.05012652069387458
0.045929867076626385
0.04277248874287065
0.039984663586296876
0.04145125829181051
0.04440858967016287
0.048541999204357894
0.05339970755407969
0.05844533419955643
0.06312258281612212
0.06692223023362553
0.06944120964932293
0.07042569253547976
0.06979379450487727
0.06763751016976793
0.06420652486430642
0.05987807965521183
0.055117208459537444
0.05043102305181868
0.04632001405724223
0.043229107112262466
0.06684224965878593
0.11998511449152915
0.17377311575688317
0.22721302857449605
0.2791968184812383
0.3286762001196798
0.3748185415269063
0.4171063817974243
0.015259953067136345
0.3877731049144847
0.3448152236434253
0.3014010653972762
0.25781614096058203
0.21410312104406296
0.17007264906045616
0.1253623993979648
0.07953348770481794
0.03218913621379976
0.04186090061276049
0.04344454556027594
0.046597558639199455
0.05094512754754735
0.0559581480518559
0.06102192555845187
0.06551820128251079
0.06890680369328278
0.07079363586232351
0.07097544791105043
0.06945733566533252
0.06644412039674136
0.062310211905498125
0.05755383152888033
0.052741146995540306
0.04844499285541731
0.04518237250420043
0.042300039853808924
0.04385698844877184
0.04695141954358539
0.0512155089013471
0.0561307405665475
0.061095068295073274
0.06550297027805457
0.06882515639207887
0.07067507495757891
0.07085292441777213
0.0693631230028191
0.06640620839004024
0.06234951097015387
0.05768226205716675
0.05296058463456907
0.048747047628998674
0.045549046801212356
0.05910798165811759
0.05892399278227273
0.05874177565211919
0.05859164600380776
0.058498094078810195
0.05847733683136838
0.05853635330014434
0.05867319373728003
0.05887813480271814
0.05913515499469102
0.05942331668337608
0.05971800238023561
0.05999242633958013
0.060220070503102976
0.06037831690057521
0.06045264433458203
0.06043998756857494
0.0739527480987826
0.07208048262474498
0.06867814994658078
0.06416162299405484
0.059093268300137655
0.05410993461668967
0.04983765704264104
0.04680750003555206
0.04538694305985652
0.045737281239572825
0.047801295546988976
0.051319309347801545
0.055867574588840146
0.06091138807942492
0.06586590789600849
0.07015916342620865
0.07329306171162853
0.07241457126295792
0.07058350603520691
0.06725147625182298
0.06282548019871498
0.057855899387402474
0.05296617890941838
0.04876963985504701
0.045787346983193644
0.04438094291655231
0.04471062892440786
0.04672254404822779
0.05016389804856586
0.054620142903926444
0.059566881405013844
0.06442964801008674
0.06864607477783269
0.07172616738367221
0.09976444471049184
0.15167996802937456
0.2011203035913059
0.24808574113018028
0.2927425840872663
0.3353516868941617
0.3761923513541729
0.4154967585838079
0.015895663346700062
0.38485168930173197
0.3384565050722285
0.2886008587035172
0.23574415334734292
0.18054879499972498
0.12383442804712622
0.06650887503978609
0.00948362282787052
0.07302155423038509
0.07106082303300432
0.06751402541083268
0.06286799844826309
0.057770427097447535
0.05293670467025144
0.049043473123419556
0.046628566342010125
0.04601559637871616
0.04727483885780687
0.050223238159982475
0.05445865452357243
0.05941907916388628
0.06445666823663875
0.06891780444953438
0.07222219583788098
0.07332459343656395
0.07140113206494697
0.06792106116770358
0.06336226614330571
0.05836003363240268
0.05361590065174476
0.04979359832728547
0.04742119228600894
0.046817112495162905
0.04805147424466133
0.05094560499968154
0.05510522813297472
0.05997840215861033
0.06492832557628087
0.06931230211282519
0.07255982618440854
0.07362824193526168
0.07174097717639605
0.06832553617575621
0.06385111740066693
0.0589410269260387
0.054283439642260456
0.050529643966243265
0.048198285478308345
0.04760278471293894
0.0488130869348542
0.051654742609631155
0.05574107687996002
0.06052989884459839
0.06539510953950038
0.06970459071979684
0.07289729424918195
0.07393213393029913
0.07207975785455989
0.0687266227205427
0.06433356078485142
0.05951234921757524
0.054938302039503895
0.0512507151989578
0.04895912586100959
0.04837207079838346
0.049559266934832646
0.05235028571665179
0.056365764710949756
0.06107293854700395
0.06585608599463035
0.07009336331378324
0.07323291218438277
0.004400029878066498
0.016305592927628863
0.006553587146037258
0.007696695821971598
0.008863276217187771
0.021098277195872636
0.011718496840204151
0.013343803999273707
0.026048046825654647
0.01709485967868274
0.019319741955647424
0.021684511243755533
0.03502734249541023
0.02726932822723624
0.041175658419403016
0.034228623481130926
0.038258031651764945
0.052618382783577666
0.04722712855604083
0.06133270291431081
0.05597481613142896
0.06809990856416703
0.0691787028557711
0.06826760394416198
0.055399335856687104
0.061991719941511675
0.05801071617892313
0.04112483944969358
0.04923467709418607
0.031209911336460193
0.026457243592817314
0.03644572374752253
0.0179010508986307
0.029787250497810253
0.010670132126724963
0.007647301082900015
0.021597668362128897
0.001904350733036131
0.0005276431031526752
0.015012445257965468
0.005065561928445428
0.006991278931309408
0.008885218108458104
0.007985644463249397
0.012569889829631198
0.014124664724470937
0.01576276799022641
0.0025118756901750805
0.018685590653952477
0.01993347779775445
0.021060456118271287
0.0014977799053841334
0.023608997228020567
0.024731652711806107
0.0257677977453854
0.02672557417898669
0.006009479787878191
0.028784891005463442
0.029525771709934034
0.0305341277304777
0.03149394394602317
0.009151420423693157
0.033318233502860284
0.034136767183848116
0.034909840416082805
0.036028221870535504
0.03712617359805759
0.013498012366046475
0.0384852136523014
0.03907368916362508
0.04004845156890191
0.04100517691253336
0.041501658973586486
0.016902653850001947
0.0433553348456725
0.043760656022462874
0.06034991128397055
0.07489855762652758
0.07330676511831413
0.04641433777026427
0.07393489212177917
0.07424358226116423
0.07455325053732637
