-0.0032603893975019504
-0.0033817655126281805
-0.0034860926242584007
-0.0035739686712575143
-0.0036463640803047204
-0.003704599140573565
-0.0037503132659566507
-0.0037854269621223624
-0.003812097491845967
-0.0038326693727847028
-0.0038496209439906988
-0.0038655083001017574
-0.003882907915914169
-0.0039043592721495677
-0.003932308748955116
-0.003969055982899021
-0.00401670379036434
-0.004077112651896994
-0.004151860632152042
-0.004242209483840317
-0.004349077554275013
-0.004473019982172607
-0.004614216541288611
-0.004772467356792265
-0.00494719658885053
-0.005137464045448237
-0.005341984551294569
-0.0055591547617867
-0.005787086969656907
-0.006023649308513994
-0.0062665116135213195
-0.006513196058925789
-0.006761131557659709
-0.007007710787724775
-0.007250348605815823
-0.0074865405310251916
-0.007713919931930565
-0.00793031253828717
-0.008133786924476305
-0.008322699680523201
-0.008495734097374216
-0.008794502816170485
-0.008918494102892657
-0.009024716927975573
-0.009113790787815823
-0.009186723811435704
-0.009244889171267645
-0.00928999300814674
-0.009324034733061612
-0.009349260753352592
-0.009368112817857988
-0.009383172280913454
-0.009397101648116654
-0.009412584788395795
-0.009432267180689569
-0.009458697513336872
-0.009494271876563007
-0.009541181688204245
-0.009601366377304799
-0.009676471723701712
-0.00976781461992482
-0.009876354887425887
-0.010002674645017511
-0.010146965594099815
-0.010309024453167837
-0.01048825664168973
-0.010683688179998579
-0.010893985635245981
-0.011117483803284034
-0.011352220671581592
-0.011595979059965494
-0.011846334185855272
-0.012100706252504886
-0.01235641701576251
-0.012610749155204475
-0.012861007162112692
-0.013104578370686792
-0.013338992702139157
-0.013561979674096558
-0.013771521250989424
-0.013965899180041024
-0.014143735571909288
0.009580501362970359
0.009448128095227808
0.009335646077230919
0.009242326200475937
0.009166983316570104
0.009108005447557115
0.009063393422990933
0.009030809813874718
0.009007635797225744
0.008991034402029419
0.00897801846131141
0.008965521527001993
0.008950469991402995
0.008929854696362687
0.008900800391811552
0.008860631520238676
0.008806932944765608
0.008737604396801085
0.008650907587215984
0.008545505097509917
0.008420490338787445
0.00827540803618465
0.008110264862830063
0.007925530012251603
0.007722125663825463
0.007501407463798941
0.007265135318744176
0.007015434978573931
0.0067547510743613355
0.00648579246922798
0.006211470975742336
0.005934834684254894
0.005658997326094539
0.0053870652549660916
0.005122063758797313
0.004866864503828376
0.00462411595337516
0.004396178588479405
0.00418506668206938
0.0039923982399971605
0.0036616388527634567
0.0035265540733625533
0.0034122106143278748
0.0033178524361008694
0.0032422473775900462
0.0031837176570398418
0.0031401812901763844
0.003109203229575419
0.0030880547805970755
0.003073779658402202
0.0030632649213008234
0.003053314948698501
0.0030407266239690367
0.0030223639278736947
0.0029952302388240133
0.0029565367624288337
0.0029037656651872044
0.00283472665603098
0.0027476059364426693
0.0026410066194850388
0.0025139798943004297
0.002366046385423963
0.002197207323778779
0.0020079453111574814
0.0017992146252221453
0.001572421180032757
0.0013293924324370154
0.001072337707901938
0.0008037996124371505
0.0005265973979945437
0.00024376335382677214
-0.000041526500623908134
-0.0003260259527101036
-0.0006064947213250498
-0.0008797753847461509
-0.0011428692252918315
-0.0013930090545264766
-0.0016277270922778384
-0.0018449160470908796
-0.0020428816877524998
-0.002384997179300889
-0.0025242671436787045
-0.00264168167084559
-0.002738030650086265
-0.0028146064784316067
-0.002873171895417248
-0.002915916253077485
-0.0029454015043319424
-0.0029644994577832096
-0.00297632204812881
-0.002984146504943127
-0.0029913373680334754
-0.003001267298833321
-0.00301723858127545
-0.0030424071013244553
-0.0030797104532163484
-0.0031318016529150823
-0.0032009897564753515
-0.003289188492108982
-0.0033978738258216845
-0.0035280511980935922
-0.003680232992720097
-0.003854426630295153
-0.004050133514281925
-0.0042663588933557674
-0.004501632536250688
-0.004754039939019276
-0.005021263597912255
-0.00530063368160083
-0.0055891872257637
-0.005883734754831468
-0.006180933016436223
-0.006477362302962734
-0.0067696066420458445
-0.007054334976787646
-0.007328381338377876
-0.007588821950887392
-0.007833047209456583
-0.008058826545507086
-0.00826436433902289
-0.008619074244317812
-0.008762527237835735
-0.008882948920040195
-0.008981164705335795
-0.009058530473822584
-0.009116898622417158
-0.009158571858897124
-0.009186246118277527
-0.009202944263403772
-0.009211942443702603
-0.00921669112367407
-0.009220732855517721
-0.009227618863332048
-0.009240826437436253
-0.009263679017296375
-0.009299270683049515
-0.009350396590957488
-0.009419490689617043
-0.009508571851761793
-0.009619199357887392
-0.009752438479262623
-0.009908836728816373
-0.01008841117976611
-0.010290647089223337
-0.010514507902429545
-0.010758456547961075
-0.0110204877582241
-0.011298170960457784
-0.011588703077774118
-0.011888970358920522
-0.01219561812301003
-0.012505127068459337
-0.012813894563889669
-0.013118319124608887
-0.013414886095951725
-0.01370025242753777
-0.013971328344298262
-0.014225353711743901
-0.014459966962172555
-0.014673264599340635
0.00957556782247626
0.009421104307045607
0.009292754016090126
0.009189533159087068
0.009109826437933382
0.009051429807613125
0.009011608544489496
0.008987168772028691
0.008974540227718968
0.008969867789844765
0.008969109123246704
0.008968135747746317
0.008962834873260661
0.008949209467938868
0.0089234742134738
0.008882145235287742
0.008822121756517459
0.008740758095967343
0.008635924697888616
0.008506057135876008
0.008350192269315401
0.008167990948734402
0.007959746869657391
0.007726381370870931
0.007469424170445198
0.007190980242436548
0.00689368326471651
0.006580636321958748
0.006255340826894866
0.005921614925725738
0.005583502971416114
0.00524517796862393
0.004910839199224193
0.004584607507831333
0.004270420941273797
0.003971933574189087
0.003692420397018633
0.003434691079432691
0.0032010152444328366
0.0028005584570413764
0.0026417418416735394
0.002510454079404275
0.002405666047094098
0.002325681533134801
0.00226818247482478
0.0022302904400689494
0.002208642355074712
0.002199478088777222
0.0021987372261411675
0.0022021622006675643
0.0022054049095828385
0.0022041339928049095
0.0021941401032299357
0.00217143671153978
0.0021323542513255562
0.00207362569880983
0.0019924619760527027
0.001886615852027355
0.001754433281428621
0.001594891361926254
0.001407622306952757
0.0011929230285210683
0.0009517501122803992
0.0006857001556261529
0.00039697564246895156
0.00008833675315511602
-0.00023696023492336682
-0.0005752370109054125
-0.0009224784922051699
-0.0012744276755129644
-0.0016266881171676333
-0.0019748317433937457
-0.002314509384937491
-0.002641561182740171
-0.0029521238449253806
-0.0032427316712831575
-0.003510408315330708
-0.0037527464345863777
-0.004171391011347596
-0.00433613245173529
-0.0044715806828484386
-0.004578819377076641
-0.0046596438356388825
-0.004716512669883747
-0.0047524820553499865
-0.004771124746906034
-0.004776436465890507
-0.004772732565866597
-0.004764538047374127
-0.004756474027182156
-0.004753143686382355
-0.004759020543261087
-0.004778341644203951
-0.004815007965234449
-0.004872493992596668
-0.004953768125969446
-0.005061225239879064
-0.005196632459728383
-0.0053610889632865755
-0.005555000405546943
-0.005778068376865453
-0.006029295129703257
-0.006307003634148009
-0.006608872830477878
-0.006931987727359923
-0.007272903734376057
-0.00762772431561846
-0.007992190707554747
-0.008361782069268669
-0.008731824042160035
-0.009097603311182256
-0.009454485406880838
-0.009798032695031433
-0.010124119296372655
-0.010429039587416996
-0.010709606973524077
-0.01096323980832925
0.013939721564825333
0.013761035093686202
0.013615943480028148
0.013503139667354058
0.013420458097800533
0.013364936613739869
0.013332900458160232
0.013320065367483832
0.013321656196273643
0.013332537145933262
0.01334734949436293
0.013360652731718159
0.013367065177494752
0.013361400453869576
0.01333879658251158
0.013294834916906528
0.013225646581515224
0.013128004531205995
0.012999399745368309
0.012838100417148873
0.012643193287232662
0.012414606510504819
0.012153113649130595
0.011860318578829632
0.011538621301246759
0.011191164898025815
0.010821764160910779
0.010434816799017404
0.010035198562064104
0.009628144117069064
0.009219116057178253
0.008813664973464364
0.008417284045989886
0.008035262066646658
0.007672539148503114
0.007333569565968016
0.007022196173961381
0.006741540652660342
0.006260837448189098
0.006075964865875731
0.005926847447908501
0.0058121069050400456
0.005729448518702977
0.005675727490982626
0.005647039039879953
0.0056388289259125726
0.005646020495991277
0.00566315394339915
0.005684533314017452
0.005704376826911606
0.0057169662961725765
0.005716791802020486
0.00569868821860553
0.005657960716586308
0.005590496875951072
0.0054928635319569565
0.005362386906932841
0.005197214938208831
0.004996360995766133
0.004759728402625729
0.004488115346657495
0.004183199932140299
0.003847505293815094
0.0034843449149198533
0.0030977485787723564
0.0026923697565750526
0.0022733756972402137
0.001846322028482561
0.001417014281144454
0.0009913593751609273
0.0005752107119120591
0.00017421105402481984
-0.00020636221242320563
-0.0005617445932485736
-0.0008878199021183919
-0.0011812388962897011
-0.0016880652274509078
-0.001880808457342768
-0.0020351771614266862
-0.002152633579317239
-0.002235627085000284
-0.002287522371654342
-0.002312501854788892
-0.0023154459998218453
-0.0023017959379278974
-0.0022774031445136718
-0.002248371112864208
-0.0022208938764571124
-0.0022010959492874127
-0.002194877810864175
-0.002207770514521072
-0.0022448024008658862
-0.0023103803052948457
-0.0024081871033001154
-0.0025410969713747975
-0.002711109371823321
-0.002919302496783849
-0.0031658067171097537
-0.003449798448702894
-0.003769514737880786
-0.00412228873915362
-0.004504606075853753
-0.004912181804414921
-0.005340057325621447
-0.0057827160930055506
-0.006234216369255807
-0.006688338599890413
-0.007138744250554385
-0.007579142242041074
-0.008003458474793631
-0.008406003425143749
-0.00878163247518493
-0.009125893555227046
-0.00943515686328722
-0.009973728386958869
-0.010176060740599846
-0.010336885272300145
-0.010457762112214646
-0.010541323799100149
-0.010591196780412687
-0.010611894634427096
-0.010608687220473034
-0.01058745069313749
-0.010554503753901212
-0.010516435654731964
-0.01047993133214557
-0.010451598677796992
-0.010437802400027526
-0.0104445082654947
-0.01047714079984774
-0.010540456835447798
-0.010638436674697365
-0.010774194127600167
-0.010949906300360229
-0.011166763757673078
-0.011424941535776816
-0.011723591412639752
-0.012060855800854847
-0.012433903567860005
-0.012838987958898226
-0.013271526558943925
-0.013726202852332725
-0.014197088411303516
-0.01467778407592657
-0.015161577705413154
-0.015641615232851274
-0.016111080904032682
-0.01656338179838753
-0.01699233109251778
-0.017392324104394397
-0.017758501008631744
-0.018086890280566613
0.007158201114313608
0.006936193673667083
0.006762653060425709
0.006635661629377047
0.00655198055621827
0.006507153395854948
0.00649564638831072
0.0065110194890564506
0.00654612112670853
0.006593299168494346
0.006644620502142355
0.006692091981635451
0.006727876160138961
0.006744496148774852
0.006735024985215869
0.00669325596102277
0.0066138513433259645
0.0064924677574085266
0.006325857123782494
0.00611194244973005
0.005849867977216021
0.005540023231198621
0.005184040462249037
0.00478476491567755
0.004346197371387084
0.0038734085603366517
0.0033724254363561488
0.002850089898346897
0.00231389142260711
0.001771776144079788
0.0012319361570424978
0.0007025840945529271
0.00019171928161717164
-0.0002931071853068401
-0.0007450203164312738
-0.0011580335840005729
-0.001527237380562485
-0.0021762668768506486
-0.0024120037548824858
-0.0025945867236752225
-0.0027260852511749407
-0.0028100266507748626
-0.0028512805491071047
-0.002855902280965439
-0.002830942252664189
-0.002784229417150767
-0.002724137555159545
-0.002659343060052999
-0.002598582433121499
-0.0025504168052901495
-0.0025230096346179343
-0.0025239224250644954
-0.0025599320093531537
-0.0026368717594451216
-0.0027594981283102227
-0.0029313832440204988
-0.0031548338910244076
-0.003430837099242153
-0.0037590326606020317
-0.004137713115805464
-0.0045638519956784735
-0.005033161250891557
-0.00554017875957639
-0.006078386484283013
-0.006640359210468572
-0.0072179428294433245
-0.007802459866194655
-0.008384938472316694
-0.00895635952263237
-0.00950791490920459
-0.010031268774380136
-0.010518812413405725
-0.010963903040935493
-0.011361076648300588
0.014634145675755755
0.014372582789754507
0.014174038919230747
0.014035927670656794
0.01395383371045796
0.013921669226739652
0.013931884894473242
0.013975724903235731
0.014043514121932315
0.014124964874365025
0.014209491058942796
0.014286518359310496
0.014345780885491507
0.014377596539232318
0.014373115475784423
0.014324538011102525
0.014225300005354196
0.014070225003480393
0.013855643159618366
0.013579477217497415
0.01324129563247641
0.012842332434217693
0.012385472810412801
0.01187520283518595
0.011317521454560405
0.010719812938998485
0.01009067862787964
0.009439727973483877
0.008777330613534326
0.008114333363305101
0.007461748448201097
0.006830421775269602
0.0062306923106381085
0.0056720554328483965
0.005162844234620767
0.004709942969955787
0.003909628132999407
0.0036295888135358854
0.003419438631228992
0.0032763541415907023
0.003195466512918762
0.0031700399485016613
0.003191712080090799
0.0032507837585636174
0.0033365439623998334
0.003437614951605217
0.0035423032768890548
0.0036389436693344086
0.003716224955096492
0.0037634896785473013
0.003771001769815041
0.003730179067399549
0.003633789557497084
0.003476111645345966
0.0032530595428840554
0.0029622749501900802
0.002603185720993125
0.002177031310196531
0.0016868537279527789
0.0011374517263018635
0.000535295266226495
-0.00011160282800959376
-0.000793860574160495
-0.001500947138596646
-0.0022214489486503215
-0.0029433781667022783
-0.0036545170370529587
-0.004342788456057622
-0.0049966401685439905
-0.005605427592336731
-0.00615977872450435
-0.006651924125058625
-0.007533866622895421
-0.007836592936263376
-0.008061003465447508
-0.008210208738562338
-0.008289634901284723
-0.008306816563576533
-0.008271118080905675
-0.008193398772300594
-0.008085639568463088
-0.007960549141541134
-0.007831166750293569
-0.007710477034680863
-0.00761104912056961
-0.00754470902627998
-0.007522250902434006
-0.007553189467520149
-0.00764555344391904
-0.007805718076593175
-0.008038274037150777
-0.008345930162041623
-0.008729448410827827
-0.009187610922676467
-0.009717220791647201
-0.01031313983179442
-0.010968367827587738
-0.011674168271512131
-0.012420245170173446
-0.013194974048899022
-0.013985687827222093
-0.014779014923519592
-0.01556126304963231
-0.01631883804052085
-0.017038683159481354
-0.01770872106678349
-0.018318278448808772
-0.01885847249711914
0.007376181439190943
0.007030394893046132
0.006780585104239993
0.00662272508755372
0.006549766657621045
0.006551937802302862
0.006617139380409495
0.0067314164305543045
0.006879476665582751
0.007045228484660234
0.007212312906426285
0.00736460780401386
0.00748668810746885
0.007564231523089493
0.0075843650753582015
0.007535952744307332
0.007409828131535642
0.007198978116923309
0.006898683769489544
0.006506623479872187
0.0060229407287204495
0.005450275595878333
0.004793755652484077
0.004060938890875036
0.0032616994190254323
0.0024080462365233535
0.0015138668018960244
0.0005945903571591415
-0.0003332290827926891
-0.001252403948033276
-0.0021456655181597193
-0.0029962576697560124
-0.003788546168490374
-0.00450861338634793
-0.005144806266997685
-0.0063084967347232235
-0.006689681845998274
-0.0069611242758053455
-0.0071273629310939874
-0.0071964422644236565
-0.0071795526203644044
-0.00709055240533607
-0.0069454040193574675
-0.006761558696201098
-0.006557325284201609
-0.006351254800189277
-0.006161566884909838
-0.006005636915836962
-0.005899554469324294
-0.005857756062806474
-0.005892728543452352
-0.006014774815462828
-0.006231831238501425
-0.006549326096446466
-0.006970070831471091
-0.007494179782962518
-0.008119019265348897
-0.008839192128832404
-0.009646568602501387
-0.010530377415854202
-0.01147737229038289
-0.012472087490064307
-0.013497192115523027
-0.014533946446073458
-0.0155627554120417
-0.016563805025824146
-0.01751775831440298
-0.018406479065732895
-0.01921374557696772
-0.019925913450526044
0.006704239261957438
0.006259476608988698
0.005952187688270846
0.005776304909960173
0.005721061447338342
0.005771532625876338
0.005909345759417447
0.0061135049664660475
0.0063612733807625705
0.006629057023358476
0.006893241814283265
0.007130946524874597
0.007320668224571151
0.0074428110817705475
0.007480102410161171
0.007417910055426691
0.007244481487130491
0.006951126750595615
0.006532364805970636
0.005986046374990006
0.005313457359681362
0.00451939666202809
0.00361221245309018
0.0026037732070451534
0.0015093454913274926
0.0003473505426550746
-0.0008610235147192096
-0.0020923675180197407
-0.0033217556403207045
-0.004523593020569669
-0.005672574939249812
-0.006744710675313237
-0.007718353308589498
-0.008575169879115701
-0.010135466570589946
-0.010628178574966785
-0.010963247337532993
-0.011147649732388317
-0.011193843410973552
-0.0111190960471295
-0.010944613924419404
-0.010694539923201315
-0.010394895454828117
-0.010072537351276667
-0.009754190088528403
-0.009465597785036825
-0.009230821514348658
-0.009071688166814215
-0.009007379842685034
-0.009054139605128205
-0.009225061787932106
-0.009529933589169093
-0.009975099228159054
-0.010563327563891667
-0.011293677198571106
-0.012161367705301001
-0.013157679518155756
-0.01426991606932419
-0.015481468145194615
-0.016772020901562046
-0.01811793797900733
-0.019492844941569703
-0.020868416878133678
-0.02221535423279427
-0.023504509105376308
-0.02470810403909396
-0.0258009693527389
-0.026761715704545407
0.00008323080094074786
-0.00048167329695055405
-0.0008530973354394419
-0.0010404559536166444
-0.001060341656678084
-0.0009355251494130856
-0.0006936825993099823
-0.0003659629662300379
0.00001448762458907312
0.00041393722513475656
0.0007993290172960318
0.0011393347235890325
0.0014051757051800988
0.0015712182406918407
0.0016153755292480643
0.001519366641957176
0.0012688900815538418
0.0008537663773048691
0.00026809125942754236
-0.0004895792821344818
-0.0014160151008923982
-0.002503096890585736
-0.003737649001274342
-0.005101383310118409
-0.006571022269155624
-0.008118663360758283
-0.009712430534330279
-0.011317432211746525
-0.01289701288008353
-0.01441424995094846
-0.01583361392560138
-0.01712268257634042
-0.018253782963985797
0.009539266155692006
0.008916314979189877
0.008520797622655712
0.008340344372339364
0.008353660224141118
0.008531927714766446
0.008840552864410323
0.009241086766357636
0.009693155275663501
0.010156249744937933
0.010591268474013557
0.010961745090957153
0.011234749155461151
0.011381488752423657
0.01137767875534823
0.011203757679421982
0.010845038790348038
0.010291867967685369
0.00953983454186717
0.008590046520402702
0.007449444005921587
0.00613109025457211
0.004654354338110752
0.003044887175790989
0.0013342964449604886
-0.0004405539139705021
-0.0022386589346747496
-0.004016396100074426
-0.005729399420109823
-0.007334676818911054
-0.008792822455457316
-0.010070149567135145
0.018866302032014375
0.018219562283313673
0.01782236843308379
0.017659461292098465
0.01770535104625881
0.01792608608709667
0.018281408343068427
0.018727079573668447
0.019217169991638992
0.019706133974381295
0.020150550420430423
0.02051046800320348
0.020750357967202482
0.020839729875138012
0.020753501668511386
0.020472230366659537
0.019982302886657293
0.01927616030756955
0.018352588712165867
0.01721706276830992
0.015882082599211388
0.014367408104372833
0.012700074238380007
0.010914070081965804
0.009049585263182041
0.007151767732148836
0.00526899242989598
0.0034507038910353005
0.0017449584648500847
0.0001958442355639208
-0.0011590097524671883
-0.0030146434270430142
-0.0036206452706757006
-0.003993089550641815
-0.004146722973617882
-0.0041056980108359715
-0.003901956950651357
-0.003573274085718614
-0.0031611440481573347
-0.0027086971050523565
-0.0022587928012929304
-0.0018523979414449463
-0.0015273016974385694
-0.001317168240059045
-0.0012508834771503738
-0.0013521230788003196
-0.0016390572296010042
-0.002124113857432201
-0.0028137441004631265
-0.0037081668704513904
-0.0048011074041940755
-0.006079580901242054
-0.007523800307716599
-0.009107301836374648
-0.010797379673988899
-0.012555901674487873
-0.014340542384929655
-0.016106422633001737
-0.017808092227090122
-0.01940174145520631
-0.020847485691314525
-0.022111542382516152
0.007720830134664107
0.007141564266168188
0.006790922390792672
0.006653024852030417
0.006702479284803424
0.006906070213092234
0.0072247905519468025
0.007616022934749389
0.008035689210328378
0.008440219113744301
0.008788236822055059
0.009041917923307368
0.009168020183762393
0.009138631643727895
0.008931703657452291
0.008531442181713053
0.007928618719445873
0.007120836467751265
0.006112753157817378
0.004916226734469897
0.003550320421232452
0.0020410859109600463
0.0004210416040162368
-0.0012717213044297997
-0.0029948395977613673
-0.004703375088353131
-0.006351845371892299
-0.007896474655360586
-0.009297509002063609
-0.010521414647204538
0.02082034598717401
0.02026871424104626
0.01993723207123932
0.019809240974085207
0.01985857737682617
0.020051298758857288
0.02034775424033538
0.02070480892848947
0.021078043237762745
0.021423781863349665
0.02170085435892292
0.02187204106936717
0.021905205411615152
0.021774148801332698
0.02145924328373424
0.020947897826616622
0.020234899213980955
0.01932264220666243
0.018221232607451936
0.016948418267224152
0.015529283587423042
0.013995637819113432
0.012385039125167308
0.010739424751592582
0.009103359575646047
0.007521964983575602
0.006038639879998864
0.004692727344180655
0.0035173063908920206
0.002005365028625028
0.001505534077546981
0.0011972810483849388
0.0010660328603071905
0.0010890626761894673
0.00123689963139606
0.0014750353866329244
0.0017657821458022527
0.0020701432919880323
0.002349580049186099
0.0025675902353970255
0.0026910517423722746
0.0026913174353719134
0.0025450744318713157
0.0022349958336255935
0.0017502159001929012
0.0010866516157981287
0.00024717780457095273
-0.0007583561184419201
-0.0019132970210553972
-0.0031945867975215667
-0.0045734303258121445
-0.00601626339360802
-0.007486029332209506
-0.008943742026543133
-0.010350277048037001
-0.011668297343250996
-0.012864191096611152
-0.013909882408943605
0.018652893178033685
0.018171245314020555
0.017874122806853708
0.017746320515620306
0.01776440512020805
0.017898178152702303
0.01811244902452399
0.018368970595905587
0.018628396278031666
0.018852139659544985
0.019004049574562847
0.019051848702609418
0.018968315804424596
0.01873221553660302
0.018328992594945175
0.01775124832375019
0.016999009851274192
0.016079788048216637
0.015008405979072825
0.013806568959928156
0.012502144990598579
0.011128132763799833
0.009721314150360483
0.008320617228552337
0.006965250694066505
0.005692705449063714
0.004536748255617451
0.003525549872849254
0.0021659427106733116
0.0017205258170506963
0.0014380825079485238
0.0013051496038268828
0.0013010541853295903
0.0013991492073175036
0.0015683238603334908
0.0017746711285188121
0.001983197682480786
0.0021594758581601945
0.002271160030196673
0.002289315389342924
0.002189531297188315
0.0019528102882957847
0.0015662352102613353
0.0010234205086619617
0.0003247505447488234
-0.0005225993059306452
-0.0015048707989939736
-0.002602177151114031
-0.0037892196300224707
-0.005036274049593689
-0.006310438554935442
-0.007577111384656591
-0.008801641064969761
-0.009951065726500063
-0.010995837390240792
-0.011911415268976433
-0.013181090492248582
-0.013599179168166664
-0.013871160380024932
-0.014009124895165889
-0.014031588910299136
-0.013962425089867891
-0.013829546528082623
-0.013663440389727888
-0.013495647606660926
-0.013357275181180388
-0.013277611265599492
-0.013282893813700108
-0.01339526475823046
-0.01363192622371871
-0.014004504987504829
-0.014518626696915135
-0.015173701402029598
-0.01596292492725767
-0.016873504039343255
-0.01788711474535428
-0.018980600257314333
-0.02012690692568394
-0.021296242645202173
-0.02245742398940635
-0.0235793578771315
-0.02463258396984136
-0.02559078860885004
-0.026432193019125992
0.007085053706577897
0.006667925682367441
0.006396460801086357
0.006257605398810781
0.006231533097072288
0.0062928313489622285
0.006411960498256357
0.006556877584234141
0.006694717359343276
0.006793433544122762
0.006823320902891913
0.006758359303641141
0.006577340712320782
0.006264756126961683
0.005811430181591841
0.005214896452512274
0.004479507659394163
0.003616274237353186
0.0026424248665568584
0.0015806860071300908
0.00045828607154648393
-0.0006942958354018888
-0.0018447974857249694
-0.002960796374048928
-0.004011405420027611
-0.004968941991011685
-0.005810461432833777
-0.007011427148610102
-0.0074057431085587195
-0.007668160623304036
-0.007810530356957187
-0.007850814035315254
-0.007812034592004635
-0.007720978290088517
-0.007606740597177475
-0.007499208981137281
-0.007427568679870082
-0.007418904365405488
-0.007496954510344267
-0.007681059137191008
-0.00798532782466536
-0.008418044696324456
-0.008981320819202259
-0.009671001136131174
-0.010476831118883905
-0.011382885792199926
-0.012368258794378159
-0.013408000436934131
-0.01447428093238945
-0.015537738785661078
-0.016568956538069817
-0.017539989162913366
-0.01842585735865395
-0.019205911523833184
0.015913403788915814
0.015512782897387778
0.015246585013132068
0.015101709527444718
0.015058444673648105
0.01509167863409655
0.015172392236197004
0.015269325199357975
0.015350706331769826
0.015385946405252853
0.015347207625360237
0.015210782060122163
0.014958229710688165
0.014577242589059089
0.014062212972760965
0.013414492056641285
0.012642330806358534
0.01176049994819443
0.010789592877808823
0.009755025574506212
0.008685762172658817
0.007612813230081598
0.006567574203777959
0.005580091377162533
0.004677358061241551
0.003881751958190923
0.0027159684607216037
0.0023336573019661078
0.0020746461364812285
0.0019268873920375018
0.0018722822663684118
0.0018877753945351072
0.0019467091899847782
0.002020342853909507
0.002079438303803823
0.0020958209988993413
0.002043835488734399
0.001901630628298364
0.0016522250584449782
0.001284317662798573
0.0007928191802841766
0.00017908994450273794
-0.0005491242788093394
-0.001378059704625345
-0.0022885985805256213
-0.003257212756660836
-0.0042571560594576825
-0.005259858520692551
-0.006236458105621605
-0.007159389309540631
-0.008003935610156332
-0.008749646954579101
-0.00985787954458861
-0.010224672676646581
-0.010477536861202008
-0.010627630753682893
-0.01069169469560057
-0.01069105117304033
-0.010650364332610945
-0.010596243294950052
-0.010555777505219152
-0.010555088486826625
-0.010617972968368639
-0.010764699735167176
-0.011011008957996967
-0.011367349926415712
-0.01183838204854441
-0.012422754810217929
-0.013113174512833597
-0.013896757956955812
-0.014755664618015252
-0.015667988349289952
-0.01660887690200989
-0.017551833019363583
-0.0184701357965128
-0.01933830732690045
-0.02013353964338031
-0.02083699278826993
0.01569515055140932
0.015317833484173038
0.015058780093820853
0.014905394392548862
0.01483890953876521
0.014835579597768194
0.014868151423022188
0.014907511817381555
0.014924401204041335
0.014891090242852475
0.01478292776135574
0.014579684138755027
0.014266631175837152
0.013835315512308322
0.013283996845442902
0.012617734635558635
0.011848118554112127
0.01099264994263438
0.0100737952201078
0.009117748150750024
0.008152955900530556
0.007208482563683671
0.00631230109655027
0.005489617564056193
0.0047613374826453265
0.003657983104443467
0.003291083332309097
0.0030352599170740957
0.0028786657775089117
0.0028036636407252624
0.0027879367926155383
0.0028058639864079566
0.002830062305499611
0.002832997251026592
0.0027885630440109095
0.002673546113145335
0.0024688985501443903
0.0021607636311750853
0.0017412105700485385
0.0012086495633469494
0.0005679108495421081
-0.0001700164384604852
-0.000988577428869449
-0.0018665547938582587
-0.0027792449045571654
-0.003699852857510881
-0.004601035441123928
-0.005456505939330225
-0.006242603649164366
-0.00693972648787992
-0.008001350822947988
-0.008354401018443314
-0.008604006691282733
-0.008761231621223036
-0.008842526345691493
-0.008868700398324178
-0.00886364769772996
-0.008852912743301616
-0.0088621902054703
-0.00891584804412297
-0.009035556054035054
-0.009239089739343695
-0.009539365631470731
-0.009943750118089716
-0.010453670416709823
-0.011064543669891402
-0.01176602786873963
-0.01254258574581335
-0.013374339294073834
-0.014238177918520594
-0.015109067779075318
-0.015961494707047257
-0.016770959852786725
-0.01751543797422576
-0.018176704984780488
0.02000566488216819
0.01963642429140563
0.01937690586736855
0.019214324209814358
0.01912979326662771
0.019099591491566297
0.019096721169652997
0.019092648546477818
0.019059105830993205
0.018969840266395144
0.01880220704039278
0.018538519123909768
0.018167085656858872
0.017682889390251238
0.017087872021241034
0.01639081398901917
0.015606813013518961
0.014756384110197196
0.013864223448624518
0.01295769898468857
0.012065151107147898
0.011214104541497258
0.010429505807137049
0.009732105930789214
0.008657974543157348
0.008300386516393496
0.008045897858703355
0.007882467324152136
0.007792325168063201
0.007753156838470332
0.00773956399854836
0.007724697958716628
0.007681954667698165
0.007586623351456731
0.007417390833426111
0.007157618204221376
0.006796323626676223
0.006328822989112859
0.0057569979436528085
0.005089178410210282
0.004339644230819117
0.003527768808284093
0.0026768464952825477
0.001812664863143169
0.0009619016626642256
0.0001504424542347893
-0.0005982737675711929
-0.0012647694122613906
-0.0022992491127186527
-0.002648425145157507
-0.002899796135231355
-0.003064802647163208
-0.0031603167994670445
-0.0032075234399836505
-0.003230537511179447
-0.003254855907328473
-0.003305748282453706
-0.003406689194680642
-0.0035779252553948724
-0.003835257606699116
-0.004189104043770635
-0.004643887962068235
-0.005197783945648701
-0.0058428324955075075
-0.006565418964346592
-0.007347093922465317
-0.008165693849009892
-0.008996702638274234
-0.009814776993090265
-0.010595344015029892
-0.011316169236332274
-0.011958789996422414
-0.012962932298892968
-0.01330353242646613
-0.013551329823548824
-0.013717198790991203
-0.013817164862697795
-0.013871346443093957
-0.013902645543840502
-0.013935279861693
-0.013993254727607263
-0.014098872091963255
-0.014271366043048425
-0.014525742148634077
-0.014871882917917117
-0.015313965312053202
-0.01585021936953923
-0.016473040009734784
-0.017169446914097424
-0.017921869923719913
-0.018709219681725675
-0.019508185752246297
-0.020294688178268037
-0.0210453949175482
-0.021739208640264945
-0.022358623761745876
0.017329649679340513
0.016969952829749373
0.01671018391155521
0.01653754960775411
0.016433321751021523
0.016374171957814765
0.016333810459360408
0.016284805761404564
0.01620045457861134
0.01605657482903977
0.015833106321824036
0.015515421617702438
0.015095270997215748
0.014571308714312892
0.01394917167655052
0.013241105989228638
0.012465161408245311
0.011643998602697825
0.01080337871934493
0.009970427838910112
0.00917178854040468
0.008431784441887044
0.007770728707945744
0.006731455260576466
0.006381151550752621
0.006125692391866222
0.005952911488919707
0.005845011889436906
0.005779830149228449
0.005732389902610528
0.005676628712517062
0.005587174750506704
0.005441052380951347
0.005219206362051347
0.004907750911203879
0.00449887015234518
0.003991318763317264
0.0033904948994532376
0.0027080811853968934
0.00196127355810094
0.0011716417928436806
0.00036368905059332623
-0.00043680045460533134
-0.0012045183895923832
-0.0019163742170759854
-0.0025530982331193703
-0.0035573083061237374
-0.0039017703830116863
-0.004155253912916934
-0.0043294419466840175
-0.004441417283508517
-0.004512452109731539
-0.0045665194712427954
-0.004628637218836995
-0.004723162478436997
-0.004872152770595088
-0.005093900164795384
-0.005401729306058016
-0.0058031307856752186
-0.006299279758859948
-0.00688496701740667
-0.007548946479806011
-0.008274679567404724
-0.009041433519337283
-0.009825668023994982
-0.010602623793719753
-0.011348009609114714
-0.012039672985354466
-0.012659136016523836
-0.013641560847417744
-0.013980063076245813
-0.01423127137407702
-0.01440640891052077
-0.014521878590467534
-0.014598103564157361
-0.01465810036596793
-0.014725890191729651
-0.014824861270369232
-0.01497619386450803
-0.0151974504947755
-0.015501419336472385
-0.015895280222933593
-0.016380141840731298
-0.016950976588497313
-0.017596956834410316
-0.018302173342658046
-0.01904669386788164
-0.01980789804649071
-0.020562004909267705
-0.02128569322609316
-0.021957704386569486
-0.022560314480305304
0.018897478838765247
0.01853961151258928
0.018276254739792813
0.01809408077515414
0.017973751623735122
0.017891401195450816
0.0178204436131015
0.01773356378381478
0.01760473791536969
0.01741113577964859
0.017134771086058098
0.016763788640703124
0.016293304420163524
0.015725745178108062
0.015070666295475082
0.014344059359928479
0.013567193679230502
0.012765067611840153
0.01196457468720676
0.01119251375853984
0.010473589151178502
0.009828553166131664
0.008802362306815636
0.008451051727237924
0.008190462528807063
0.008007784666538658
0.007884440076437182
0.007797503917440496
0.007721439451342146
0.0076300090653454635
0.007498215455658727
0.0073041304689038435
0.0070304826581846225
0.006665895796911052
0.006205696964501166
0.005652242352082356
0.005014740183930481
0.0043085821077668935
0.0035542262318166706
0.002775705620926365
0.001998863962801023
0.0012494431474346923
0.0005511631226712277
-0.0000760599437018191
-0.001079029022963233
-0.0014236718743250907
-0.0016812166331477605
-0.0018639786260356748
-0.001989809592489918
-0.0020807343684855115
-0.00216128598517588
-0.0022566706446885965
-0.002390902526918093
-0.0025850454590999514
-0.0028556858252876127
-0.0032137409562082997
-0.003663681904469048
-0.004203220919656303
-0.0048234835490860535
-0.005509654169540412
-0.006242052832965232
-0.006997571697067348
-0.007751372547144346
-0.008478725036226894
-0.009156850653549431
-0.009766632408121553
-0.010746580227411115
-0.011084451976929496
-0.011338694116655446
-0.01152114857759623
-0.011648972013538391
-0.011743327662501376
-0.011827787235089149
-0.011926568586323091
-0.01206274338255616
-0.01225654653445522
-0.012523907335576142
-0.012875303088795698
-0.013315011660174719
-0.013840811738506747
-0.014444150055663019
-0.015110764552764278
-0.01582172245897203
-0.01655480363799089
-0.017286133874740244
-0.017991951971847813
-0.018650380825887363
-0.019243068200527347
0.024303302288735118
0.02394131883308226
0.02367143329446042
0.023479296606244704
0.02334427724164164
0.023241175199502827
0.023142295395032025
0.023019703710406663
0.022847479652765013
0.022603786269803826
0.022272598166099833
0.021844958896950855
0.02131967646215501
0.020703407340534146
0.020010123358330155
0.019259999904590784
0.01847780680401349
0.017690922310777773
0.016927123345432303
0.01621232790828061
0.015568475189001545
0.01453162502305631
0.014177061931311593
0.013910946074394508
0.013719476678301461
0.013582820840432238
0.013476758988290038
0.01337467598737004
0.013249728622086177
0.013077010858274507
0.012835544306786795
0.012509940366048355
0.012091609615935325
0.011579430112291605
0.010979826628934227
0.01030625546210399
0.00957813232336698
0.008819282251164389
0.008056028149580804
0.007315065756200631
0.006621294384619447
0.005995781547705378
0.004994098325570295
0.004642698974128649
0.004377297187517967
0.004184467037047779
0.004044917926562438
0.003935093537162741
0.0038291072830084114
0.003700850054141151
0.003526096685554185
0.00328444312078587
0.0029609245176452177
0.0025471927275803425
0.002042166730388262
0.0014521091157905972
0.0007901234116536315
0.00007510909399136938
-0.0006697484137765016
-0.0014188387564545435
-0.0021461944726366053
-0.0028276007338321847
-0.003442573893103947
-0.004442526958701731
-0.004786331280281497
-0.0050475390637958846
-0.005239065577303063
-0.005379457526440054
-0.005491357559446372
-0.005599645210584611
-0.005729411651259435
-0.00590393488608972
-0.006142817061122741
-0.006460428261627812
-0.0068647742122509205
-0.007356871435211429
-0.007930675201631526
-0.00857356518083478
-0.0092673529551827
-0.009989736446597102
-0.0107160909986929
-0.011421457981242722
-0.012082572207693931
-0.012679761939083009
-0.013643181991724134
-0.013983671188230925
-0.01424381289381623
-0.014436178518718035
-0.014578817140332528
-0.01469376243529441
-0.014805224532026817
-0.014937619585738878
-0.015113599113437681
-0.015352236541235631
-0.01566751179564193
-0.016067208622340866
-0.01655230632159758
-0.017116910223602216
-0.017748725641065964
-0.018430040156301453
-0.019139140870543248
-0.019852058857189325
-0.02054450506558318
-0.02119384308317207
-0.021780937100919773
0.023758240721924638
0.023392510839319407
0.02311580467930304
0.022912726531609993
0.022761358882124976
0.022635247043099237
0.022505775382766213
0.022344716374057737
0.02212672418026899
0.021831555810220005
0.021445831869964887
0.02096419148478727
0.020389747823362413
0.019733807970281535
0.019014880263217848
0.018257050413354646
0.017487861315022557
0.016735876478014187
0.01602813911707468
0.015387753817086569
0.014340732369432415
0.013983408630311445
0.013711586396779423
0.013510455166556024
0.013358942170677198
0.013231618749117898
0.013100983216035034
0.012939910394993981
0.012724048529101917
0.012433954772499608
0.012056788072138391
0.011587419081921143
0.011028866762422911
0.010392026746844548
0.009694714015159867
0.008960098679894335
0.00821466532404928
0.007485869504569124
0.006799695574968845
0.006178333863619915
0.0051730938799016135
0.004819504264180023
0.004549134256136382
0.004347558809864593
0.004194258231717633
0.004064473342834293
0.003931427440003558
0.0037687110791271667
0.003552616230581007
0.0032642163135424935
0.002891015300883759
0.0024280287974019306
0.0018782088007031814
0.0012521780557313753
0.000567296137864252
-0.00015386559694907653
-0.0008855126829162193
-0.0016009103527645878
-0.0022747614704249353
-0.0028854673358380545
-0.0038769091751753955
-0.004226706883024475
-0.004495493718647178
-0.004697321729447516
-0.004852175342942577
-0.004984165680972745
-0.005119367495044677
-0.005283497066346418
-0.005499638866058865
-0.005786219318206776
-0.00615540019506422
-0.006612025546754441
-0.007153208435310051
-0.007768590747093684
-0.00844125435416232
-0.009149208127374927
-0.00986732616142405
-0.010569571759881935
-0.011231313160703176
-0.011831524346151609
-0.012809266356740106
-0.013155217310848085
-0.013422296539209826
-0.013624194912094656
-0.013780378504898624
-0.013914330746275239
-0.01405144634548161
-0.014216769908911114
-0.014432781566703357
-0.014717422944818814
-0.01508253183656901
-0.015532816344692354
-0.0160654527796437
-0.016670339788891025
-0.017330987390748454
-0.018025967031455502
-0.018730800842356454
-0.019420128579638412
-0.02006996308029326
-0.02065983299601245
0.027241558515981684
0.026868875461780926
0.026584101733760912
0.02637028601199798
0.026203555489403563
0.02605548697866722
0.025895910332206694
0.02569586287679393
0.025430405428458758
0.025081030669119042
0.024637438827711154
0.024098517904287964
0.023472439980209057
0.022775865615485467
0.022032329375901716
0.021269955570311083
0.020518718377725197
0.019807508450834788
0.019161292778231975
0.018110185701969615
0.01774174014619989
0.017458902395173413
0.017245152855829837
0.017077232287930344
0.01692745087281844
0.016766418633464286
0.016565923453801628
0.0163016747456185
0.015955650234980023
0.015517826203933124
0.014987132225974809
0.014371544006788936
0.013687306607386707
0.012957359557715747
0.012209109611619844
0.011471760307154577
0.01077345398269906
0.010138505662642777
0.009102370849642568
0.008738218082867122
0.008457440359628254
0.008243936919577848
0.008075043788132175
0.007923782734564807
0.007761520906387857
0.007560774689828002
0.007297883107112621
0.006955294739398969
0.0065232537801980985
0.006000729982002148
0.005395508135426034
0.0047234296267574995
0.0040068560702281415
0.003272497500885578
0.002548809389062434
0.0018632078591955075
0.0012393753743676166
0.0002181265836626034
-0.0001416808102907193
-0.00042028039952179963
-0.0006333663736551864
-0.0008030248595016406
-0.0009555432442718652
-0.0011188192209589851
-0.0013196289361107802
-0.0015810218760412924
-0.0019200921543538474
-0.0023463354461620662
-0.002860743158417667
-0.003455716208248065
-0.004115805602884123
-0.0048192113119706805
-0.005539900148912406
-0.006250143192194265
-0.006923229470454095
-0.007536090596000726
-0.00852014020633396
-0.00888079348914624
-0.009161178228291322
-0.009376804314768505
-0.00954950012734268
-0.009705247893616783
-0.00987162309265266
-0.010075094144711232
-0.010338446941071852
-0.010678581143701942
-0.011104885320357138
-0.011618340992682701
-0.012211437174931377
-0.012868902541021687
-0.013569187395829352
-0.014286557586957923
-0.014993602995006702
-0.01566392000971103
-0.01627470573180671
-0.017281200946488627
-0.017637429512592694
-0.01791546132566768
-0.018130417810888755
-0.01830357509512067
-0.01846025496889614
-0.018627329886951226
-0.018830591520169748
-0.019092240665557668
-0.019428739342341832
-0.019849227167118566
-0.020354648550103643
-0.020937670358732546
-0.021583396935650295
-0.022270816096396917
-0.022974841348065527
-0.023668757594798216
-0.02432683560409451
-0.024926859618175277
0.025287728074092262
0.02490264167394026
0.024605240035618002
0.024376580869361713
0.02419030111587469
0.02401550602245321
0.023820134118586005
0.02357442737336272
0.023254132158701167
0.02284309281161116
0.022334968879384465
0.021733900735369887
0.021054056717949764
0.020318108869313106
0.019554794422086224
0.018795816946647153
0.018072414933256176
0.01741196748361725
0.01632632386081486
0.01594612088525164
0.01565134793826658
0.015423535388238338
0.015236984550520324
0.015061583020742527
0.01486608395176392
0.014621488173117333
0.01430416421678719
0.01389837632943906
0.013397957989614111
0.012806959770354695
0.012139206346436135
0.011416808779200668
0.010667785722504783
0.009923041568140983
0.009213021405361326
0.008564403224414208
0.007495026987836366
0.0071197573123577
0.0068277240124921725
0.006600917453577308
0.006414285489002766
0.006238477091532839
0.006043038259995378
0.005799708443651556
0.005485461741567832
0.00508497104749539
0.004592238953405511
0.004011228321222175
0.0033554289346869144
0.0026464054344534547
0.0019114767416533729
0.001180769218622572
0.0004839557278829565
-0.00015296798520710494
-0.0011778393124778352
-0.0015539057707046149
-0.001847603044764686
-0.0020767508402054955
-0.002266138501505292
-0.0024448105465838905
-0.0026429043248652846
-0.0028883877920258634
-0.003204049485651672
-0.003605059354818696
-0.004097354195954177
-0.004677013248356269
-0.005330686972267462
-0.006037034239998648
-0.0067690191524892125
-0.007496827569448509
-0.008191094297778275
-0.008826093130325785
-0.009879497326186204
-0.01025055625628768
-0.010541351725426956
-0.010769261935167179
-0.010958455611767745
-0.01113724628420095
-0.011335009942732474
-0.011579005120926541
-0.011891438648212923
-0.012287087922017345
-0.012771727359695562
-0.013341520636567425
-0.013983440169258085
-0.014676669979931853
-0.015394846493126207
-0.016108902937589563
-0.01679021573862627
-0.01741371374866389
-0.018451034560935296
-0.018817041675695534
-0.01910483646516063
-0.019331366887618828
-0.019520196945976287
-0.01969892789907076
-0.019896193846640025
-0.020138562022209983
-0.02044767242509608
-0.020837920016935074
-0.021314921180024725
-0.02187492217779826
-0.022505209543356813
-0.023185479424460698
-0.02389002371213293
-0.02459050409373979
-0.025259019687228768
-0.02587113754445499
0.02713134968769959
0.026727830671438395
0.026413964961037133
0.026167931540414895
0.02595976210848524
0.025754987580918026
0.0255188088432314
0.025220283501564134
0.024836028004615412
0.024353000499826027
0.0237700428861648
0.023098006256658254
0.022358446664457188
0.021581042070787558
0.02080003057767658
0.020050088844556318
0.01936214313631964
0.01822112371117679
0.017823177705355762
0.017512599517457428
0.017268107286415778
0.017060480824711937
0.016856116233540663
0.01662109161545411
0.016325248568591078
0.015945801297929107
0.015470049300781812
0.014896879817106376
0.014236888490014959
0.01351110564989359
0.012748475745136639
0.011982383091442839
0.011246632843553983
0.01057136751076308
0.009448259932021882
0.009055934078564717
0.00874874725940944
0.008505943666159607
0.008299032946201084
0.008095255228848982
0.007861544387107549
0.007568506829492283
0.007193939825759592
0.00672547568636106
0.006162045556192634
0.005513995435401653
0.004801842306544532
0.004053814616738668
0.0033024634903633387
0.002580743797058379
0.0019180335522450687
0.002726356092969303
0.0020958910487972604
0.001373122429380591
0.0005839012691588596
-0.0002379290330291791
-0.0010545931181638046
-0.0018289321923810795
-0.002528896318078807
-0.0031314325620960632
-0.0036252865896165463
-0.0040123656396107155
-0.004307490816856108
-0.004536571619980593
-0.00473343581637827
-0.0049357143055548764
-0.005180291263593244
-0.005498872747961385
-0.006763363880669115
-0.007344312628353444
-0.008009898458607816
-0.00873656472186124
-0.00949340683840949
-0.010245881827497713
-0.010959968180379587
-0.011606277943263892
-0.012163620021028073
-0.012621573730612162
-0.012981750381616346
-0.013257584271642217
-0.013472680779144468
-0.013657931542221021
-0.01384775909344475
-0.014075955597101508
-0.014371621354413167
-0.015238427132802101
-0.015818248379337135
-0.01648189377022158
-0.017206033304011752
-0.017960059437822827
-0.01870976122857748
-0.019421444323847736
-0.020066003392215835
-0.020622450895536236
-0.021080465647910406
-0.0214416422228216
-0.021719284218899387
-0.02193676874993944
-0.022124689942256692
-0.02231714008104106
-0.022547588390352535
-0.02284485819680456
0.03356019797137307
0.032916418327785066
0.03217776472178321
0.03137396459198176
0.030543523390518988
0.029728545377349
0.028969050991604073
0.028297556004216833
0.027734654941375024
0.027286222593370102
0.026942626195086694
0.02668005814940607
0.02646379892578025
0.02625294988220765
0.026005977620982744
0.025686311811198848
0.024735494316955136
0.024092950620794123
0.02335641540044268
0.02255533914851615
0.021727868918432112
0.020915717039464897
0.020158531321727662
0.019488524874402557
0.018926100969461346
0.01847708080224923
0.01813192287353549
0.017867042803437393
0.017648045155743697
0.017434411613640642
0.017184993543311232
0.016863558068256717
0.01584126453169965
0.015210721035257002
0.014488554896805821
0.013703439168140468
0.012892529466205227
0.012096465476537643
0.011353885835395094
0.010696195081054868
0.010143299040101066
0.009700900674664744
0.009359735167678296
0.009096850765166198
0.008878752757539576
0.008665967811071023
0.008418394384893113
0.008100708011029023
0.007164699655606843
0.006535312822382918
0.005815128737907682
0.005032561727007316
0.004224432453559894
0.003431014244997995
0.0026905973675050987
0.0020343033194745548
0.0014818589287636983
0.0010389167333792657
0.0006962968349442471
0.0004312557544822182
0.00021060146862446802
-0.000004783906891181466
-0.0002546420805020026
-0.0005739817126850418
-0.0015833871219833595
-0.002200899879263307
-0.0029069220395755435
-0.0036737891891637973
-0.004465637391290652
-0.005243228660946805
-0.0059692470320316104
-0.0066133519142987564
-0.007156297328438181
-0.007592545769502339
-0.007931011076701688
-0.008193826998370754
-0.00841331672144859
-0.008627589553097764
-0.008875376033417409
-0.009190807054595407
-0.008651931344008287
-0.014304025642537707
0.003819354523729168
-0.0022203854029064405
-0.00844834525684605
-0.014863849530038128
0.002993061596229437
-0.003967972687595375
-0.011188031660829453
0.006493913411196872
-0.0014395168884930496
-0.009706721891692046
-0.01837452742501633
-0.0018489558194689781
-0.011706225830384054
0.004318546086302666
-0.007075975747253642
-0.019322539199965554
-0.005688205979009764
-0.020532486908714048
-0.009300985700157471
-0.027573757440073437
-0.019205431675415517
-0.011140563227076128
-0.0022906151090442326
-0.023168115873298627
-0.01154277392383829
0.002537292887080563
-0.014784374111228942
0.0026800918906115063
-0.012679612368424742
-0.02714071994139755
-0.0065190475234718406
-0.0198649743516501
0.0032097225536648066
-0.009381526250042776
-0.02143487813033677
0.004142780654817213
-0.0075335288986511095
-0.018741445530083466
0.009137103748812863
-0.0018347967580782203
-0.012509713986696055
-0.022890859644226956
0.007203502096691516
-0.003100587479256493
-0.013192883685768283
-0.0230805680484808
0.00927263719631181
-0.0006176174035465998
-0.010294056542428284
-0.019756569292232462
0.015011722604589273
0.005454033137351859
-0.003976042259215181
-0.01319856183454297
-0.022291720051511404
0.014831812018333834
0.00563818939574449
-0.003417065062178981
-0.012354670315561183
-0.021174617663398492
0.01859865137355347
0.009585004794413304
0.000694925525466424
-0.008071574820295302
-0.016809005502589347
-0.025452316488878506
0.016835009604260764
0.007997190217125527
-0.0007105161016055888
-0.009382540004407119
-0.017960609563373125
-0.026408554009069905
0.018759621916811797
0.009979415014324533
0.001336575056136528
-0.0059142012070791585
-0.014755687143662526
-0.023229682003283274
0.025267245676515726
0.016443643741017033
0.007687096254310559
-0.0009883854416150215
0.09448100500812406
0.0832915320903451
0.07232791718122782
0.06183751743758089
0.052057499418219175
0.04320954085143269
0.035494889071159094
0.029089883595479853
0.024142037028718942
0.02076675360098072
0.0190447491571738
0.019020221089657657
0.02069980209341608
0.02405231782024897
0.029009355227636036
0.035466635140489575
0.04328616835757212
0.05229916022954122
0.062309611829721355
0.07309854971459714
0.08442879946617021
0.09605020273892854
0.10770516406973593
0.11913440310623266
0.13008278074212937
0.14030506421639222
0.1495714965910557
0.15767304003117932
0.16442616970256008
0.16967710559537516
0.1733053823111989
0.17522667310467163
0.1753948004916887
0.17380288530224702
0.1704836054334885
0.1655085559989052
0.15898672319203205
0.15106210463212183
0.14191052881723196
0.1317357451527168
0.12076487341822503
0.10924331704127932
0.09742925770690562
0.08559057478078003
0.07456605223184624
0.06469582997125282
0.05630468955712009
0.049691547822257785
0.04511937100291612
0.04280606198203548
0.04291689034496764
0.045558974500048977
0.05077818226013553
0.0585586078516102
0.06882454609924797
0.08144466528797616
0.09623765681205913
0.11297896921914796
0.13141092759849815
0.15124840466632133
0.1721875590519112
0.177751046527793
0.17789514338553636
0.17941902254663522
0.18203375612822925
0.18542519573781577
0.18926438870514373
0.1932183343923516
0.1969605847399943
0.2001812779979939
0.2025962923570322
0.20395484181732482
0.2040476226356691
0.202711123150639
0.19983208695798282
0.19535042101502273
0.1892607424305735
0.18161265695288736
0.1725098063594601
0.1621077198895323
0.15061049961455836
0.13826636302480694
0.12536206060691335
0.11221618543773423
0.09917140086393939
0.08630733221843934
0.07371476213033838
0.061690208229150764
0.050517318786028796
0.0404602264511413
0.031757378289046234
0.02461598234146397
0.019207191528918626
0.015662124316116282
0.014068799843193019
0.014470044544572052
0.016862408408127215
0.021196111923157956
0.027376028629811366
0.035263691667156705
0.044680294777689755
0.05541063820211708
0.0672079471848149
0.07979946766366561
0.09289272031981248
0.1061822729545305
0.1193568734679477
0.13210677272515514
0.14413105897108147
0.1551448233895984
0.16488597972610025
0.1731215692001183
0.17965339474454167
0.18432284496698537
0.18701478874041427
0.18766044335306153
0.18623914416188825
0.18277897014937947
0.1773562070939087
0.17009365797912457
0.1611578380747956
0.15075511927666246
0.13912691421755702
0.12654401476354254
0.11330022116867808
0.09970541672916315
0.0863341065441453
0.07324283575664023
0.06074573968544439
0.04914363011005193
0.038716938761553986
0.02971915855545626
0.022370931947265915
0.01685491471309919
0.013311520264874255
0.011835626244661723
0.012474303264287667
0.01522560618494669
0.020038451172948446
0.026813585896158974
0.03540564380266491
0.04562625525215377
0.05724816750300325
0.07001030065312719
0.08362364172141201
0.09777785294495597
0.11214844676034305
0.12640436013946915
0.14021574635592265
0.15326179358923608
0.1652383772053497
0.17586535584596552
0.18489333012951767
0.19210969631915875
0.19734384425480275
0.20047137126252557
0.20141720632246435
0.20015756557153838
0.1967206883962641
0.19118633228737397
0.18368403440443012
0.1743901775092105
0.16352392703406088
0.15134213395261426
0.138133324191251
0.12421091890505129
0.10990585033718137
0.09554116096636867
0.08147594705257796
0.06804615962134775
0.05557347968156212
0.044357772849698926
0.03467008106736651
0.02674631106277729
0.02078175565773499
0.01692655821327845
0.015282204798854523
0.015899105102252974
0.018775302799112957
0.023856338914551856
0.031036276274799362
0.04015987709675058
0.051025907438868964
0.06339152048910372
0.07697764375220703
0.09147526779207327
0.10655250518949907
0.12186226208451278
0.13705034267274357
0.1517637909073788
0.16565926419220262
0.17841123115274138
0.18971978929418673
0.19931790788531376
0.20697791615853167
0.2125170752078176
0.2158020961510691
0.21675249127034446
0.2153426735563822
0.21160275022546343
0.2056179866647571
0.1975269490827125
0.187518365902238
0.17582677908384858
0.16272708647697642
0.14852810432275543
0.13356530448310366
0.11819290309923847
0.1026156942294911
0.08795948936355584
0.07468841975836712
0.06324638953189003
0.05404184430222558
0.04743297803787868
0.04371429709828993
0.04310552736510691
0.04574375938447672
0.05167945953976498
0.06087656874005717
0.07321645101157663
0.08850505245761162
0.10648108622149433
0.12682908308803903
0.14919102946355955
0.1731755944567635
0.18644696465747346
0.18893199460685092
0.19333464766936076
0.199271705881706
0.20631735026349446
0.21401848696397313
0.22191077760863764
0.2295345014580495
0.2364495499842595
0.24224904884053988
0.24657074797612238
0.24910825981589613
0.2496188300382409
0.24792873411263203
0.2439379381768207
0.23762247017781735
0.2290350058565118
0.21830373872508396
0.2056295968782605
0.19128185817556617
0.17559219993809977
0.15894720171343396
0.14177930410741835
0.1245562209443124
0.1075528702280452
0.09092039305413377
0.07507295095128412
0.060406094573543144
0.047287019973626575
0.036045571686065446
0.026966207359246375
0.020281101634020603
0.016164527035876047
0.01472861142939023
0.01602053899592578
0.0200212366144568
0.026645568973753624
0.03574405022262399
0.047106061853813094
0.06046454380126391
0.07550209245796932
0.09185836015613551
0.1091386071900861
0.1269232142038788
0.14477792483530594
0.16226455900124448
0.17895191801819108
0.19442659429916298
0.20830340006943487
0.22023514027593247
0.22992147342085953
0.2371166286987068
0.24163577841260164
0.24335990032594218
0.24223900085405298
0.23829361307380503
0.23161452560859386
0.22236074266826983
0.21075571982713093
0.1970819638301134
0.1816741269811369
0.16491076661872106
0.14720497689419615
0.12899413249127042
0.11095891796577755
0.09331269272411477
0.07650004048212071
0.06094593575371251
0.04704526248279439
0.035153131255493686
0.025576227374891812
0.018565380046621043
0.01430949754411363
0.01293097031633143
0.014482608655154347
0.018946156258266754
0.02623240454967276
0.03618292035707331
0.048573383580380325
0.06311851030568065
0.07947850036720439
0.09726690481594857
0.11605975917934923
0.13540577843422127
0.15483736602237527
0.17388215551786101
0.19207478182727872
0.20896856933437366
0.22414682627846405
0.23723344641838434
0.24790253927220324
0.2558868365850644
0.2609846557760596
0.26306524013827515
0.2620723326966227
0.25802588848247876
0.2510218744313584
0.2412301538180267
0.22889049991692909
0.21430683085160868
0.197839803501767
0.17989794797995062
0.16092756461973112
0.1414016415398915
0.1214663228790012
0.10258291480512438
0.08536896742900721
0.0704158390040253
0.058267092945062014
0.04939724969297565
0.04419239225317932
0.042934302766972264
0.045789671926263306
0.052805421957110764
0.06391039750875868
0.07892281066826361
0.09756212506540907
0.11946037527767703
0.14418636673831736
0.17125498654383306
0.19386740115568754
0.19847067693075113
0.20572242710945526
0.21513755250098965
0.22616143205139236
0.23819179493356085
0.2506020540613876
0.2627645666540089
0.27407262570270025
0.28396036414463144
0.2919197846880447
0.29751513924958506
0.3003969652765861
0.3003080544531887
0.29709071590756997
0.29069036119829195
0.28115661405364645
0.26864205821243586
0.253398726439811
0.23577241768731938
0.21619490547453085
0.1951740678610897
0.17328193050312912
0.1511405787036426
0.12925032433575273
0.10785515725177146
0.08751696578133517
0.06877127461350571
0.05211335114297537
0.037985469635706814
0.02676565572119094
0.01875816185973119
0.014185847732106072
0.013184570707125975
0.01579964182845802
0.021984376879299328
0.031600765446338316
0.044422281047717393
0.06013884358884003
0.07836391917954581
0.0986436788935304
0.12046806663201368
0.14328353995734383
0.16650716874637392
0.18954171226295502
0.21179125149113281
0.23267693130560116
0.2516523643549101
0.26821826218899336
0.28193588589774443
0.29243894624799427
0.2994436247769759
0.3027564489458699
0.30227979925141757
0.2980148975168889
0.29006218692310515
0.2786190821196209
0.26397513578483617
0.24650473569907405
0.22665751258412414
0.20494670250861918
0.18193576739190143
0.15822363170067097
0.13463558814690912
0.11157472887531605
0.08965115766706963
0.06944673981463645
0.05149998109012603
0.03629217492992702
0.024235173259716435
0.015661050817253146
0.010813840602667362
0.009843436286275192
0.012801701652072988
0.01964080456449635
0.030213797539888437
0.044277481557892795
0.0614975871433308
0.0814562862543757
0.1036619730469159
0.12756116894404923
0.1525523025501352
0.17800102053885697
0.203256610111535
0.22766906362657788
0.2506062918368437
0.27147099059849134
0.28971668245883375
0.3048624850149882
0.3165062002487806
0.3243353620189632
0.32813595203316115
0.3277985349225826
0.3233216462832276
0.3148123315014693
0.3024838070117708
0.286650289474212
0.26771911202233123
0.24618031902149193
0.22259400058067852
0.19757569428340616
0.17178024298427835
0.14607610930369294
0.12093923060465343
0.0970379886007485
0.0750101779276489
0.05544639829121752
0.038874856844799785
0.025747978330671883
0.01643111616359198
0.011193543382056841
0.0102018017094165
0.013515422387751868
0.021085015040469928
0.03275274278922917
0.048255238762274597
0.06722903118099348
0.08921853271938637
0.11368655747171368
0.1400272303490156
0.16758102295509356
0.195651534900943
0.22352354960276488
0.25048183644433364
0.27583014567353814
0.2989098432331803
0.31911765359869226
0.3359220142477465
0.34887759365354415
0.3576375687343508
0.3619633467270996
0.361731448525471
0.3569373700478756
0.347696304392303
0.3342406886618071
0.31691462003811105
0.29616526635340334
0.27253147583597853
0.24662986781713434
0.21913876003604357
0.19078035771391094
0.16157688897704747
0.1336352508450996
0.10788888126153881
0.08523551255444406
0.0665022076466206
0.052409887944935285
0.043540262097400695
0.040308766576078923
0.04294701789323285
0.05149709278717311
0.06581790868122828
0.08560175691722738
0.11039621043803387
0.13962800724408328
0.1726396176373396
0.20093717068710715
0.21103990908263148
0.22526259604264853
0.2429023223396019
0.2631277190961416
0.28501666032970907
0.30759678714059696
0.32988548855382216
0.3509269860516871
0.36982517505182444
0.38577165492641474
0.39806712800157296
0.4061446630035792
0.4095794913125426
0.4080996688201309
0.40159202016253503
0.39010407001654834
0.37384234910828007
0.35316724478415146
0.328584560939463
0.30073393491756917
0.27037421545222984
0.23836582547034488
0.20565001724995186
0.17362588207340435
0.14233290550129657
0.11265194211669771
0.08542173732691727
0.06141580947532884
0.04132150734609837
0.025721851950538666
0.015080562453651525
0.009730430458839886
0.009865007623244087
0.01553347241031992
0.02663857203871504
0.04293766665965167
0.06404704999974013
0.08944979905039267
0.11850736286724765
0.15047490788267504
0.18452020773875608
0.21974560959091136
0.2552124102309874
0.2899668474757968
0.3230668542158749
0.35360871889864975
0.38075282931580895
0.4037477325208918
0.4219518170615849
0.4348519882471593
0.4420788316322488
0.4434178220884324
0.43881625447268036
0.42838568880960404
0.4123998135073964
0.3912877509484362
0.3656229498757496
0.33610792795685707
0.30355524447707877
0.26886519673891796
0.23300084438863686
0.19592757439527783
0.16033459248807652
0.12746292244242713
0.09850834376611828
0.07457160437927268
0.056606762851047675
0.04537247388100352
0.041392635702780886
0.04493274321259659
0.055995855790847426
0.07433783458310621
0.09949717303079272
0.13082720740641357
0.16754218868870704
0.20753557140408183
0.22022831500789541
0.23867642692676144
0.26203345688388485
0.2892447618468567
0.31910185103647054
0.35030283668437395
0.38151252522900675
0.41141781841966785
0.4387762074071509
0.46245668468571643
0.4814718292834334
0.495007286941081
0.5024419189398331
0.5033601440914159
0.4975618997525331
0.48506622754551365
0.466109758491697
0.4411403126858998
0.4108058535532359
0.37593905152541945
0.33753768447924937
0.2967410011804289
0.2548019782149924
0.21349481211486943
0.1731727900277876
0.13503296652002655
0.10021140867358336
0.06974985274283678
0.0445659877615053
0.025428397968392802
0.012936721934489841
0.007507015286777885
0.00936183093836492
0.01852436904211367
0.034816291677566835
0.05785932473261979
0.08708126749574349
0.12172727519697243
0.16087705106546485
0.20346808467809305
0.24832447570038535
0.2941903709955455
0.33976672940944663
0.3837499999887521
0.4248713034674865
0.4619347845186282
0.4938539120273516
0.5196846292581087
0.5386543693587874
0.5501860936708908
0.5539166904459127
0.5497091390708241
0.537658092237448
0.5180886665334455
0.4915484188233157
0.458792667814724
0.4207635004789336
0.37856297951716544
0.3334212413042357
0.28666034726536394
0.23996575564691575
0.1943705933501962
0.15123367438912055
0.11184466159870603
0.07738582511982117
0.04889817616247942
0.027253309982733603
0.013131634425950223
0.007006805390690393
0.009135447201927271
0.01955097947209735
0.03806079325281635
0.0642469331980372
0.09747131125391514
0.13688690987411417
0.18145608081647208
0.22997627310586652
0.2811126410071922
0.3334362788740677
0.38546645053188777
0.43571507224363204
0.48273176861475775
0.5251479557041626
0.561718558681338
0.5913601268866749
0.6131842314346186
0.6265251927624579
0.6309614071528152
0.6263295599499635
0.6127313392077055
0.5905323949720119
0.5603535028328975
0.5230540941350326
0.4797085161303918
0.4315755808041516
0.38006215220166584
0.3266817152784487
0.2716874256931159
0.21855382455820768
0.16920759526301843
0.12551689060041488
0.08920846190611362
0.06177682363637804
0.04439505174708962
0.03784268488357945
0.04246731150630475
0.058189387132777846
0.0845464878515595
0.12076088855143793
0.16579197887773828
0.2119511922770236
0.23297894114679493
0.26340523117685033
0.3020392534156793
0.3472853586191901
0.39724689983201833
0.4498421864771126
0.5029158310859483
0.5543365264371483
0.602078683420849
0.644288945252539
0.6793389351451028
0.7058667126217361
0.7228178728202741
0.7294623549197553
0.725413071839141
0.7106335590950524
0.6854372378463464
0.6504784217397596
0.6067353727802655
0.5554858959442152
0.49827608580369537
0.43688281757433833
0.3732703113828356
0.31019963645139964
0.24868906964247262
0.1906881582592825
0.13803881504523924
0.09241557771834905
0.05527419186177662
0.027811649415081335
0.010939033160558739
0.005265751720704981
0.011091197362742
0.028399220161551275
0.056852939097708874
0.0957912579645263
0.14423144767452842
0.20088300034381207
0.26417565701327916
0.33230184320772166
0.4032712647043966
0.474974249576548
0.5452502579492515
0.6119583437443701
0.6730468408463725
0.7266199648064818
0.7709993324838537
0.8047786961810331
0.8268700624240183
0.8365404200818426
0.833437447982503
0.8176036650671195
0.7894784697751721
0.7498878893737232
0.7000221850161106
0.6414017740847324
0.5758322278516147
0.5053493776713808
0.4321558306158028
0.35667452314316656
0.283575149712245
0.21563048365355703
0.1555364207753851
0.10578419633519447
0.06851304200343282
0.04536076586364254
0.03734585881103185
0.04481868655723198
0.06749950363994914
0.10458477128653314
0.15486992963662627
0.2124352071196972
0.23856564067570327
0.27878462512280455
0.3316772757469483
0.39510448993079617
0.46638159137522933
0.5424842305159516
0.6202405279616721
0.6964912891028321
0.7682169621496432
0.8326374072086423
0.8872913871639031
0.9300970570871102
0.9594107820833044
0.9740642947808859
0.9733917853234085
0.9572451950082019
0.9259962302979602
0.8805251884218074
0.8221968577597255
0.7528242357483655
0.6746212218014283
0.5901456578151797
0.502233906624632
0.41419441337744983
0.3285947240485741
0.24830913456980908
0.17602652796064472
0.1141512997025627
0.0647218129128067
0.029355809746384187
0.009227008894574137
0.005066631451013381
0.017173102646866334
0.045411595560233
0.0891964178023541
0.14746609481593992
0.21867071225351273
0.3007880225654079
0.391373374650972
0.4876388887098029
0.5865525941297706
0.6849483823584651
0.7796396892044554
0.8675318765513057
0.9457296365956841
1.011636453916537
1.0630436056170685
1.0982059121418395
1.1159027776040629
1.1154823050889264
1.0968870801073125
1.0606608686739412
1.0079358176783244
0.9404003253075016
0.8602482572382263
0.7701106292059611
0.6729712321253029
0.5720679452557813
0.4673335854892582
0.36608890540214917
0.2723075839849842
0.18983524180019937
0.12219238755558896
0.07233532796850277
0.04240858967317351
0.03356468901479855
0.04593481914503317
0.0787716876144142
0.13068921089531801
0.19986471514851595
0.230329833139869
0.278672925636694
0.3458989486976918
0.4292565533863515
0.5250297816987598
0.6289131514351833
0.7363485821303108
0.842786074271623
0.9438746424314876
1.0356042348231362
1.114416622641827
1.177297277087064
1.221841347659279
1.2463236763669268
1.2497406303306204
1.2318308816509966
1.1930791121480462
1.134699249316056
1.0585974753879237
0.9673161935382596
0.8639609951070376
0.7521132689349713
0.635731118543085
0.5143448030976615
0.3975932249792012
0.29026743357589424
0.1969596389558857
0.12180432725858337
0.06815990724924985
0.038287531816934194
0.033150743848811746
0.052454440412809666
0.09491582439298356
0.15861184890540744
0.21292076379713626
0.25359854512263064
0.31732971282162886
0.4015739143026167
0.5023454189901557
0.6147135316797161
0.733293351380408
0.8526288706812282
0.9674636416065173
1.0729312018015364
1.1646969350206284
1.2390719673491348
1.2931018694372367
1.324636280654379
1.3323935377312726
1.3159826915190267
1.275907326782295
1.213543442819197
1.131091701835886
1.0315056626891315
0.9183988177655328
0.7959341113054229
0.6686997302400343
0.5354867516648478
0.40826988855580526
0.29249680249210025
0.19331363352708336
0.11524399000718537
0.06179727403865428
0.0350960582686638
0.03569713326665965
0.06273864218824829
0.11434325515270886
0.1880367068172989
0.22632436189958288
0.2777818170637253
0.3531140063398397
0.44861016323819225
0.5591582552895457
0.6788813430789911
0.8016749069841225
0.9215892761866195
1.0330875259441303
1.1312254509663524
1.211786439574399
1.2713872697084874
1.307559696928527
1.3188072355416416
1.3046347513581353
1.2655486947192782
1.203026968061637
1.1194589795693872
1.018058070524768
0.9027499871627037
0.7780421048585575
0.6488781906958818
0.5185845946143508
0.3946547152667677
0.2817734863549184
0.18406108218355405
0.10488309197082823
0.04673257135889527
0.011216191477951276
-0.0008623469907094913
0.010612051171398629
0.04512024241025444
0.10146429701720805
0.1776738904448925
0.2709540868862346
0.3777312441658237
0.4937947260533828
0.6144989406654566
0.7349888544376021
0.8504246408432605
0.9561926220686651
1.0480959509333663
1.1225208884547535
1.1765752579539077
1.208195704226981
1.2162214070702844
1.2004321275509628
1.1615496867345485
1.1012032149546205
1.0218595872965932
0.9267215612160705
0.8195970193810123
0.7047433516945362
0.5866914038675085
0.4648966419215508
0.34989570589854435
0.24681425992116868
0.16037119394360183
0.09455741638874952
0.05227307623152044
0.035024752676817525
0.04283306658549313
0.07442553350415641
0.12761416966634076
0.19959134914404525
0.22637615990144855
0.2750861795530729
0.34322844011583253
0.4267921783429801
0.5207722587329293
0.6197153682319281
0.7181643926390745
0.8109756352074088
0.8935355417178247
0.9619106506834199
1.0129437993082804
1.0443615637178758
1.0547918947278985
1.0437741151852111
1.0117605267031036
0.9600780104462605
0.8908626884737009
0.8069703145854292
0.7118662622370041
0.6094996153034318
0.5041654042859095
0.39656565323798854
0.29563171566035923
0.20620426343387827
0.1326843476664676
0.078706207023078
0.04678979586405896
0.03808082470689663
0.05230812647539403
0.08799601744797418
0.14281938554685958
0.20603811275587175
0.23258852357517865
0.27828824777256567
0.34031488612430605
0.4146000905412247
0.4963186831662997
0.5803746363881215
0.6617915177861813
0.7359935146869799
0.7989992303724408
0.8475488457164051
0.8792010017065505
0.8924121610365442
0.8865059583004508
0.8616949088705445
0.8190463681501424
0.7604212640727764
0.6883883518028854
0.6061178016275169
0.5172583852890383
0.4258017607855782
0.3360679799774828
0.2515373172898522
0.1757091349211648
0.11160031272510751
0.06162185169704293
0.027506638239907698
0.010289631729717235
0.010324099385212726
0.02730661559219546
0.060291589436011025
0.10769935901673504
0.16734021862762646
0.23647777940983994
0.31193820584616416
0.39025734689020136
0.4678496226076821
0.5411826986238585
0.606945449382851
0.6622003030617504
0.7045136598745518
0.7320599054628768
0.7436951900457455
0.738999861437542
0.7182875236592858
0.6825814534108715
0.633559697589662
0.5734714279088259
0.5050281758626037
0.43127450599332673
0.35544356347143313
0.27837519978994885
0.20676119042907246
0.14436581471568197
0.09455503892553194
0.06003115576512712
0.042580529776786544
0.04290948068779332
0.06063607990990853
0.0944426560214858
0.14231897828083392
0.1991542604260682
0.21654433642695464
0.24761466674630622
0.28997932498618484
0.3404338749518719
0.3952881890208963
0.45070429170944376
0.5029831088893427
0.5487831642093329
0.5852768554100117
0.610240530958532
0.622180037444538
0.6202936463982003
0.6045014150452296
0.5754276482589049
0.5343566988290892
0.48316764614298996
0.4242507542142673
0.3604084439387571
0.29474237049830765
0.23100648491784653
0.1710705826962261
0.11758941694789879
0.07285565007910148
0.03870376293590013
0.01644638574504531
0.006842102231407836
0.010087392880500276
0.025823336918639105
0.05315212351737246
0.09066608999221164
0.13649687912168806
0.18839093497114417
0.24381135138481744
0.3000603288270417
0.3544129860087529
0.4042527600594378
0.44719974939862
0.48122499529272983
0.5047453116933311
0.5166945373235204
0.5165686617472514
0.5044431848237662
0.48096239794204265
0.4473015022838114
0.4051035713770973
0.3563944506806921
0.3034796802166971
0.24882845519631844
0.19550934794064984
0.14531291167758606
0.10047976899955754
0.06295616816101413
0.034311913784617065
0.015682759608376028
0.007737033480562835
0.010662553303052066
0.024168752019976814
0.04750124261309071
0.07947003209852052
0.11849515242608596
0.1626727392654805
0.20986106224631135
0.25778240046966905
0.3041341267135765
0.3467016115945502
0.3834660054296185
0.4127009708438493
0.43305361532052056
0.4436059439933798
0.4439144068376235
0.4340260249965133
0.4144707047286128
0.38623040971194716
0.3506868421396009
0.309550239676387
0.26477277852579495
0.2184508880492823
0.17138424880040767
0.1283224937256855
0.0918325963026991
0.06417054615069122
0.0470990841035814
0.04173303086786725
0.04845044215146477
0.06689526906269838
0.09606702892607104
0.13446482158470052
0.18024189077061642
0.19184852121307736
0.20741600390575118
0.23013905124964817
0.25783216062165737
0.28802246000927456
0.3181591232269567
0.3458025132772432
0.36877793838812717
0.385284932109349
0.393995356606933
0.3940867573353104
0.385258728399101
0.3677376838083024
0.3422542846312354
0.3100024514085285
0.27258186801339457
0.231925256559109
0.1902106676323982
0.14961366922836322
0.11147709130659304
0.07762361412171237
0.04963186432371813
0.028764490730545655
0.015915641540589776
0.011578292260533234
0.01582996993498398
0.028334934329785438
0.048361849517519026
0.07481734020045205
0.10629639788236778
0.14114951230133252
0.17756440381182054
0.21365816507694702
0.24757424349505508
0.27757825499748184
0.3021469129270569
0.32004509561534555
0.3303870163444269
0.3326785110488334
0.3268385674132087
0.3131992297272129
0.2924841662360502
0.2657671991769593
0.23441309611681135
0.2000038358473651
0.16425437560821876
0.1284759315538292
0.09631784651647861
0.06994500005641983
0.05122990552598887
0.04159306683750604
0.04187643935028462
0.052279169837473424
0.07237101484833197
0.10117523698501256
0.1372949345672153
0.17904508908974032
0.18269877443030622
0.19271316476978312
0.20824362275661962
0.22737999865413547
0.24801759094040163
0.2680343310375535
0.28545006021011565
0.2985541979138723
0.3060038953339948
0.3068956703846806
0.30078444562792167
0.2877021164047265
0.2681460002128324
0.2430476138658864
0.21372359344580502
0.18180978826296418
0.14917859831185154
0.11724052966091358
0.0873204768258253
0.060960456155253105
0.03948968737376953
0.023958679559492418
0.0150904070244412
0.013249589071857026
0.018429798429479748
0.030257669223662242
0.048013721644017224
0.07066960275566803
0.09694133224682804
0.1253569928028651
0.1543358758076102
0.18227468771106833
0.20763557606430394
0.22903052614008731
0.24529701558712924
0.2555605290454457
0.2592804443787158
0.256276923512746
0.2467374770169728
0.2312030723441294
0.21053475030664182
0.18586278536873707
0.15852140374001272
0.12997292367217567
0.10195667535553732
0.07569341561343738
0.05254273201350672
0.03367971236711694
0.020036185448077948
0.012256588365224993
0.010669623826763952
0.015275834466832266
0.025750739480628525
0.041463156442389335
0.06150833999774934
0.08475526657119907
0.10990648147583013
0.13556781766312273
0.16032420351368926
0.18281708216583759
0.20181875597146257
0.2162992058234296
0.22548150551489418
0.22888272061413326
0.22633813706198808
0.21800759734386352
0.20436377380218473
0.18616319303961554
0.16440178219570317
0.14025758035540978
0.11502400968886606
0.09005398214337657
0.06827697331362256
0.051385231205933746
0.04081390682044199
0.03761331265830744
0.04235453641420028
0.05508764585473169
0.07536000592340739
0.10228643802355386
0.13465208779379975
0.16791976565499653
0.16618822768771857
0.1697788590024448
0.17740715098567933
0.18753611396628678
0.1985143930593821
0.20871637265233778
0.2166679064313883
0.2211450151332071
0.22126095413680769
0.21649915909006168
0.20674133218461732
0.19226864503737914
0.17374200981677523
0.15216365918532834
0.12882093801632616
0.10521253213231756
0.08241847293037285
0.06113638629829814
0.04257415133588793
0.027769137764552997
0.017531665304616473
0.012402651851356288
0.012626940512088052
0.018142851557312694
0.028587925415183478
0.043320493492824595
0.06145635721283127
0.08191923040476001
0.10350266729165022
0.12494018281836217
0.14497941719878543
0.16245572124045835
0.17636050502792583
0.18590006029050143
0.19054124030164749
0.19004128046153868
0.1844600590628844
0.17415419354683143
0.159753473922483
0.1421212019046268
0.12230098603867923
0.10145338488889674
0.08039913954636195
0.060717638248737514
0.04349948947306633
0.029680715047418205
0.019991636010348035
0.014918533812807907
0.014679531286348099
0.01921530018706134
0.02819462297185512
0.041034436044460706
0.05693357070918744
0.07491881864039467
0.0939011458282448
0.11273904266208039
0.1303052923873303
0.14555304721731185
0.15757707595186152
0.16566636786687516
0.16934486999955073
0.1683979398144788
0.1628830050731182
0.1531239122196752
0.13968944296984606
0.12335743793969642
0.10506684372734851
0.08586074406164565
0.06777582934558028
0.05269028517848255
0.0420094261803992
0.0369004065982929
0.03818218343942359
0.04624928815499307
0.06104363382828826
0.08207797203009663
0.10850281926072569
0.1391987705951242
0.1613345779432098
0.15691468367445488
0.15678523022295943
0.15980211314758852
0.16464155323250482
0.16992270000415866
0.17432877126803953
0.17671276891537063
0.17618550340679773
0.17217237027065552
0.1644473742542459
0.15314553128588557
0.13875222544185292
0.12207215796703401
0.10417884153481882
0.0863452065320571
0.06843371000797831
0.05176455139762411
0.037341553537830384
0.026017977720646145
0.018445810095169178
0.015038301278479198
0.015947431600458382
0.021057083113896573
0.029991989924642398
0.04214193343460589
0.05670001714476014
0.07271308076380342
0.08914145308640764
0.10492443361993675
0.11904730958373504
0.13060548156217527
0.1388614217754769
0.14329068742675977
0.14361398818216484
0.1398132789427296
0.13213092871841267
0.1210521505286638
0.10727198061619796
0.09164911463434197
0.07514977629841454
0.0591359460125096
0.04423745866158384
0.03136861312874033
0.021308509015638598
0.014654475823845567
0.01178740700132482
0.012850625015628133
0.01774309537212878
0.026127127082946438
0.03745009386247426
0.05097908949954026
0.06584671536537061
0.08110542975359811
0.09578717754717896
0.10896450488098564
0.1198091503251599
0.12764422628429972
0.13198653785528353
0.13257627473830802
0.12939218423501006
0.12265131432664593
0.1127934485809066
0.10045136653336544
0.0864089991760351
0.07155034708747973
0.056773076382469756
0.04301666279710311
0.031120599508356144
0.021800659256197563
0.015605994948832785
0.012887122320345834
0.013776334786516261
0.018181357145743243
0.02579239287855325
0.03610212607373098
0.04843763776104164
0.06200253231549343
0.07592688022826588
0.08932195688888571
0.10133630722676201
0.11120948019060495
0.11831988751667874
0.12222363128634192
0.12268176780409831
0.11967426963940246
0.11339984486782473
0.10426171939353024
0.09284041679756383
0.07985542814888633
0.06611839370053663
0.053684346228684565
0.04407651324234041
0.03842365457901546
0.03763965316745962
0.04233196522339648
0.0527423785240296
0.06873009555603253
0.08979821248872699
0.11515617471281492
0.14380163693122988
0.1529902711403769
0.14596115024455347
0.14235542498949522
0.14119167261503585
0.1413733000488458
0.14179476358570903
0.1414434074184016
0.13948755937504648
0.13534458268575061
0.12872280215163642
0.11964356939205853
0.10843956433144195
0.09573154784590347
0.08238453759945419
0.06944441793512761
0.056158822415811424
0.04384804395262898
0.033316070479693094
0.025239293387488614
0.0201224413073751
0.018266559564352563
0.01975077435629654
0.024428705642402515
0.03193958330815483
0.04173334921043289
0.05310825232909655
0.0652586366940483
0.077329861473918
0.08847667111171817
0.0979209708564871
0.1050049278392871
0.10923562448830657
0.11031810272031836
0.10817449660806167
0.10294796548962741
0.09499124642530277
0.08484075015126362
0.07317815847133628
0.06078236666650953
0.04889274918028116
0.03789062365422443
0.02851862755274178
0.021403176976125815
0.017013452979994237
0.01563138157398336
0.017334284326875338
0.02199106840724404
0.02927205921277524
0.03867184088138742
0.04954373133811252
0.06114376830308188
0.07268138151145964
0.08337335882930064
0.09249737904326705
0.09944134357598852
0.10374500871773995
0.10513097077783733
0.10352283642173332
0.09904934330628909
0.0920342158303944
0.08297256654257754
0.0724956159702043
0.061326331197584426
0.05020997605820143
0.03991848114845098
0.031143631464594645
0.024469190560901615
0.020332612112058022
0.0189969699305372
0.0205347000555071
0.024823991580825898
0.03155793359389869
0.04026581823578845
0.050345298003283134
0.061103395067966804
0.07180371636272387
0.0817167127313384
0.09016951891225108
0.09659187769738306
0.10055490119756909
0.101799930895168
0.10025547975722415
0.0960411049262618
0.0894580068748757
0.08096710471984718
0.07115623203949559
0.060698866336221055
0.05155416602588688
0.04520655045090823
0.04261674267963422
0.04453938684904476
0.05144167443329721
0.06345465102860179
0.08036496467556997
0.10164649607015223
0.12652369551893677
0.1540525482202082
0.14837579807135554
0.13943238740475467
0.13335634156655785
0.12926080272662863
0.12619452531395237
0.12324016945726139
0.11960430511972912
0.11469515471700517
0.10817201727707448
0.09997659764420168
0.09033932356890632
0.0797622101904849
0.06897937109899481
0.05889656989883437
0.04871838703568332
0.03934820807366901
0.03146394026365129
0.02562879765209969
0.02225104901018719
0.021555473798941703
0.0235683197216896
0.028116621392954566
0.034841820065152726
0.043226724588555185
0.05263397228290131
0.062353312911863266
0.07165432470083685
0.07984067127500735
0.08630180846675237
0.09055819404493257
0.09229653658273126
0.09139239707575206
0.08791845227822559
0.08213785661142115
0.07448330532937975
0.06552351219637617
0.05591978109911577
0.04635691897601195
0.03754748574015365
0.030124765367193405
0.024615081097129253
0.02140012758531836
0.020690226264313827
0.02251020331804447
0.02669871186913827
0.032920947821289404
0.04069385396673379
0.04942207523863966
0.05844214846052409
0.0670717505648392
0.07466037163439707
0.08063759893231197
0.08455533460027384
0.08612071916166161
0.08521725547687857
0.08191255390602689
0.07645217009503288
0.06924009366083266
0.060807481620820766
0.05177213116319894
0.042773035698334315
0.03447715429254687
0.02747658715289758
0.022263587963574825
0.01919528972988786
0.01846863152027811
0.02010709496304608
0.02396003422659073
0.029714557009646685
0.03691910308359488
0.04501708236441212
0.053388206201963426
0.06139453533400896
0.06842784792263468
0.07395476822241343
0.07755622587517996
0.07895823466161708
0.07805165201976735
0.0748994433255625
0.06973095459954357
0.06292371142001744
0.05497422831290585
0.04646015349470345
0.04019155517215619
0.03678903905808939
0.037096068294236915
0.04175122551422254
0.05111256110252649
0.06521660624304464
0.08377829111166672
0.10622979626734956
0.1317880529022386
0.15145269525952615
0.1381252552492211
0.12803462589092746
0.12047461967221304
0.11462268310429477
0.10963474382602367
0.1047399088970937
0.09932440249578309
0.09299533468651255
0.08562130223640423
0.07734760739516382
0.06858548436559994
0.05997623412567858
0.052331965936814884
0.043897646892226416
0.03616971013293002
0.029741700799146842
0.025098071960779438
0.022576248929105
0.022340768764691675
0.024371322745963542
0.028465471999948682
0.03425574117513153
0.04123975462565155
0.0488210947743369
0.056357694112274356
0.06321390548671832
0.0688120213185021
0.07267899822925214
0.07448451037764889
0.07406717489064019
0.07144679739992166
0.06682167830793155
0.060551293120377214
0.0531258972524253
0.045125698008464485
0.03772080205382463
0.03097022309301386
0.025431974018608566
0.021562959093921107
0.019683024189879144
0.019950232279842273
0.02234914104791023
0.026692867240102152
0.032638713793770965
0.039716145527716185
0.04736496225214548
0.05498069208896228
0.061963591772471835
0.06776727832691547
0.07194298960251774
0.07417580091173641
0.07430978782214326
0.0723600592166059
0.06851070178428546
0.06309887518860655
0.056586468314422565
0.04952176691179829
0.041909157595295864
0.034922834282210734
0.02909034890470989
0.024842497347054387
0.022479521212755798
0.02214802974027874
0.023830295231937287
0.02734662638835798
0.03237056008164504
0.038455671077553176
0.04507191632566243
0.051648662162105216
0.057620960711099456
0.0624753206587179
0.06579121200488203
0.06727487168762018
0.066782613861107
0.06433173639421845
0.060098169916817754
0.054401142308125136
0.04767622713977904
0.04043911226297603
0.0338099298422188
0.027761414074697344
0.02279014784073145
0.019302960055505768
0.01758485631499329
0.017776924140773625
0.019865820072962708
0.02368555552252146
0.028931386499922256
0.03518471718901128
0.04194708665790581
0.048680575067773235
0.054851408057883064
0.059973224610440634
0.06364645540823222
0.06559055300422094
0.06566640206501292
0.06388706452658952
0.060416003831541186
0.055552994509780095
0.04970896230770794
0.04337192312258172
0.03918614180266585
0.03793413010007537
0.04034627861447797
0.04695032205633517
0.05800226598636734
0.07345350164091324
0.09295884446068456
0.11592213489986977
0.1415677482926738
0.14373997088112767
0.12951690132629018
0.11820213138474867
0.10912788288523934
0.10155535247623526
0.09476829853717061
0.08816183103214248
0.08131568975648855
0.07404405780538748
0.06642000930973835
0.05877165075746149
0.051650644103942156
0.04577503078862177
0.03884663961229625
0.03252311878115718
0.027312369312946783
0.02362026122073683
0.02171568985536295
0.021707929912031337
0.02353808138933211
0.02698521399005782
0.031686611054484635
0.0371703542594611
0.042897438826624744
0.048309753222326265
0.05287968783853699
0.05615693748885542
0.057808277405269615
0.05764671545119264
0.055647398813634306
0.051948881355072626
0.04683971826576705
0.04073171028485423
0.03412233878146913
0.028172355708080226
0.022784118780982226
0.018436535793252367
0.015513704036045536
0.014271673959614558
0.014816678019778744
0.017096576374488102
0.020906154817949923
0.025905769222359654
0.03165172653168532
0.03763578938547082
0.043330370479402844
0.04823543106668808
0.05192289286468051
0.05407455727468573
0.054510096641933736
0.0532025886149327
0.05028021624322587
0.04601403927756968
0.040793028624423654
0.035088720005269455
0.029403669821885248
0.024252876025575208
0.020092233964612388
0.01728745541627108
0.01608240216849947
0.01657833015392407
0.018725720867368383
0.022329310702050947
0.027065837043800944
0.03251296407148293
0.03818689473651068
0.0435853954798147
0.048232438511096785
0.05172047446766692
0.05374652573879257
0.05413883397735186
0.05287165661366907
0.050066901358917414
0.04598250676646709
0.04098869977073409
0.03553436797005168
0.03009766445600267
0.025169338491647375
0.021183590054948596
0.018488791852814823
0.01731730547992305
0.017765685517853923
0.019786876698184762
0.023194990863021164
0.027682205794911468
0.03284631818914974
0.038226570535005264
0.04334463020829923
0.04774710517068774
0.051045800682771134
0.052952092004741234
0.05330230535311916
0.05207181838506991
0.04937663172683423
0.04546232221562826
0.0406814515211527
0.035461556804827585
0.03281972795032969
0.03327569763760271
0.037482000661860915
0.0458817889291339
0.05864352303337761
0.07563545284840878
0.09644327747879175
0.12042543142060566
0.146793110493799
0.13052101796196353
0.11540174803743661
0.10300084873506662
0.09267805123435077
0.08376553965307862
0.0756623340496515
0.06791902179086262
0.060298945868872966
0.052813626778731027
0.045726891298037975
0.03952759616511907
0.034872979548411696
0.029647139959628387
0.024952349114287047
0.021239216770138625
0.01886009730244313
0.018035469560866806
0.018833295762456147
0.021163204118032446
0.02478595393493673
0.029337235470736266
0.034363525982829546
0.039366569541620475
0.04385218221960678
0.04737861178926347
0.04959967814896715
0.050298410266233495
0.04940783804346982
0.04701689553258855
0.04336090540136247
0.038797679020273756
0.0337717128655457
0.028760996479094508
0.024256359229550828
0.02068755520932719
0.018390688810143906
0.017576127589045143
0.018308791044277333
0.020502582322374046
0.023929404570530353
0.028241857455667912
0.03300743658327351
0.03775095740656542
0.042001101345837864
0.045336534304026475
0.04742704739086612
0.048065637355000544
0.04718834239206845
0.04487988512434926
0.041364615835096284
0.03698373912786009
0.03216118514778284
0.02735257590476603
0.023026467020325996
0.019592894090377604
0.017372592859997704
0.01656636356333822
0.01723624108789401
0.019300163789919094
0.022540566198300804
0.026626032161116885
0.031143927430971424
0.03564087943035532
0.03966718759064791
0.04282082337102996
0.04478668085752184
0.04536718579906914
0.044501227185588244
0.04226955325925116
0.03888614706015352
0.03467651652846848
0.03004514763987165
0.026163952032727627
0.02273816840392795
0.020160965358674104
0.018741191304948262
0.018673713378100275
0.020020945004989115
0.02270724742329422
0.026526680516525035
0.03116333932574674
0.03622233499943728
0.04126845616575725
0.04586877627895096
0.049635045039219304
0.05226168201978983
0.0535555987592364
0.053454880014627656
0.05203447436008757
0.04949835947431369
0.04615901638811611
0.04240632210640879
0.03792264063760505
0.033884469788664405
0.030670825069492223
0.028578247608885277
0.02779245533241696
0.02837090501552194
0.030237840626341682
0.03319222642801416
0.03692776503459043
0.041063069962994546
0.045179089547112694
0.048860157156121464
0.05173465534687912
0.053511287296386656
0.05400736368113076
0.05316630379176439
0.05106263574267393
0.047894046583967786
0.04396134232048099
0.03963838940396832
0.038372311877375075
0.04035453476304389
0.04616424619777293
0.05616494546225648
0.07044329631453647
0.08879142355122753
0.11073450246268805
0.1355960823242891
0.14337203720694303
0.12481277196853824
0.10934666370747545
0.09644834397326052
0.08551550796439211
0.07596628060707675
0.06733302682747577
0.059336234608006376
0.05193103951023459
0.045320668402084416
0.03993427327136053
0.036371314256364494
0.03201015914559865
0.02812001214134404
0.025098068600130273
0.0232455698429516
0.022735945630876036
0.023596860668354352
0.025707956309518425
0.02881444120618563
0.03255504560776483
0.03650135346955204
0.04020430620546005
0.04324286834555824
0.04526956907941915
0.04604794174995449
0.045477759820061935
0.043605320179078144
0.04061769616803953
0.03682167531282606
0.0326097970916317
0.02840826563763795
0.02465659827425082
0.02173438864345123
0.019929569962329752
0.0194079523006017
0.02019604642333306
0.022178891504140246
0.025113036198009163
0.028653252639872877
0.03239012668778148
0.035894501559218805
0.038763985879226956
0.04066647534434605
0.04137593300645652
0.04079651079244444
0.03897238610856354
0.03608228301716902
0.032419358805065676
0.028358760382103942
0.02512952548726614
0.022325715509118143
0.020312085519945122
0.019366674476715882
0.01965121052863561
0.021194137045619232
0.023887984978266573
0.027501317159034182
0.03170395679182629
0.036102818363042966
0.040284517621504055
0.04386017524111811
0.046507548808497244
0.048005884061423365
0.048259657307210824
0.04730860562407106
0.04532296934080786
0.04258452216485391
0.039455542450187085
0.03550830193885339
0.031978179065983624
0.029217444731049667
0.02749336002463687
0.026959881440832834
0.02764169594602369
0.02943218800156781
0.03210548061502579
0.03534122963745575
0.03875951406443645
0.041962083196336875
0.04457551394104457
0.04629159276858234
0.04690051413400287
0.046313264892528336
0.04457076073791366
0.041838778405727625
0.03838931219516969
0.03457048743727524
0.03075959615660836
0.027347418079678814
0.024670864568376305
0.02298557618619431
0.022438848531714333
0.023054349227855098
0.02473016247854639
0.027250299076427658
0.030308408059721386
0.03354114636453909
0.036567628071795255
0.039030699421414204
0.04063555905404322
0.041181509210513154
0.04058336746244636
0.03888021200647611
0.036230545443993366
0.03289447623808266
0.029204954469094213
0.02996500216063569
0.03422897213363548
0.04251351399682209
0.05510576838336649
0.07200527023833503
0.09291530400901193
0.11728352739143688
0.14438097813936476
0.13111824400190636
0.11297161811156235
0.09791509389866115
0.08541501077389695
0.07490469786087584
0.06588891669756644
0.058034598521390555
0.05123354769918709
0.045627931423279
0.04159471371338338
0.039690399404101094
0.035903657133053254
0.032550154329575864
0.02999173600561289
0.028492641981522536
0.028188396044585933
0.02907026135634779
0.03098699062384062
0.033663579589208736
0.03673475510071189
0.039789196669054824
0.04241919760118137
0.04426978561214194
0.0450813534744952
0.044720619632143875
0.04319616592635356
0.04065670713768751
0.03737238791848304
0.03370149575200469
0.030037696754438202
0.026788325324241247
0.02429968012730673
0.02282467907809116
0.02249307180867651
0.02329654903870419
0.02509040731879279
0.02761149177269384
0.030510244334510106
0.03339302570841862
0.03586964258848931
0.03760035672599342
0.03833668343439308
0.037951024076366045
0.03645154235743797
0.03398051835630893
0.030796461328723344
0.02724226402903892
0.05661303574405937
0.08286003062273617
0.10334840333517523
0.11614811594808798
0.12026351674185846
0.11574937259780668
0.10369892330496788
0.08611200692879259
0.06564271553278915
0.0452829443776794
0.02799890334964269
0.01637402744359029
0.012298368758207334
0.016750320537944157
0.02967514258151227
0.05000075654600904
0.07576927066555328
0.10437590839179112
0.09623189351297654
0.08862044504681996
0.0819623355091866
0.07655847849030821
0.07255496313620491
0.06992717289831918
0.06848474555538497
0.06789652824594392
0.06773221752517841
0.06751537508900544
0.06678123280653629
0.06513226542649113
0.06228492850656686
0.05810213936804087
0.052607858425223385
0.045982283405602106
0.03853846173480539
0.03068329541470849
0.027524842273827788
0.024821528923964314
0.02296204606114331
0.02223233087805384
0.022781242250289695
0.024602920178689407
0.02753796812137425
0.03129325556401941
0.035477830315583755
0.03965046816350386
0.04337301999449835
0.046263092233270006
0.048039758498916174
0.04855689840058649
0.04782026845232786
0.04598634882727437
0.04334315823253869
0.04027534924753533
0.04188009064007255
0.046812770310530515
0.05518905741749477
0.06709543471648446
0.08258371035104628
0.10165781127363753
0.12425433104674292
0.15022260082623437
0.1363202710537159
0.1163471930171626
0.09818118946140024
0.08187610033863295
0.06755493601392401
0.05539501112428051
0.04560476244366304
0.03840335067729943
0.03400201965520415
0.03259055234398974
0.029507342271656856
0.026924483182325654
0.025262825165150254
0.02481770609451465
0.025719295479155933
0.02791544049111916
0.03117932379044249
0.0351407940311671
0.03933696276839834
0.043275060695858736
0.04649896591951771
0.048650434302396905
0.049516877520686495
0.04905940027599014
0.047417461291998086
0.0448896197246379
0.041892981553015206
0.03788363582299855
0.03436617437666416
0.03174766994408015
0.030311906698694917
0.030181559128933576
0.03130236843905806
0.033451399462186934
0.03626811610466722
0.0393038719259418
0.04208293843347607
0.04416672213629273
0.045212514479797315
0.04501896777268551
0.04355234268184738
0.04095016657312878
0.037501939722771424
0.033609551700573934
0.030755888241998375
0.02836842092640272
0.026839484009646235
0.02644445933742671
0.027304801670971122
0.029372027665592326
0.03243482215377791
0.036148207456445466
0.04008068039582202
0.04377279626250989
0.04679919969728071
0.04882573752643634
0.04965404244250071
0.04924771315693466
0.04773669140227865
0.04539932751474944
0.04262457103249573
0.038818068610160614
0.03547018829916242
0.03296060461362623
0.03155402442050241
0.03136491414148124
0.032342734700761544
0.034279625332503394
0.03683936389215474
0.03960350589604145
0.04212829677935311
0.04400457456673816
0.044912587326189635
0.0446644365993711
0.04322858410992244
0.040733279899318374
0.037448569971864076
