0.013617152692561156
0.014157537539134162
0.016721879209095132
0.021223594857964587
0.027405043654724612
0.034843917251834194
0.042986890857858194
0.05120773063163439
0.058879222528810914
0.06544352070068817
0.07046626967632408
0.0736657440238413
0.07491629233059312
0.07423199872255853
0.07173957034243855
0.06764902610221601
0.06222818420544036
0.055783819589494556
0.04864974202463082
0.04118030144913059
0.033746869512233615
0.026734419405163443
0.020535219038215678
0.015536807434349131
0.012323591389175841
0.012810893439872767
0.015478419908615332
0.02024724033163574
0.026848843723960944
0.03482959883112753
0.04358711256991222
0.05243573657298778
0.06068872911814954
0.06773853788196546
0.07311758799553844
0.07652934897698177
0.0778494109623249
0.07710424028867405
0.0744386570635345
0.07008211739604953
0.06432049734081027
0.05747627862888203
0.049897042042178645
0.04195031269954624
0.03402186413049612
0.026514208555542765
0.019841900401002727
0.014420380446840238
0.029059597620224684
0.06774027983586371
0.11000555156391342
0.15510183704799263
0.20176204804314604
0.24836250423702372
0.2931880750467622
0.33472795702354985
0.3719064659561393
0.4041877384815787
0.011889470062738133
0.39513429247075615
0.35489960996505826
0.31614046013688835
0.2797469043473289
0.24621918215872676
0.21566909355045066
0.18786881993420765
0.16231853083350303
0.1383128477051727
0.11499795478705338
0.09142088632964362
0.066578985704032
0.03948102779084434
0.008902122745558537
0.009336167611169031
0.012563052697853856
0.018503597213185938
0.026795224034639308
0.03679524467974252
0.047642759061933326
0.05837291497728571
0.06805597917402509
0.07592276716751424
0.08144455617590067
0.08435543392130428
0.08462613559867276
0.0824105319111278
0.07798659286155904
0.07170693220845377
0.06396557837423986
0.05518104637983375
0.04579206913466284
0.03626083778471577
0.02707822231972988
0.01876536524011395
0.011865919805190014
0.006965969733590663
0.0072498269749319555
0.01059998340796832
0.016963267008367894
0.025962243001834733
0.03689161960551224
0.048786823599128615
0.060558890520890085
0.07116130509384581
0.07973942249949809
0.08572194152189733
0.08884057841944173
0.08909160051680008
0.08666735056599356
0.08188499758629783
0.07512994642732387
0.06682038821857743
0.05739174264914281
0.047295911301178634
0.03700910180473057
0.02704197031907688
0.017945899607119634
0.010308951672978448
0.023164975789226036
0.06282324056733832
0.10787011479113888
0.1573100343197436
0.20921913944783507
0.2610195135709568
0.3100095317671812
0.35395004065093916
0.39146383478760804
0.03136035816449764
0.4031459669925318
0.3560262981388375
0.3109221823927192
0.2694127491816433
0.2323962202961023
0.20010928281710733
0.1722482636355169
0.14811375052322362
0.12673105544042515
0.10693193602329364
0.08740475593648699
0.06673172172040216
0.04343819877050559
0.0017393064921965573
0.0016562429796945777
0.005717383478548596
0.013933980794885753
0.025784275556821428
0.04019077135614346
0.05565140246601238
0.07050956006362932
0.08327254965903305
0.09285938427053678
0.09870153025477263
0.10069905165258108
0.09909203357206497
0.09431688639378272
0.08689340552984592
0.0773584335954266
0.06624189318626034
0.05407295068611642
0.041403519240889676
0.028838235770503526
0.017061376615553597
0.006850606081155647
0.0016546327708780728
0.002196969275623406
0.0019499298134185994
0.010896373160969225
0.024110893404987642
0.04036508402287299
0.05788460388841417
0.0746953600658983
0.08903954003403985
0.0996908288057462
0.10606393156499605
0.10813189586265406
0.10624347691607028
0.10093682899103135
0.09280493420482225
0.08242538902420488
0.07034299184793522
0.057086908766498065
0.04320644340227835
0.02931354589710035
0.016122543894506125
0.004476833766411448
0.012438879935180863
0.0515000110938682
0.09947508266266147
0.15518145622341162
0.21543852862816562
0.27556178858639974
0.33066252607999735
0.37708177970457246
0.05132979146414862
0.4045607158826585
0.3451511434214536
0.2888432931183475
0.238691518666394
0.19627051845364707
0.16184667097359756
0.1347848461951224
0.11392695537906486
0.09783502806489083
0.08490000436049813
0.07335729130071088
0.06125509837160242
0.04642151678949791
0.010424971900944213
0.012573784579905212
0.007832581817813405
0.004315110887180507
0.02316099591492779
0.04655845429924685
0.07127221999601457
0.09386109417804914
0.11164637201328778
0.1232430708975254
0.12849066325943875
0.12801728439089716
0.12276868586263301
0.11369049381112253
0.10158906917630672
0.08711905419780586
0.07083923232274406
0.053298002054665186
0.035128805407337815
0.01714602797061504
0.00043258197599826964
0.016122215214583346
0.019988305751075353
0.01569873080041817
0.0022581897078159385
0.0197404445526268
0.04767240674158363
0.07730368346456845
0.10410829067414723
0.12473033884017626
0.1376955337072887
0.14316323297458267
0.14219379292084527
0.1360753618481389
0.12594221035468078
0.11265565158490323
0.09683767517291278
0.07896973745926654
0.05951158130265119
0.03902431040842064
0.018294907152963502
0.001540023608546437
0.007243332871981756
0.024989296787652715
0.07396465833679383
0.139537251883558
0.2160431130839281
0.2928121667673297
0.3586243680698823
0.06814459408780443
0.3863931690572818
0.30147207252380864
0.2233489847296331
0.15846135164191333
0.10877243463671143
0.07333906225945941
0.050030969908535394
0.03652281161772719
0.030643781844477386
0.03037194670726437
0.03366606101466138
0.038223623634568826
0.041202956353601994
0.015873122966692688
0.014339572790785071
0.06725255001435781
0.14342614277459131
0.23397459643114144
0.32179944106009595
0.39092972523099406
0.04010167651888258
0.3341108180665714
0.2367040313355827
0.15497726418538832
0.09336217035140493
0.05073255537522631
0.023908320094315927
0.009603731056989279
0.0050118461791166385
0.007743717163587405
0.015532056197865907
0.025844963973318147
0.035444662130453275
0.03944141094524245
0.05268151688622397
0.04886437807997873
0.023262470081021225
0.02281494179754602
0.07932662984523717
0.13160601797479285
0.16895760922046027
0.1889564030719274
0.19481888793536317
0.20170977175704546
0.33215827117349056
0.2951946163264004
0.14785097880981288
0.12617022921655044
0.10118325554716101
0.07309620657169591
0.04255273253567826
0.01097358118650471
0.03035964947585368
0.0025997458162781983
0.055826511612903196
0.14549222594941733
0.2513298542199708
0.3474517171066953
0.08151301390219987
0.37960020654086496
0.2671972084950132
0.16949705026266398
0.09553021358227673
0.044864689490884985
0.013383780226110309
0.0032520022135651416
0.008612508798872306
0.005605679133132927
0.003077812698640714
0.01443456598123663
0.024601108337009403
0.025122005568751993
0.011852594707900566
0.07987663972298445
0.175393281015081
0.2796780784632543
0.3683476182787368
0.0612623221017044
0.3616064227168727
0.2570822795124157
0.16938926033887725
0.10444563967695988
0.06086395104787654
0.03464783791168432
0.021663577404067907
0.01823595753272906
0.02091662471129986
0.025987498884399732
0.02892843328424169
0.03228904319789336
0.035842742022898944
0.02192166111173044
0.009858318029139987
0.053611287339063146
0.0986697209899499
0.13499519190051967
0.1576426746003178
0.16679552439992484
0.165122490747345
0.155503107932984
0.14010645241406428
0.12037610109496748
0.09736029579957202
0.07210800612591706
0.04604016823266873
0.021257786569096028
0.0005742439628441467
0.05137130473345039
0.1251436458737997
0.21354496800218836
0.30209996975325104
0.37647555594709853
0.04300475483994354
0.36966067529328606
0.2856584582670273
0.21336033400092824
0.15719512381084524
0.11697496658018247
0.09006023759865922
0.07287348307291468
0.06147619774718382
0.051584727175846085
0.0384135154457919
0.011243526170724931
0.008866301317841326
0.006426595713063928
0.032994894486126636
0.06570349340059671
0.09755889010547626
0.12252691358961083
0.13745046826921103
0.14203684235827724
0.13767948508017702
0.1263044660376244
0.10976873354985908
0.08974877373047926
0.06789233737033536
0.04605010650105426
0.026461722305028954
0.002060097588889559
0.0012205287657576641
0.015213892189880687
0.03824118144479073
0.06612056107362466
0.0933773207103832
0.11516202270289567
0.1286364764191076
0.13314806771218998
0.1295434862228884
0.11934907820181742
0.10424855336131263
0.08590775984036472
0.0660233999400337
0.046455432215710635
0.02932668308956396
0.03141264502968741
0.09200078822616516
0.1647868525989289
0.24337592457266208
0.31886664923212027
0.38360470027071325
0.023621706938340342
0.37560401164375673
0.30768832155860704
0.24704730889781462
0.19654455469526028
0.15620982292400618
0.12404098471310887
0.09681443466965868
0.07061017519204651
0.041156146889001544
0.012687902730296824
0.01729589249859495
0.03064886542206184
0.0506880321125277
0.07359808136907531
0.09491121115690648
0.11089550499263665
0.11944503545403962
0.12014961560946164
0.11382132768393438
0.10193771573631105
0.08627467805403101
0.06876432089803226
0.051485775396823
0.03666354638591271
0.018677148770122554
0.023214116763631887
0.035411961059738956
0.05338375442037669
0.07382589345135615
0.09290647738121524
0.10736166382260218
0.11523729427189644
0.11601853873471002
0.11031231766841909
0.09941231800804559
0.08497356803745151
0.06885082990411073
0.05304282786865627
0.0396435866846111
0.05262492194997592
0.11828837418114155
0.19171769660359247
0.26727887260852634
0.33825810000199136
0.399409968341981
0.000763906398618841
0.3683417420732659
0.30597542032336617
0.24926574678445695
0.19983560702317
0.15707770540600705
0.1186863019363054
0.08130509554533813
0.041138733669898175
0.02829297608754905
0.0332829274577188
0.04508606256923334
0.061576984373359296
0.07946028858297449
0.09518513943291579
0.10592698567851705
0.11017399371160136
0.10777266146350384
0.09962164677260238
0.0872935480011581
0.07275104428707896
0.05817299606814197
0.04581394136345929
0.03257614715360729
0.037335481352123334
0.04826937781699214
0.06342050894003345
0.07982175909317417
0.09428089579829566
0.10422131239248689
0.10820867547614027
0.10603226137205601
0.09847421655714184
0.08698816044115606
0.07343241147098921
0.059883075335366104
0.04847128416329477
0.06844507665778887
0.1389797677183316
0.21472576566865084
0.29033011533529257
0.36005554556683217
0.04905555478906676
0.4164327737692104
0.352953332792371
0.29156620135151423
0.23494511931815107
0.18366338737430338
0.13630749350427607
0.09006222447594339
0.041473148803425786
0.03986129406593686
0.04492579683568193
0.05577670404387411
0.07017776452156044
0.08499020936091692
0.09705816476714646
0.10405395296807468
0.10493285056748075
0.09993179230010407
0.09028975663287425
0.0779055997182019
0.06504134168841463
0.054057799049800626
0.04294126502742296
0.04776251743540422
0.05793586054824984
0.07137773297181309
0.08519481364570056
0.09647421636950437
0.10304193080128843
0.10388993695448812
0.09920411423830522
0.09013151334828512
0.07846893189950241
0.06637247016491118
0.05608630032600914
0.04599245894407428
0.050586550823484955
0.06015787357132896
0.07275716162826418
0.0857016904668893
0.09628753908633292
0.1024763593656901
0.1032972369981493
0.09889560054161128
0.09033807158520565
0.07932773836462065
0.0679214219397179
0.05825545965740864
0.04862203330923237
0.05300781038901303
0.06204290865616832
0.07389641103798791
0.0860678882511022
0.09603489651381364
0.10187982365558745
0.10266884139424443
0.09851592273967236
0.09041795262482222
0.07999299614002064
0.0692057929129696
0.06009318478821779
0.08573189506432316
0.15984642236809649
0.23657892499656932
0.3112651362599018
0.3793599031888566
0.017758040218309012
0.391044407818665
0.32769425413713243
0.2659653782375907
0.2073245597937758
0.15139394041209323
0.09625108387244757
0.03916702697955182
0.0537232702409462
0.05842723815755263
0.06770887879180287
0.0793931473801127
0.09067559679895679
0.09892598251332146
0.10238697841387456
0.10052205059565561
0.09398800576690278
0.08436802714923954
0.07381178281660156
0.06464948273084314
0.056149217553604414
0.060655634170004524
0.06948507893254886
0.08057763176084852
0.09128805291629064
0.09913078217426735
0.10243222126069645
0.10066691637011255
0.09444724587848552
0.08528094843152427
0.07522751397918225
0.0665194869758331
0.058319958380633585
0.06264380992969648
0.07106179207265641
0.08161785937316735
0.09180911831469124
0.0992799059569941
0.10243331987575371
0.10075600108783722
0.09482148748483149
0.08606879205432097
0.07647384720204675
0.06817866332798395
0.06024531784918824
0.06440150957377316
0.07244541171631504
0.08251456270631341
0.09223362200259808
0.0993639807040147
0.10237928681863967
0.10077914896022999
0.09510330452901716
0.0867282787368459
0.07755264471620524
0.06963433260856444
0.1001633691185877
0.17900955793113102
0.25865904164228454
0.3345896353827338
0.40280014911965994
0.017635374891041444
0.3608471099595367
0.29435970458727545
0.22911766349426388
0.16564732629007095
0.10277079025237135
0.0382617053806551
0.06500315621949515
0.06954179463735577
0.07800828320049023
0.08811408349453119
0.0971051049273951
0.10261424270215169
0.10333014358173609
0.09926826963149882
0.09165281849715372
0.0825470716304216
0.07436070348454793
0.06667866353835383
0.07105536288574338
0.07918537173825015
0.08887793152589986
0.09750118752747783
0.1027889305273958
0.1034782055450078
0.09957612261886073
0.09225618550226888
0.08350644025158928
0.07565050255962835
0.06853170692021793
0.07275797985544141
0.08057821510925116
0.08989143040537056
0.09817755720508686
0.10326308326738348
0.10393022637069532
0.10017903915126913
0.09313610690301144
0.08471897101176724
0.07717050646948709
0.0706158668428527
0.07470137838017127
0.08223445690137542
0.09119729819304408
0.0991728565608967
0.10407328021767737
0.10472298637932859
0.10111580715848612
0.09433445594478133
0.0862299924889148
0.07896922643850518
0.11354130398387335
0.19835080048358403
0.28243973467660444
0.3610877809899231
0.03136103306725546
0.3975029911816046
0.3267222175022684
0.2550356029603196
0.18389728360819846
0.11291074656910524
0.04030126088889047
0.0747391687379757
0.07928838035846464
0.0873598722873014
0.09639826881255026
0.1035473457983539
0.10664167705339606
0.1048835384580819
0.09900124795272455
0.09094435566831902
0.08328699404736334
0.07649515193872436
0.08090462541693566
0.0887065713720041
0.0974372426523887
0.10434450388164496
0.10733804123321672
0.10564298460399035
0.09995964474535912
0.09217435203363228
0.08478086832564169
0.07814210855941822
0.08242047194435986
0.08997047395433778
0.09841358646453308
0.10509443161548959
0.10799291713578946
0.10635607827979021
0.10085849728795745
0.09332729663597687
0.08618058695569802
0.08103477888996719
0.08519084105375985
0.09250665584534713
0.10068457874850567
0.11418293997619439
0.09588374707445502
0.09669208717257338
0.09741166103837828
0.09790329945356291
0.09809410868300555
0.0963566598363863
0.0961060272872235
0.09602727013530639
0.09622806174865467
0.10386517487792984
0.08307502371116399
0.08630662816296103
0.09314619423239462
0.1014942143401628
0.10884744281609243
0.1099295488696822
0.10538483595889697
0.09804617411175025
0.09037181441544137
0.08494108345455093
0.0835585540545814
0.08666918674164986
0.0932865895778967
0.10137984567819629
0.1085185372009857
0.15488957954255156
0.23594957795754526
0.3095999614170041
0.3769514039043475
0.009257098641129002
0.37330017592489945
0.2955073796169414
0.20905610253742055
0.11671682583852135
0.022397029824407055
0.11248883702768209
0.10745532294287827
0.0996309419308467
0.0921723819997653
0.0880892166318335
0.08901206043372262
0.09460013551540081
0.10277799465939202
0.11057449546577414
0.01210196782025962
0.01064554551670243
0.009231932976867419
0.006923246954373394
0.004734630351022701
0.016083507034787003
0.0009350347847133511
0.004651715820211094
0.02648681529380864
0.013598722896832283
0.018884340874948058
0.038948768552515445
0.039914548658915194
0.019068036190317217
0.028354266350732238
0.024013167620167225
0.0007182592340682081
0.016675899294311715
0.011782242342869759
0.016985194349042526
0.00425173220407099
0.026554639478511277
0.030703641014112604
0.005378825301847467
0.037797424484252384
0.04116624157701221
0.01268665231906746
0.04711191414644933
0.04963829308788614
0.052242404221833794
0.05446385763797146
0.022428644696150135
0.05897804994362815
0.06115608901503461
0.06309307079965687
0.06480090995225407
0.030086910125492694
0.06930196383031328
0.07081245119200397
0.07253647228922266
0.07452480951602769
0.03589663444737207
0.07849480051199326
0.08016508788606469
0.08172934395123177
0.09800439341567935
0.11302021026234749
0.11257742084413058
0.06977650397543456
