0.004505441127949261
0.0041820179617158
0.003937450793613406
0.003763784608996179
0.0036485389911189436
0.003575542214010907
0.0035259962471814177
0.003479692019575875
0.0034162889673872154
0.003316575440348135
0.003163635126913089
0.0029438568759627692
0.002647738785816145
0.002270450424834758
0.0018121286762449174
0.0012778930676926592
0.0006775764212094693
0.00002517745996977183
-0.000661945309441414
-0.0013641041404086618
-0.002060485991919103
-0.002730461983867949
-0.0033549198970022065
-0.003917527792327791
0.08541962700162209
-0.004405835037507244
0.0667397204552449
-0.004799116361193123
0.049120949025748706
-0.005135093852676187
0.03350737624349098
-0.005377670293996273
0.0192800321484774
-0.00551700123502985
0.00662756877159465
-0.006098635312155598
-0.00501223233110093
-0.007323881512285135
-0.00836235515677064
-0.00967630036317213
-0.008729391732386516
-0.010284432482125072
-0.007362219120844671
-0.010191270731832347
-0.005085198364834342
-0.009601979243646364
-0.0022577282382540975
-0.008723494300395984
0.0008880000934683441
-0.007689730840453546
0.0041843126348288795
-0.006617222798282363
0.007493244818920219
-0.0056067710428193696
0.010698854450308604
-0.0047450876926047325
0.013704708464188364
-0.004103387421359739
0.016432515542205817
-0.0037365272368808933
0.018820339627745764
-0.003682813979943189
0.020820884384072036
-0.0039643666267003
0.02240073055239522
-0.0045876409921041805
0.02353082889490321
-0.005544285871765364
0.023843735157694113
-0.006826512053928591
0.02003644802643434
-0.008509572180438685
0.010970549019257092
-0.010380630517631495
-0.0044241219534914
-0.012331639707975794
-0.011877808859827588
-0.01384189151964188
-0.016041968166527143
-0.015543304775575972
-0.017539622731181037
-0.017199807647250376
-0.018237380795214753
-0.018905111281060094
-0.017759043995173585
-0.020741378683648115
-0.014579967703322816
-0.022596821434065606
-0.014454158963424057
-0.024115136191735775
-0.013599682770085497
-0.024533742341170006
-0.011800323578033955
-0.023982835036098327
-0.009102833020121937
-0.02262432111204793
-0.005763322659596781
-0.020688073733309498
-0.0020320311558136295
-0.018398819273288458
0.0018702296008106245
-0.01597183638389632
0.005765348974546836
-0.013602062183277308
0.009518384607141162
-0.011458488565377234
0.013032773531457265
-0.009680733201574032
0.01624117602661923
-0.008378598258961478
0.019094235174789365
-0.007633665644242171
0.021545034689123055
-0.007501968036286888
0.023475764444303993
-0.008019430283710216
0.024378601352892604
-0.009217383856086725
0.02346592666288183
-0.01111137399380091
0.022338710308851484
-0.013670255619758764
0.022204093424752047
-0.016686501021027755
0.022744251774794444
-0.02008958869049504
0.01117564859748943
-0.023494245748252762
-0.008608218699267756
-0.026986131493730192
-0.018414637509706844
-0.0296788659219136
-0.022225913928070717
-0.03258253805655187
-0.02333506470051172
-0.03538271319786823
-0.022948993914100657
-0.03767541052490064
-0.02251476931351859
-0.03904778704749412
-0.02129395330866557
-0.03916717080448073
-0.019125010730794645
-0.038030301712047354
-0.016039811054275654
-0.03579710131832514
-0.012258136584446966
-0.03273606626978154
-0.008051294322290348
-0.029156661855144428
-0.0036808019369513056
-0.025370684270572208
0.000639472641176031
-0.021664103469715257
0.004756072476637785
-0.01828106457801537
0.008571917475987512
-0.015417712679814954
0.012029692589505592
-0.013224117779345068
0.01507980264274389
-0.011811635000899212
0.017609107957354375
-0.011263942672558258
0.019357886257026724
-0.011649298518823348
0.02006454845704808
-0.013026475226794787
0.019798888109003876
-0.015419018427496933
0.019159134989247262
-0.01878498325942135
0.017698825642732174
-0.02296441085211609
0.016402904512225813
-0.027781982399548433
0.010949697753079635
-0.0330250897618678
0.005294206935519519
-0.0382355846526371
-0.014473578389660346
-0.04306515388819521
-0.0238540684273576
-0.046738010176600175
-0.027646028570739833
-0.050277717041606884
-0.028830377908580784
-0.05300689062474073
-0.02864981269411704
-0.054410069272730066
-0.027235128937948216
-0.054208911960095696
-0.024699207739601325
-0.05239987566320137
-0.021205624220409502
-0.04918350226236956
-0.017016908897196648
-0.0449022044846793
-0.012429111883623056
-0.03996661513641531
-0.007713227170542458
-0.03479428388344419
-0.003073343676441853
-0.029763213031654745
0.0013675569497979545
-0.025184512458456654
0.00555579239112447
-0.021294188811243342
0.009470569036785115
-0.01826121907245737
0.01306561004722151
-0.01620671240796434
0.016214755197724973
-0.015227992785195044
0.018725019609904248
-0.015418485068142584
0.020463418627895136
-0.016870278413918527
0.021413569872578586
-0.019645825510942072
0.02164689872140202
-0.02374011586350555
0.02074523925733529
-0.02905167134394926
0.018616197178787708
-0.035365346677090015
0.01637111702541727
-0.042334723078893854
0.011359205813106454
-0.04959293598033243
0.0034901993570397583
-0.05632296117268443
-0.02063196784822008
-0.06210266765281536
-0.030304287122117857
-0.06582241286014123
-0.034723189910308316
-0.06888102196610668
-0.035856648273187575
-0.0702855659254289
-0.03492585803132253
-0.06970576449663568
-0.0324514205729286
-0.06711560802327576
-0.02886274944399414
-0.06277865966520357
-0.024556624095655843
-0.05714482805620835
-0.019898934054536244
-0.050756574447262004
-0.014655877394891048
-0.044159970098835766
-0.007708774380931205
-0.03783391487308596
-0.001497839764078135
-0.032116679379951996
0.003662349929260733
-0.02727853048258977
0.007538595949188487
-0.023494817660071554
0.00994527586260352
-0.02088075646547849
0.010731050223801386
-0.01952840872812822
0.01357328191861673
-0.019293273631740604
0.01656644156974396
-0.02062106488263704
0.018865331131811214
-0.02361505545397491
0.020216642003113794
-0.02831104037500176
0.020349816593376424
-0.034677198864363046
0.018993480009171115
-0.04251856988307745
0.016152334469652585
-0.05140043776543013
0.013599354658818008
-0.06068775519336023
0.007718596081715656
-0.06968577022303024
-0.0005805595705508093
-0.07725827615167735
-0.028460342814578765
-0.08283617573117719
-0.0389914221019807
-0.08560293600812019
-0.04387048056702281
-0.08685181928278918
-0.04456533694372977
-0.08572406824683942
-0.04273860967871501
-0.08218906973132323
-0.03876825576858556
-0.07657296000942582
-0.026154905475181067
-0.06966805825648259
-0.0043298285363523314
-0.062089008249946454
0.027321648152075273
-0.054378307444216234
0.04239607424048697
-0.04651051219763169
0.05282244710112338
-0.03957800067095074
0.06025962731016454
-0.03379923110113192
0.0656503423031376
-0.02931101100824729
0.06449870691908677
-0.026313845440109285
0.05490058795241626
-0.024929327850070515
0.031114112015688367
-0.02532571513054882
0.019687940712506347
-0.025764768069757693
0.014442509040548224
-0.02818902494501896
0.014916299468050287
-0.03250620224859757
0.01488783438903618
-0.03969021543307161
0.013620530043265688
-0.04899849529429079
0.010707260057087886
-0.0599192157068541
0.005785888090164892
-0.07163530381288408
-0.0035312817107885364
-0.08333064299996318
-0.01707762056374773
-0.09302496392773252
-0.03432134281804189
-0.09985435471257631
-0.04758982424553837
-0.10302564508955525
-0.05380753787292547
-0.1040569597749299
-0.05504079756903835
-0.1022984321046545
-0.0449809469214113
-0.09785950155101464
-0.02216476103438947
-0.09132259195172587
0.010426995100471181
-0.08340486240853329
0.02584406991803312
-0.07395122767667917
0.02899009721613166
-0.06437475634285761
0.038713861985266274
-0.05507190232931669
0.04744272079265599
-0.04697950686073715
0.05420304370115381
-0.04035093799404832
0.0577622223581713
-0.03526904394444674
0.06068514830216176
-0.03178100199864298
0.06509089637637655
-0.029911399723751453
0.07113259811868833
-0.02989303120161413
0.0589580933922782
-0.031436426041797194
0.03181096272678352
-0.035441220361554726
0.014161439286294542
-0.038804097222970624
0.012326303542845585
-0.04413861933474705
0.011196643361463421
-0.05538546357955043
0.0063830140297378435
-0.07026193923167945
0.00891673736370957
0.008277813744010931
0.04841334669096353
0.11962588100111593
0.10178766382496574
-0.007533605724467707
0.19317912734775922
-0.03587380180279065
0.1292327248818368
-0.021412555118914378
0.1381089270348872
0.15745934541793494
0.015565113524862895
0.30480159532265905
0.013803531986328332
0.009920678287811624
0.01429970137814296
-0.03406524596249294
0.023238661519388693
-0.061198739575634264
0.030236059659186854
-0.06302759432041194
0.03836180924429522
-0.058642628007653075
0.04549981881270848
-0.05209151393293365
0.051160617158506394
-0.045929713556290164
0.05551966062287139
-0.040907557725448296
0.05988480939139906
-0.03726789201859215
0.06398263442737018
-0.03508346329381107
0.06897407977564773
-0.03453278406963323
0.06679134471940751
-0.036232593928765544
0.06206015280049737
-0.040274605567120036
0.03466917957600746
-0.046681569716355065
0.010338721180573884
-0.051251044694470504
0.006410418302722931
-0.048941430958209686
0.008520757645381627
-0.030080256487938217
0.0012716482794523642
0.02393171116656756
-0.012700106109899245
0.08067031013499948
-0.01922758586193951
0.11198876371904842
-0.029144876032932254
0.12003673455326247
-0.01460118276616107
0.13056019426753318
-0.005251143769242295
0.12595925514246487
0.0023153042293264647
0.026080972402889424
0.009432097327245925
-0.02301462145352695
0.01756007177243335
-0.05085058678020937
0.024761240776174365
-0.059188225697182295
0.21845452738583981
-0.062685847228377
0.6566178933774309
-0.008256989569441542
-0.08587213974280905
-0.1756465479944942
-0.15323617680096635
0.25256674188033257
0.04482800848317914
-0.10269044603674682
-0.0877512887009202
-0.04229729451397546
-0.0389568555194304
-0.03607883350520358
0.013542320261567875
-0.020706024919906474
0.018420820492368373
-0.04071512006969058
-0.04500541311044526
-0.04170351006967765
0.008904663558278347
0.010095918758663114
0.05160201345941262
-0.03891814030158858
-0.04181447040389452
-0.04378362607680808
0.012300577799107648
0.01708501112701266
0.05972300810537989
-0.0374101182585993
-0.040417657512045624
-0.043033663399620004
0.020073994157379538
-0.038772761502729125
-0.12378810045175193
-0.037834977223782484
-0.04787016470635619
-0.055913450000848464
-0.34353004426716227
-0.1460936758862571
-0.10917549814316385
-0.03184242034957341
-0.015393242376503968
-0.03245069747712881
0.4984005412116794
0.1549373569311867
0.25488326281729967
-0.07464012157265132
0.09781642265848278
-0.06256567558164883
0.04219179215556901
-0.024463246258329296
0.011954822409458998
0.015341062783974735
-0.009038343885504285
0.048965367927724435
-0.02302748597984594
0.06997355698934071
-0.03002090761328713
0.08040022084880771
-0.025233978247633848
0.07801887767558413
-0.014897107324760794
0.05458915864670688
-0.0037156272473714003
0.00729714147780447
0.007338257620518762
-0.027294251900793265
0.0374761595543025
-0.05084733993042878
0.13966612744043783
-0.06660694078876661
0.229878445407103
-0.06305217272433294
0.24497175202711952
-0.02373985288022984
-0.16310751020135172
0.008734014757286745
-0.09556787082804674
-0.030799799076214107
-0.028462481410345908
-0.03848042235497018
0.004021483855559005
-0.0474786387870656
-0.0744468480777214
-0.05812796995781566
-0.13296359357191323
-0.05967842625768294
-0.13702997204818457
-0.0437669618645562
0.2706424036484245
-0.04684839896549786
0.19140576881580063
-0.07675405913048183
0.10777431341121724
-0.06512260591283692
0.05227313881229012
-0.02948211843456161
0.016631637547175115
0.0011262192758012546
-0.010419877298941671
0.02099964804306853
-0.030009619405750865
0.03130550070861515
-0.0399932767785095
0.033865425720018605
-0.03831500770460505
0.026377901526776437
-0.028144906670390712
0.0075282682367272535
-0.012686201554193088
-0.01802755583672544
0.013318295056463647
-0.039855629629264144
0.23712738208594142
-0.06911724439704137
0.7124588394996774
-0.022818574131768576
-0.06320005412197949
-0.1593293214778394
-0.12703606754806862
0.17697730860312522
0.09683996067872003
-0.10620714493184014
-0.12540309104776304
0.010793672382973352
0.008815512307073892
-0.017713484645014432
0.009460057388484877
-0.06193433640972246
0.003988216578396653
-0.03683313938576316
-0.04041830493647369
-0.02072061217384158
-0.010012217719446492
-0.012986055559194964
0.013498122576918625
-0.046283431707156764
-0.046762257450235545
-0.05810047816266595
-0.01610071616979447
0.01773554497919605
0.028392503612806097
-0.04696129974905383
-0.04938395830737585
-0.05521457594882351
-0.02363816679247155
0.03353023688543422
0.025150415696367112
-0.053375233211842676
-0.056988148525719096
-0.06237626394576923
-0.04793396909924019
0.02126423968986657
0.02817038031151764
-0.0635525314392471
-0.06937085407331534
-0.07298918200435756
-0.04045795396806651
0.008041137710398605
0.039378683078207466
-0.06732961458475417
-0.07426850153287856
-0.0816481426914315
0.014405488772117891
-0.028325852396490214
-0.1363845537593582
-0.06695658276872707
-0.07414579268056332
-0.050118649840300566
-0.3098089483445231
-0.13874071037911695
-0.05537622590469349
0.05754648880312918
0.08937039272140535
0.015911642338718224
0.5724892477179324
0.2402079503777681
0.3256727314830399
-0.07462872014889987
0.1332066051869858
-0.06012693430993199
0.048298802607980695
-0.02555668782230147
-0.002888361953925167
-0.011018773848575636
-0.03466241497669764
-0.009236476298263185
-0.05134108921280123
-0.013534756724666197
-0.052848622599297235
-0.02180874852870196
-0.040296416046015304
-0.033380368203951294
0.0012790619614162502
-0.04841209893193743
0.12224838595062448
-0.06961319845098579
0.2429654896964062
-0.0823573797390118
0.29190701957781706
-0.0456042657722
-0.1238984432922916
0.0068788082305322185
-0.06748557781598197
-0.021325291167905158
-0.038807674442782325
-0.032656772216228536
0.04644549094315509
-0.054360777361305956
0.07056005851376712
-0.06347907570267408
0.06511749617186391
-0.07283797355170352
0.018276917280362515
-0.08355782699302483
-0.048222470400464124
-0.08943140135272754
-0.1156810046808201
-0.04781258229886931
-0.13718830077206756
0.0013129469320467546
0.24781924920260145
-0.014936546685719643
0.17560520958823855
-0.08699402110470911
0.10375012212006651
-0.07661413749511659
0.04067181206837889
-0.04872003815858128
-0.008346381517372659
-0.04273732615721848
-0.04541286580805248
-0.050882960478681905
-0.06659917781351443
-0.061139709788958774
-0.06760594149290622
-0.06876847130509889
-0.04178011785814151
-0.07446809150535705
0.018121392397083547
-0.08279290303340425
0.10796856278470868
-0.09729027538551072
0.16823881229274074
-0.10383248318906357
0.1546314154362598
-0.08678702766920132
0.05888903732847939
-0.06794753761815686
-0.009857993915203922
-0.07417266186506755
-0.04488113826494211
-0.06607059768220236
-0.043404985990849076
-0.06964995319327971
-0.0436425976846222
-0.07445441475256387
-0.0569567516059033
-0.08224927061626652
-0.08087922384437918
-0.09126806520978792
-0.1452158540596471
-0.09215216913917157
-0.09724713065993129
-0.07837071638829585
0.05088058277355745
-0.07832524419099651
0.24490361194753874
-0.10152700466888298
0.2391213999035966
-0.10578354989725092
0.17416117170136536
-0.09386022704966468
0.04512155164863585
-0.08332500916803287
-0.027471315929558093
-0.07825164407139495
-0.09826061930561703
-0.09757700021040883
-0.11931732032900744
-0.01975145798640343
-0.10713007294587074
0.08087823937327521
0.1423527613094615
0.01306283353730886
0.2775317289654753
0.21934864903290507
-0.02677370393585976
0.6424634323738507
-0.019647490895103203
-0.1186560250426314
-0.1748621095380931
-0.20189709033457703
0.13863412651774532
0.02992846187674081
-0.117424146688204
-0.1474214250789352
-0.053276670362780276
-0.07064668488967563
-0.08903341480559346
0.018900571594235194
-0.024457547235245736
-0.03424440236783144
-0.09852367301713194
-0.10384941602761066
-0.10779219237727333
0.024793782456971947
0.011213070705576866
0.014882385159502354
-0.08534026094893121
-0.09790419720391519
-0.10922760140722132
0.04317406114701661
0.027585675114504937
0.03947348604494727
-0.0811678432451719
-0.09283995031821912
-0.10311232684809823
0.05833636546469578
0.03333540429104165
0.05101843087831326
-0.08226921541120413
-0.09125530645084234
-0.09906335653820664
0.06208407927885218
0.029870013158217024
0.056156725094377524
-0.08851852145831396
-0.09516602203104108
-0.10048172574696668
0.053802649324247165
0.02081191615317346
0.05709054060921592
-0.09726610508800237
-0.10298989342934184
-0.10762440799884421
0.03921783397937828
0.01330719680542991
0.061178874636842906
-0.10033177997997555
-0.10882586202141242
-0.11629136402472917
0.04264474840904264
0.026496734571059388
0.06598419045488435
-0.09658227558996901
-0.11350610472120293
-0.12513874595544505
0.06262609582658385
0.0560831668227717
0.06170115720768998
-0.10498255307200499
-0.12434420166553917
-0.1331153221483663
0.07478795678836048
0.010899744935463085
-0.13340626337736683
-0.11968624592940336
-0.13175480614221557
-0.14502912410346602
-0.3317428375517627
-0.11998322721234689
-0.1215570202693268
-0.07189139026402325
-0.07531248575893801
-0.12358728815243392
0.4871878788987596
0.032837642954459456
0.19098908592441388
-0.14311588641008233
0.0006361930301777008
-0.1291021946778359
-0.08563672851603099
-0.10457671798944812
-0.15046597602908474
-0.04197220787906397
-0.13114093219030587
0.022485343958934756
0.036645208071617086
0.045904176443165357
0.16162973292914984
-0.04363428752470677
0.1978008335571526
-0.061970364257630584
-0.1833659057196878
-0.05798222680165732
-0.1661748526874809
-0.10854860762924146
-0.07066411836590725
-0.022628441968764568
0.043012836079990624
0.0816246140807011
0.10189298524886303
0.007276713699784221
0.2855286308248379
-0.00118910873870548
-0.003719598445862893
-0.00019831633917766212
-0.05982982698366657
0.030245587436678267
-0.10404974951629531
0.025728693896715615
-0.03225131581599916
-0.09190979263857246
0.06243497403701781
0.043832798306904674
-0.09744253238599532
0.13559816018123771
0.24274019892420107
0.06878430693267212
0.16885345768721716
0.08398490411786841
0.1193171263783317
-0.09831483325208212
0.2677634047463586
-0.1462703616610641
0.019514428281309115
-0.10485440000497814
-0.0018157692818897564
0.013126420226670987
-0.04614549196972417
0.09172459680281886
0.01724570403987169
0.13873752928199434
0.0948545501354281
0.026826188605796775
-0.05915503420919388
0.3069372065916558
-0.05699951718439811
0.09686940921669152
-0.01710137802413869
0.12411358336564748
-0.002628192474079305
0.12148686474394577
-0.00009345197770627145
0.020896830146096335
-0.0003579184592907847
-0.029478026286872128
-0.017135454669367833
-0.04201110367512806
-0.04619480060413528
-0.004821920425452042
-0.06412794043024228
0.037858307819486514
0.016995848104814693
0.05984854713404775
0.08183561001684647
0.06681225609480368
0.04318133679353675
0.08456992760037663
-0.077530027440179
0.08222778286184806
-0.09796987195062268
-0.0027701945271890738
-0.05922571359116646
-0.034420605547655914
0.002398906802821399
-0.03750169493335109
0.05035138114869331
0.015321844308774812
0.056564357955666944
0.07934026692212037
0.02545364612282075
0.13707793786488365
0.02827622534470109
0.10677648899505532
0.04034579287546647
0.10123210501092705
0.05123076197724874
0.07326811932753663
0.05478018686998376
0.02325449235878696
0.053130686189194254
-0.0071014463919738535
0.04665231204839415
-0.010458363432041429
0.04679600077689994
0.009478636724262746
0.047522987991596155
0.030869904422657468
0.038134849310906827
0.04428237271533075
0.002092120303139433
0.052613651698829145
-0.06332642961571078
0.04586060671493142
-0.07240073619891674
0.015115887912728887
-0.07804109028875561
-0.040045753160575126
-0.06105525460256023
-0.05809032229438671
-0.05270049549528988
-0.041344034144557895
-0.06257788108490314
0.007446928168418188
0.11738447484109304
0.03725745970264249
0.5475042712359752
0.09268883868639288
-0.058871642363339305
-0.23222667184241286
-0.2631001145799521
0.32740299360290015
0.06655534161930543
-0.13340106294728948
-0.19728789859364815
0.07991245547311432
0.06980731983595412
0.061410545523902904
0.04310861095962437
-0.04141015040190266
-0.09960954806214439
0.06031708522856771
0.04467825544100856
0.03986321970377671
0.02930443616849998
-0.003284080214131957
-0.07344345738403302
0.020584754521062898
0.015008534198129642
0.011412288068524123
0.01071069646434597
0.01603190633380125
-0.06783759226606723
-0.0036889412387557385
-0.0006798706527295639
-0.00165276948204085
-0.01056850485455163
-0.02851635202301095
-0.21678356032855262
-0.004363895720903566
-0.006020096025105337
-0.02601914144745665
-0.34351855160651634
-0.1373922141260806
-0.2077963456844566
-0.011812366660411966
-0.012025567329797204
-0.02219605537327407
0.471010344931444
0.09401174961017911
0.22790436230642008
-0.0037365555589481403
0.06655747921483224
0.005877055167045064
-0.02671865240349569
0.0008364372490374805
-0.0730544773445484
-0.029185604275840493
-0.08810598957272553
-0.07240922484318246
-0.10608614562026408
-0.07863315305274021
-0.10713169178096704
-0.05238488104303518
0.020228296766560128
-0.025461215838630924
0.12287956151984969
0.00046055399231414995
0.1581195449987074
0.03727147659623409
-0.15078195194805388
0.07042530823434867
-0.05600692444930577
0.04113819230773452
0.014876416597356279
0.0257175861062493
0.05168149817381229
0.007440767251599034
-0.018374471079514065
-0.009881593747314232
-0.0845548457570876
-0.026846966111301107
-0.10164112225547495
-0.029809076420098446
0.2391879775702792
-0.031716868013334065
0.1575160313623547
-0.029651788519896582
0.055301392911100145
-0.02950077168859433
-0.05615589299165902
-0.04443768308106333
-0.1615340100364363
-0.0741250033911417
-0.1938126118583039
-0.09913958317249283
-0.16938126491994487
-0.09988170365430982
-0.08050885703823463
-0.08002661430142366
0.012044983913891194
-0.05455451314428028
0.06358363111097987
-0.029459101143864852
0.04069924357682719
-0.004351907428417512
-0.07259726763469421
0.013228451607263603
-0.0721599449993574
0.01620042412684697
-0.06307635593604766
0.010499802477688558
-0.07494348021137576
-0.0011132973934449009
-0.11784883808051283
-0.015087503943120084
-0.12030051022863752
-0.028096408501899095
-0.05614398060214154
-0.03716260206669886
0.05956607671645364
-0.04203368136455876
0.08100008142533865
-0.03645319991303908
0.019146259397292864
-0.05585401657921407
-0.06339826353826084
-0.08097878473979137
-0.14686813551049416
-0.11125423342381247
-0.15569990688857094
-0.02803931197811038
-0.10757883117651545
0.08557444802027447
0.13211570839136666
0.013883380640991483
0.31432467461758296
0.036052879739748356
0.050919400722642116
0.035788257086204256
0.026893081166728727
0.017075622636521848
0.00827604422923578
0.016547929911095993
0.004768907487752827
0.01444041492127468
-0.001009372059030511
0.0031035644417420905
-0.009661517560939803
-0.008860645263300104
-0.02052976595422029
0.003591904581771388
-0.031740942488131973
0.03657294625241159
-0.04019918733619965
0.06915839108439759
-0.044283293449451255
0.04559886969382543
-0.05136933027230528
0.002583655211027658
0.01885300784902255
-0.008105765693213307
0.12135908345881763
-0.02327072486004611
-0.15469779760376567
0.3718185003674741
-0.12001023610191908
0.16301013806059217
-0.026866306413707686
0.1665895809008433
0.012124474367347204
0.07010088361052191
0.03685014276945142
0.03243031912099448
0.048759798451330605
0.009366677068720186
0.05629600192474493
-0.0009650548421589189
0.056951653474062836
-0.008890068834914944
0.05674852742401648
-0.017141503631616928
0.05669677302112963
-0.02689517566873001
0.06411687234742303
-0.037114052628829164
0.0632323676783706
-0.04555398733893945
0.03630385609039255
-0.04248396015024447
-0.01180241317752262
-0.018447366712035507
-0.025177025641866968
0.04839078494989879
-0.06875412362549771
0.11564742703771702
-0.11495301789214007
0.17677510616323078
-0.0896096944866096
0.13073680499540297
-0.040662961347512905
0.10268780625354235
0.00027422901282858625
0.056024590630932014
0.026131608909235382
0.026595710446889465
0.02140059148143192
0.00837199207299033
-0.0021216428991730485
-0.0031144003954484134
0.001605351938733346
-0.014458344574239224
0.018878945425706783
-0.022949533646606013
0.05902437256410065
-0.029736837523703263
0.07818205540670986
-0.039301734515911235
0.06747171000733365
-0.04469114571154731
0.0389803176489083
-0.0332171610509191
-0.0002113457402238561
-0.0033081691468110908
-0.03635272064891493
0.042143206930434385
-0.07027062557876662
0.07270053933981346
-0.08776099556171002
0.0915907316892497
-0.07279966412139016
0.07773765412141387
-0.04169811538060053
0.05792480593259142
-0.01542915970922265
0.03383964324365918
-0.007454441985863536
0.0167840047955492
-0.005397123023065831
0.004651178693589664
0.024579967207918996
-0.009639344947177886
0.03624179968034591
-0.020999008796457774
0.04462669413850917
-0.029833059363435388
0.044301083385036355
-0.03553052519878164
0.06499098825405847
-0.03689139786712481
0.06425503751225015
-0.03899793738879964
0.03260861114696323
-0.028925524946399772
-0.013042498807244507
-0.006024464982901989
-0.06555463039464615
0.019654768458131633
-0.07326472607575218
0.03586744865433733
-0.08059177401488204
0.0380358702663397
-0.06948972864899372
0.03154072669055097
-0.05237072498376871
0.021226398255662637
-0.0385461060930099
0.011026058348939438
-0.02799772985614357
0.004288490341027185
0.013728650305730117
-0.007275145814835682
0.043116888077097126
-0.0184916880628061
0.062007491745424526
-0.028957355892149428
0.06734492864217034
-0.037271105607599164
0.062443165359235886
-0.04136983851949094
0.04711306686820649
-0.03990987730236084
0.051410456728256726
-0.03270313969706873
0.022115468516880954
-0.030119580794831236
-0.016173902909025983
-0.01588840203172115
-0.05247552450387327
-0.0030754106542473236
-0.06844950762537927
0.002936253660048571
-0.0747895271677117
-0.002498319567340035
-0.07408801679960964
-0.006734616044823838
-0.0683630522057086
-0.009799635157486275
-0.06430975697860286
-0.009815345147526022
-0.021632857702868602
-0.01467582300973902
0.01660966836252542
-0.02112278833032466
0.04792236610050393
-0.02929516823952294
0.06829226355166518
-0.03787926041631995
0.07603105645606067
-0.04473629901523801
0.07315419728165273
-0.046857667823199334
0.06140348322308187
-0.043002061473473185
0.04433256964540777
-0.03423464740847226
0.01920090613504044
-0.03515402053219585
-0.019504471923237454
-0.03058796970569233
-0.057701671789574416
-0.02707475488464528
-0.09005120754179674
-0.028560635852763472
-0.08631248758158105
-0.03424641118883476
-0.08991880452520118
-0.03865016261188381
-0.09156919235542804
-0.036127201682524035
-0.053668565919018696
-0.03422604842897381
-0.015496483450671006
-0.03387612216904046
0.02156490645356013
-0.036264708949886426
0.052352539665373676
-0.04127342639725662
0.07342601083088462
-0.04750568054401105
0.08243442007964741
-0.05243429563613189
0.07479449284520578
-0.05345503430003462
0.05404161018131326
-0.049361410443057974
0.020607344561634378
-0.042779094913713234
0.008737163049957752
-0.03987728151359149
-0.021868818705956694
-0.045639026354197365
-0.056945472591095614
-0.0500265999760785
-0.09158781278732053
-0.05701440357372456
-0.11756127303344865
-0.06365920586969165
-0.11254260559092444
-0.06572090662626007
-0.08118941416338532
-0.06227748352411189
-0.046840387501697944
-0.05708438339854327
-0.010223492838936865
-0.05304420020433209
0.02497663124260696
-0.051921429161027044
0.0547630572645359
-0.05390993273656841
0.07517860593915815
-0.05762740096111896
0.08311831417722515
-0.060618326452281934
0.07683329146272033
-0.060666560795736735
0.058825242961102475
-0.05675379946763093
0.032783054593594096
-0.05175433955559772
0.007872427622925837
-0.050542485231203305
-0.022061379416188354
-0.0617843788910486
-0.053169687931444276
-0.0714496875290136
-0.07955831474222297
-0.08162009045040308
-0.09329815618189174
-0.0887297189589682
-0.08800129609645246
-0.08995409841294144
-0.06681955194419276
-0.0854670898250256
-0.03769052303507381
-0.07824956121996007
-0.004727998477062179
-0.07155187776755345
0.027824895249930925
-0.06757151160761476
0.05574932155441825
-0.06682336137867317
0.07505090925264613
-0.06813364296148805
0.08286437566918048
-0.06933524006271186
0.07824563345645363
-0.0685924198840937
0.06213241569697714
-0.06526537630230145
0.03709370202424633
-0.06233803360510004
0.00816919820087647
-0.06396527054229151
-0.023131965114096653
-0.07888192936975602
-0.05218784514744157
-0.09166515367773631
-0.07397041311300412
-0.10351590226194207
-0.08358801265506455
-0.1108831874983851
-0.07868605232722414
-0.11169936626580501
-0.06110235250590246
-0.10647897293210629
-0.03492288431041746
-0.0979385289217033
-0.004191262301542542
-0.0893239926469559
0.026754953881892307
-0.08302601509923091
0.05348536988286812
-0.07983996413952332
0.07194580305555665
-0.0789428831098482
0.07926198202225909
-0.07860767222159037
0.0744074349590167
-0.07742731968909666
0.05840150048938453
-0.0749918113624668
0.03661495273583082
-0.07404827419025695
0.0047062487510007855
-0.08058059803863804
-0.017723148830009805
-0.003934052247328124
0.018573715234989407
0.16203462711934913
-0.0477952004217419
-0.12690019474451208
0.28104577887233795
-0.10497934586444502
0.16146775501158817
0.15253637780843343
-0.014103993751345412
0.3198727298705928
-0.0015754741612350465
0.016523586057864303
0.024728900905409024
-0.03222873493587519
0.05041674851166089
-0.0671073098521523
0.06811711307651169
-0.0783688009972121
0.0749634637175931
-0.08353742456995672
0.06982503290599862
-0.08502764621999304
0.05037763535856099
-0.0848030215796467
0.018226673708011898
-0.07410330049579228
-0.019549380247513737
-0.08756253679769932
-0.055281212685636016
-0.08480228258935396
-0.04237082239196499
0.11422516116470582
-0.18343692335354345
-0.17325608935069625
-0.0739731063443323
-0.20955381395767003
-0.009403438486047744
0.0326753294460127
-0.17853999520324515
-0.2008412566576081
-0.03619678342321353
-0.13553667732387797
-0.00684613559544589
-0.05513475978455484
0.02390563434100912
-0.06459524126452221
0.048576412969206784
-0.07497422087129813
0.06546276202244794
-0.08396565942702638
0.07201939221857234
-0.08930223362053313
0.06674110271156364
-0.09109885377517901
0.04927684533862564
-0.09122498096297549
0.0226986978273942
-0.09227076132875378
-0.008085635704508043
-0.10739274346835437
-0.026199757577899607
-0.047401580672389976
0.021215864601491274
0.0682290742172329
-0.02578951668601115
-0.08912631860429521
0.17974413692263513
-0.05157871445513362
0.0813775779822441
0.11796491236180451
-0.022648087661333527
0.26124250488834355
-0.003598969646578465
0.01018906187827584
0.021702972568212964
-0.03158112879071895
0.04510706805589937
-0.06747154484532902
0.06096834405413265
-0.08328567896313444
0.06658600169267248
-0.0924330897091985
0.06069142730753008
-0.09707123984049526
0.04406531024362703
-0.10043328614519065
0.01959803975733898
-0.09809064159138003
-0.0023011315213745664
-0.07923996118594523
-0.015184550738706282
-0.02563045767878469
-0.002530286494944245
-0.0002996828687719111
-0.057588692847959755
-0.016056521916747446
0.009067128128596114
0.045715160401642585
-0.18144856700270595
-0.17115614719099748
-0.02893575592435238
-0.15258142869112157
-0.00647470102081682
-0.06357526050384543
0.019713854664616504
-0.06901126529176604
0.04172494215265532
-0.07885731401600338
0.0563791911300906
-0.08977267681242673
0.061167772537844556
-0.09785935245797572
0.055264731267482325
-0.10293666304607485
0.04027432798040609
-0.10357184991972668
0.020535697398251784
-0.09439383974867233
0.0032097998601481326
-0.07384401908181848
-0.01815671649139894
-0.051121541048912755
-0.079050020170634
-0.06418350025072717
-0.05407196786945967
-0.0063298455429379175
-0.016113575713027295
0.04105364919426813
0.10630749060113565
-0.018299666720245966
0.22868053410940625
-0.0026538696377895743
-0.0053698534247133
0.018988463483391005
-0.0413383901580715
0.039040952745528656
-0.07466476757315854
0.05250701728837104
-0.09064069692413979
0.05716678456850022
-0.10100956357598612
0.052647952408310994
-0.10587146779037948
0.04048342897740764
-0.10462670546335251
0.02043128902628477
-0.09643302984739899
-0.006969192464629792
-0.08495582115440081
-0.03505097124466683
-0.07208728852356527
-0.033160423571090725
-0.05606004667874065
-0.046299530962988555
-0.00964321098951959
-0.03978420853630782
0.03480503986342898
-0.023817217379602185
0.06288314844677778
-0.0036969931734398553
-0.005389562450067609
0.017703812098175176
-0.043291961609578045
0.03615673608540848
-0.07317025186351522
0.048578539751030325
-0.09142441483567587
0.05292656041070476
-0.10271328672648017
0.04854936362027473
-0.10781254004157148
0.035821869334135004
-0.10734651233288728
0.015988488802687995
-0.10227503870780397
-0.00635091508172092
-0.0937725323556069
-0.025660209458014727
-0.08053085678517258
-0.034154500829131185
-0.05919608836456913
-0.03985235018350719
-0.029150377938820915
-0.035340345108913374
-0.005243995200111984
-0.021396951227367844
-0.0023379012917117414
-0.0026031703845645904
-0.029236149086208973
0.017007603372699354
-0.055289172386029706
0.033981671285604254
-0.07794508846761061
0.04555146911349128
-0.0942837188837834
0.049805394640559886
-0.10495209482652235
0.045991517510300506
-0.1103268317852446
0.03469307532806987
-0.11110460185034587
0.01798289764435057
-0.10798610617887983
-0.0008419833406818622
-0.10079897451395281
-0.01811785182871617
-0.08877303753432197
-0.030945354750892884
-0.07156555449782642
-0.03511266996073337
-0.05346283964713017
-0.031430760260392154
-0.040880621851420496
-0.019432663414675866
-0.04106757791316662
-0.0024866360126752918
-0.05402511739112992
0.015622995178297128
-0.0704784487722021
0.0313696417722058
-0.08643321859477981
0.04186765701032025
-0.09937569774408539
0.045177250959839155
-0.10858109652886161
0.04063526389397687
-0.11391099345229083
0.029018225553737453
-0.11561897302773017
0.012266276328151582
-0.11393065820767045
-0.00821507608450589
-0.10868103035279009
-0.027128119468505685
-0.09949459755044743
-0.04109259403454857
-0.0876588372697249
-0.03560466729513012
-0.07618877687009762
-0.02910738905325072
-0.07003063424120981
-0.017112741876186277
-0.070044135304975
-0.0015730804405416077
-0.0765431545854951
0.014908492584009059
-0.08629600812793647
0.0293184711476826
-0.0967870662594219
0.03905854556461397
-0.1061996497416553
0.045711076108421844
-0.11394283932066473
0.05023491550572823
-0.1188259471122225
0.049807280235931284
-0.03158342992612351
0.09845454720317282
0.07770182304550688
0.07577990727517414
-0.03339087371820626
0.2794872663647292
-0.04629349993711407
0.00005567643544068801
-0.047104676466821815
-0.04051851163182141
-0.03197874202423856
-0.07207797880222078
-0.017971884326313692
-0.08402265376486373
-0.0021705691724910325
-0.0926047947657177
0.013622763402519222
-0.10002049163808069
0.027654954158862655
-0.10726719605358903
0.0386248297758911
-0.11317881696754428
0.042308214930173005
-0.10673891442578243
0.017000956958471924
-0.11834308357852996
0.01701490333660116
-0.11353807300574426
0.012828262087372755
0.18469193444779197
-0.19313006048660886
-0.19767486733828954
-0.0018512305595106415
-0.15836426813637638
-0.025179277391401023
-0.07315877568341334
-0.03814206914620133
-0.08245587496272688
-0.04447938649973371
-0.0938075949482775
-0.017352000905916265
-0.010276445584775917
0.038975830717792315
0.08822707072255698
0.17621050894308898
0.043760245170527456
0.2797613278012441
0.03645118811496317
-0.01144470301359335
0.03505214811073376
-0.06546848552733642
0.05094859597915735
-0.11577732571753829
0.0317952218826103
-0.04761430047975945
0.07997339438234685
0.019027354264187002
0.06348869371225896
-0.027746131128639773
0.21414884542220136
-0.04049578556284894
-0.019846681258096965
-0.04278287963508687
-0.04562475723232773
-0.01905663686332293
-0.07836241549874412
-0.02937139292521196
-0.10959764909946257
0.03503880940257931
0.11568028823768994
-0.19048359457833097
-0.19235882783443548
0.021220772686653122
-0.15783923293296387
0.03049127998299861
-0.0783687535332469
0.03474557438653747
-0.0866974868857201
0.03300945474384731
-0.0784684418091599
0.03288886765333565
-0.026713144241414022
0.020011103279711895
0.023961354563111215
-0.023768520539929838
0.04648544651241249
-0.03936370643269682
-0.0272094967137676
-0.03546737042187598
0.03503668012847827
-0.016976552469917916
0.08064150368192746
0.14121126425796526
-0.012320067555753766
0.22293407013499444
-0.015000076622754266
-0.06203731510164978
0.0012368001478153534
-0.08589803239140648
0.021399251462173252
-0.0877990648807141
0.030315837715401583
-0.08293185833428107
0.03242739949487938
-0.06372255916960445
0.02590268279355712
-0.030813070490696592
0.008637375995618868
-0.007501325358858391
-0.011405983298368616
-0.001008879126486839
-0.0175631049624152
-0.004446681446013678
-0.02754980279764263
0.03323275204471199
-0.028569428996315205
0.05920461036248015
-0.017975023518283617
0.05815374717141286
-0.006370307387545293
-0.031405568120303595
0.007886114488834917
-0.06610304828102653
0.019941786114460403
-0.07899034192691468
0.02734245896037124
-0.07578765987011615
0.027645827055781336
-0.060816988565933094
0.019890580484453357
-0.04145792766750178
0.006285530848864518
-0.0276546201668304
-0.008203604764159156
-0.018919117036944044
-0.018308249402214205
-0.008308038285386177
-0.025472706904730025
0.010599617928481075
-0.02549583857992732
0.016619421999497064
-0.01747279538070612
0.00009668701501475141
-0.0071340556535555155
-0.03867925328139288
0.00338476751705441
-0.06328421448603472
0.011087115009660753
-0.07384967904434325
0.021842913515785822
-0.07182934590683954
0.022469953794909348
-0.06262314494600107
0.01596275791138768
-0.05094653442164643
0.004696395083803262
-0.041259171797097594
-0.0075363828080976525
-0.03282161472535938
-0.01733781227213682
-0.023791282788151236
-0.022866915750521688
-0.016009380406775575
-0.022194666322371548
-0.017794297971167827
-0.0158124380031035
-0.0315831495366814
-0.006578585533849601
-0.0521139401923959
0.0034720353390609304
-0.06715282157882974
0.01235538128378244
-0.07362105784881057
0.019112495940801555
-0.0720555155498217
0.019081270580479703
-0.06661403918281583
0.013190098531390415
-0.059446857276391984
0.0033881999967362297
-0.05300978226900677
-0.007320894873981243
-0.04736151887464013
-0.016008899115701247
-0.04268864229524316
-0.020507956407861183
-0.04092035077216227
-0.01967943824576679
-0.04493832074598492
-0.014093198148027897
-0.05453268442395176
-0.005588294196669619
-0.06597989076983923
0.0038304944284046627
-0.07412642969341143
0.01197527973780299
-0.07704171979487051
0.017151885457387106
-0.07527718028214969
0.01662845872382257
-0.07209441969730179
0.011143993950806896
-0.06801133094423384
0.002379506442635293
-0.06471049395742678
-0.007106101855478331
-0.06249649623317932
-0.014716975633382146
-0.06171458267716412
-0.018498343346684765
-0.0631490985295482
-0.01760203454542486
-0.06737376822883112
-0.01249491366076394
-0.07351531484023477
-0.004646013469522536
-0.07939847610797957
0.003998500714158304
-0.08271963770767776
0.011251395311308032
-0.08285782670103559
0.015310570449206917
-0.0806373060609159
0.014720148446078163
-0.07885055021299348
0.009575572434886714
-0.07717558490480347
0.0016320354848227137
-0.07674956956665513
-0.006842792132944142
-0.07766696726703426
-0.01355008318307993
-0.07979857668459356
-0.016784050260922445
-0.08295696252947526
-0.01583794113509951
-0.08672892825796163
-0.011109872336727777
-0.09022675497770993
-0.004060757274071514
-0.09234432360712885
0.0020423927079926685
-0.09235644596672876
0.006063303230860573
-0.090440324528404
0.006202066173700338
-0.0878201075386128
0.012403267757370662
-0.08593007359277727
0.012042581937526275
-0.08655412209278346
0.008648976894614968
-0.088691401440667
0.004244213040165423
-0.09228337998168401
0.041692803429330905
-0.09011355835773105
0.04990831701912701
-0.1001452051370888
0.0484256133521046
-0.1044992455849163
0.03814482626321314
-0.10671384770703829
0.022084957481855794
-0.10655582896964466
0.004427166884904743
-0.10437821692427052
-0.011442755843010133
-0.10097791218232655
-0.021950863805617837
-0.0974966563167925
-0.027208972776406437
-0.09546958011800322
-0.02053298871963183
-0.09591148248822345
-0.006844680134749925
-0.10023948618793432
0.008578647820610685
-0.10627801789051916
-0.01989465872167262
-0.11226676972081906
-0.024072814911830775
-0.10887469547735817
-0.024519605718695714
-0.11064785261745191
-0.021908884172674004
-0.11321713973066938
-0.017925954444858228
-0.11582654235814682
-0.014594473376661088
-0.11757866220956126
-0.010432656176017074
-0.11788548485873895
-0.004636595502631402
-0.1167511587567227
0.006489494038001364
-0.11470912443816794
0.005570404422582831
-0.11511883417061863
0.0006752152385867127
-0.11553466687546454
-0.005526113395055043
-0.11605436176519945
-0.010803104934280716
-0.11610237689152703
-0.013292527767771345
-0.11531165121405107
-0.01261844021235392
-0.11719494120454765
-0.009272289231392339
-0.12108870521198645
-0.004251947510385712
-0.1261062427824442
0.001355848034637841
-0.13088294059428207
0.004714654258163531
-0.13410545103307747
0.005173211451237503
-0.1349386553373173
0.000007171072846201554
-0.1335887678364549
0.0033548232275435463
-0.13116741102431861
0.0006463203120152805
-0.1288562398057539
-0.003391264496175439
-0.12577396373894656
-0.006957882919830127
-0.12321079296085746
-0.008360887617869128
-0.12236220585948987
-0.006987652992611948
-0.1246496142429887
-0.0030611147142916018
-0.12988020408092038
0.0024431061791578834
-0.13695109956465046
0.008044055186216426
-0.14409983815389793
0.01178410122678053
-0.14946159174576035
0.01241142379954252
-0.15163733167198679
0.009679781503627582
-0.15037291871734138
0.005432759764095074
-0.14644981242777033
0.0010554392959507553
-0.14156689334185013
-0.0007228995020260864
-0.13564331439973998
-0.0012391034150962543
-0.13142144218522755
-0.0012936847252533745
-0.1303434556763653
-0.0009334884322966808
-0.13318407703643742
-0.0002514631095538178
-0.1396328276318075
0.0034820174618264144
-0.14821820389605778
0.009015972723835919
-0.1577210403694269
0.015378402407923097
-0.16504847878791773
0.027243553221419914
-0.0813642497151904
0.08126265309431613
0.023497182116715365
0.09005125696334315
-0.05472103981354892
0.2132822684307718
-0.11862375611454368
-0.05103555852150876
-0.16870053081650016
-0.0891950206142772
-0.20921144364541122
-0.12026094503602192
-0.240924442160368
-0.13352541417239716
-0.2646099149426797
-0.13642615931451763
-0.2930200373563122
-0.15677002102298165
