0.004505441127949261
0.0041820179617158
0.003937450793613406
0.003763784608996179
0.0036485389911189436
0.003575542214010907
0.0035259962471814177
0.003479692019575875
0.0034162889673872154
0.003316575440348135
0.003163635126913089
0.0029438568759627692
0.002647738785816145
0.002270450424834758
0.0018121286762449174
0.0012778930676926592
0.0006775764212094693
0.00002517745996977183
-0.000661945309441414
-0.0013641041404086618
-0.002060485991919103
-0.002730461983867949
-0.0033549198970022065
-0.003917527792327791
-0.004799116361193123
-0.005135093852676187
-0.005386244366138104
-0.005561044012932892
-0.005672849792867196
-0.005738999319100158
-0.00577966171973654
-0.005816528589996706
-0.005871438948803043
-0.0059650283265347825
-0.006115481645264986
-0.006337455364206379
-0.0066412192675990855
-0.007032054346480798
-0.00750993141253653
-0.008069485123051612
-0.008700288787756305
-0.00938742502856349
-0.010112334617082719
-0.010853909944471107
-0.011589781093275242
-0.012297723188240406
-0.012957096473059648
-0.01355021877328555
-0.014477028172424466
-0.01482785999976799
-0.015086800759855024
-0.015262932521778683
-0.01537064112630604
-0.015428636443389099
-0.015458702569592697
-0.015484277076662556
-0.01552896306959195
-0.015615072225086957
-0.01576228400469515
-0.015986489465627973
-0.016298870952522804
-0.016705253917673524
-0.01720575522516099
-0.017794743076172903
-0.01846111549095175
-0.01918889487979536
-0.01995812363271332
-0.02074602881180354
-0.021528403375404848
-0.022281128963065555
-0.022981744553871142
-0.02361095040436345
0.01601435446683208
0.015622258721119664
0.015342188537132762
0.015162080808085676
0.015062922677851809
0.015020169043156173
0.015005529115198923
0.014988966315930163
0.014940753507586724
0.014833440072617332
0.014643612662676997
0.01435336054811609
0.013951383367069248
0.013433700014064076
0.012803931815249747
0.012073143291272181
0.011259233884845177
0.010385888591560644
0.009481117786513282
0.008575447394838731
0.0076998573379376545
0.006883603243889036
0.006152086115860822
0.005018902326166863
0.004606046726342905
0.004316162074002872
0.0041361695567059265
0.004045330858131635
0.004016817824882946
0.004019686999799488
0.004021081098479762
0.003988479570210313
0.0038918402867085256
0.003705506402769343
0.0034097876762027024
0.0029921564304189463
0.002448020409536067
0.001781047515213574
0.0010030240600831242
0.00013323442189805412
-0.0008026379295256181
-0.0017740654658087163
-0.0027476306628382297
-0.0036892785891902147
-0.004566721925274075
-0.005351814168865099
-0.006566973230697215
-0.007005795444001928
-0.007308045569548782
-0.007488038293666177
-0.007568637212334917
-0.0075794905282162706
-0.007554817583668383
-0.007530953940143803
-0.007543858986263197
-0.007626762270053433
-0.00780808313046244
-0.008109714306124172
-0.00854572380627805
-0.0091215060560641
-0.00983340350392381
-0.010668818885591125
-0.011606838274895281
-0.012619377246910313
-0.013672840258915686
-0.0147302443459294
-0.015753705625030534
-0.016707129498889972
-0.017558895145008524
0.023739405797734037
0.02323781733064778
0.022908595828877276
0.02273201906505773
0.02267673260037051
0.022702432357588398
0.022763171050289577
0.02281094224410074
0.022799218857793235
0.022686187157323623
0.022437499890205714
0.02202844943887272
0.02144551594268118
0.020687268928072378
0.019764598553215773
0.018700238234486077
0.017527533134662487
0.016288426344603035
0.015030686843878094
0.013804489306068701
0.0126585618528825
0.011636220351798787
0.010061214908130944
0.009520442590125189
0.009175159821313228
0.009003346755294572
0.008969703024862774
0.00902876075200787
0.009128697241573835
0.009215425213664252
0.009236577461157136
0.009145094169738188
0.008902233188395225
0.008479923841647086
0.007862449399248739
0.007047462628804624
0.006046319832860636
0.004883681698134135
0.003596301266271862
0.00223092581922657
0.0008412960456012364
-0.0005156675376657427
-0.0017842617029927288
-0.0029146117082796685
-0.004661981100310353
-0.005251123448120731
-0.00561548800372158
-0.005779985704598589
-0.005784921903700835
-0.005682299329307194
-0.005531329854043143
-0.005393686444643997
-0.005328961843560132
-0.005390666941366806
-0.0056229445559481395
-0.006058039256836234
-0.006714484463231418
-0.007595956887694655
-0.008690794836816451
-0.009972251147784883
-0.011399613992262081
-0.012920341802624802
-0.014473298172566151
-0.015993036713780384
-0.017414897232415516
-0.01868047673971085
0.023810268234981224
0.023106012512256857
0.022702716340509133
0.022563840368520882
0.022630538432603542
0.022827811104157547
0.023071745197628335
0.023276855796246387
0.023362744459644258
0.023259609960320393
0.022912483673114714
0.022284307058383135
0.021358059991198663
0.02013807926894917
0.018650525746018776
0.016942754377398117
0.01508121301372456
0.013147521501545745
0.01123259395230014
0.009429034283626514
0.00782247039327788
0.005310710252898199
0.004509066817871776
0.004070941091185887
0.003952892745027636
0.0040842107321183985
0.004374835401985022
0.004724501058515962
0.005031732454340299
0.005201662489095593
0.005152152849183356
0.004818217272503755
0.004155107774070688
0.0031405308770191542
0.0017763061831022053
0.00008944323095105844
-0.0018677651071168366
-0.004019295702164638
-0.006269275658156825
-0.008508590383363268
-0.010624078781510171
-0.012509505310075664
-0.015503040731618789
-0.016441310911954776
-0.016927719825256204
-0.017015705043653462
-0.016793111409854955
-0.01637141142136267
-0.01587359022033552
-0.015422714612813193
-0.015132613723253585
-0.0151012345218271
-0.015406393501041005
-0.01610308776951619
-0.017221407119455634
-0.01876440845822569
-0.02070593882227323
-0.022989088919918688
-0.025526464458569653
-0.02820356619971709
-0.03088617511231906
-0.033431800237997855
-0.03570416744257321
0.006300612247361226
0.005091296042873061
0.004541099670179349
0.004561885421153988
0.00501138211325447
0.005714157997916081
0.006483635880436767
0.007140850782723085
0.007527489614827854
0.007513056878193813
0.006997946293560098
0.0059151310490292985
0.004232865156892585
0.0019594031635428166
-0.000851157242510614
-0.004094501528877137
-0.007616607400732778
-0.011222096701215656
-0.014691658516638006
-0.017807191291020263
0.026026694431966035
0.02449926384297285
0.02392004663669578
0.024140382373921465
0.02492966367165561
0.02601573067709806
0.027123455684634035
0.02800308525769646
0.028445153253541466
0.028284322721940924
0.027398237060730413
0.025708119272793484
0.023185423315169817
0.019864422270968296
0.015856024995746676
0.011355203068512676
0.0066344504205688715
0.0020189561477645945
-0.002155200143542535
-0.008328916733391312
-0.009922841254783599
-0.010469555781847273
-0.010144255918509093
-0.0092094046669694
-0.007967131905378677
-0.0067160688889118525
-0.005721861554635943
-0.005203871560512607
-0.005334080057662005
-0.006240366538712072
-0.00800630241193323
-0.01066305019824565
-0.014174326101566104
-0.01842047722095419
-0.02319052802843058
-0.028190388086555163
-0.03307128745313204
-0.037476097945328246
0.006784656996800642
0.005279338428382463
0.004869746228907124
0.005340077853287717
0.006383644653523923
0.007658633362514822
0.008835698139262327
0.009628437162756631
0.00980647780462629
0.009197799882165736
0.007689485293357112
0.005233802470510085
0.0018609076487283716
-0.0023068221985064197
-0.007047914815817347
-0.012051560957035634
-0.016948943009635453
-0.02136385082333736
0.026857713117200754
0.025535722781503845
0.02522868932735678
0.025709384564985838
0.026663702309085657
0.02774566209557583
0.028624463854833415
0.02901622019643879
0.02870105488378316
0.027531684701157078
0.025440393183453702
0.02244782733391215
0.018671551320571522
0.014327755886555105
0.009718370862491055
0.005198963541305446
0.0011292597380752056
-0.0041717960172669155
-0.005285647212677769
-0.005601747194841522
-0.005297835840577081
-0.00462116721274719
-0.0038489509770881503
-0.0032518976924058585
-0.0030662253165739672
-0.003474974376786566
-0.004596269202649106
-0.006475424813298325
-0.00907938836556954
-0.012294708849841518
-0.015932405939246497
-0.019743413696053702
-0.023446220054670563
-0.02676449936290448
0.02567622391938107
0.02462659329776118
0.0243275026529286
0.02459005786135604
0.02515528949564061
0.025736413411705517
0.026058627926111688
0.025890901153168056
0.02506842972796086
0.023507154100626204
0.021211975257354743
0.018278667893747658
0.014887450891706067
0.011285424001745481
0.007756581398457918
0.004581645216963359
0.0002504990580460831
-0.0006980341883706664
-0.001025147105006008
-0.0008870599302915894
-0.0004990269930841285
-0.00010165535879735899
0.00007233907473880308
-0.00017371862512671754
-0.0009794046397080258
-0.002413322038039678
-0.004465987478210032
-0.007049682574629457
-0.01000635068817779
-0.013124744273535605
-0.016166813128150714
-0.018900930188305853
-0.022721288274341722
-0.023596679660118136
-0.023944131426655302
-0.023896465505893416
-0.023637242856243024
-0.023372882950143614
-0.023304235673788254
-0.02360159299229858
-0.024385356052759155
-0.025713153650525178
-0.027573606345886903
-0.029887035544570617
-0.03251368917624653
-0.03526986401638821
-0.0379512829585138
-0.040361358324467855
0.01584802351068415
0.014960921332688892
0.014609606010517195
0.014639520378595616
0.014841149148597355
0.014984581306117573
0.014854403533208105
0.014279796828660762
0.013156816023870643
0.01146145851615743
0.009252851510601401
0.006666035345499921
0.003894144768472607
0.0011609301615957968
-0.0013134074510341431
-0.004866480587123911
-0.005710725711249864
-0.00608098110893418
-0.006114274506578088
-0.005996612156614511
-0.005932692782011695
-0.006114792136317715
-0.006695445229987773
-0.007766966145808851
-0.009349466194620293
-0.011388212725896518
-0.013760730403389099
-0.01629348956212584
-0.01878692742533139
-0.021045883354814277
-0.024344526092384466
-0.025147264478678988
-0.025528438018318056
-0.025610331030415434
-0.025559011795895592
-0.02555757088518429
-0.02577826221789903
-0.02635772286459903
-0.027378226227215086
-0.02885673999417515
-0.03074271154934949
-0.03292489888908179
-0.03524688096178652
-0.037529838295680684
-0.03959980290960541
0.021027299861336113
0.02018487617372866
0.01979090881125667
0.01969469213665498
0.019696286189170742
0.019582451695303593
0.019163057713184717
0.018302011948805763
0.016938565715931997
0.01509657931588082
0.012880702825169177
0.010459679038610448
0.008038538239892201
0.005823470020867472
0.0025475773763226073
0.0017347020731237617
0.0013299772597079595
0.0011958222757149084
0.0011496890895812406
0.0009967137766064837
0.0005630579529791735
-0.00027556551438134846
-0.0015741774152027155
-0.0033100327741144575
-0.00538635464477677
-0.007647998293097702
-0.009907209246788895
-0.011975827455237953
-0.015058394180106793
-0.015849397441382806
-0.016264150746846173
-0.01642978076458146
-0.016514980135664103
-0.01669994653322182
-0.017145501582135902
-0.017966527704413093
-0.0192135608069397
-0.020864904337853263
-0.02283025175861897
-0.02496545831695718
-0.027096608946661993
-0.029049874764551564
0.03698547949461073
0.03613548809322298
0.03569874903802095
0.03551176868915373
0.03536360071618572
0.035038437268682276
0.03435763277317805
0.03321336524310525
0.031588417605536545
0.029559099477216133
0.027280821319588977
0.024958419774215646
0.022806116121866005
0.01955253993759598
0.018729113717007584
0.018287034457995732
0.018074931236437664
0.01789757168562911
0.017555204607319963
0.016882536895797884
0.015780051060447553
0.014232402523627563
0.012311029802344109
0.01016054554553647
0.007970989172063625
0.005940621262765733
0.00286934116945492
0.002063066369445421
0.0016137093219499299
0.0013792850674765322
0.0011766953625198528
0.0008185718427984323
0.00014989376864615878
-0.0009225170348752254
-0.002412669662367306
-0.004253015056276954
-0.006307387442952228
-0.008397226980544348
-0.010336578653771245
-0.013301234424322739
-0.014089035004862138
-0.01454258480056736
-0.014795176140144806
-0.015018641762388318
-0.015388823562478615
-0.016051161815960224
-0.01709292240272209
-0.01852688624519483
-0.020289163684307998
-0.022251492108315007
-0.02424601337008514
-0.02609820821948261
-0.028958811923328387
-0.029726959736494196
-0.030181944724036902
-0.030448981068971537
-0.030689411967410596
-0.031068324036105377
-0.03172220442747031
-0.032732795175574814
-0.034111745731224774
-0.03579861511334026
-0.03767255066582864
-0.03957569581133624
-0.04134418928165662
0.02926428096155309
0.02841993949213606
0.027929769711683372
0.02762580248545632
0.027298959881341567
0.026747292391472888
0.02582149721815008
0.02445786992496113
0.022692038813629578
0.02065082612761837
0.018523829530750602
0.01652049381817
0.013427277079900435
0.0125997646684477
0.01210683100696297
0.011789446330911613
0.011449735352849544
0.010896608916774575
0.009988888567808774
0.008666548468345026
0.006963703057023096
0.005000798366356252
0.0029575644454729044
0.0010322810629834756
-0.0019366442229429293
-0.002752765085480613
-0.0032501547990042567
-0.003580550143109207
-0.003932709347552632
-0.004488898863657442
-0.005383718049181918
-0.006674248735744515
-0.00832766839067256
-0.010228775132917867
-0.012205902083238351
-0.014069855117704977
-0.016998274204482522
-0.017795778615320224
-0.018291998988892333
-0.018630715256793273
-0.018990691595639042
-0.01954448324729774
-0.020419416075477592
-0.02166928790908762
-0.023262658894773303
-0.025090068019141265
-0.02698869619103883
-0.02877932586976173
-0.03158235106423346
-0.03236690607395176
-0.03286420196492412
-0.033211566658855496
-0.03357968184403326
-0.03413326450629317
-0.03499378892120597
-0.03621244130420065
-0.037758951110102856
-0.039528545774470514
-0.04136558818448588
-0.043098928028587835
0.03348762429043273
0.032605526453349354
0.032055849490238986
0.03164699575937413
0.03115110301070234
0.030365162864585793
0.0291645304062933
0.02753524457055434
0.025577323769938154
0.0234782992706164
0.021463485316376874
0.018294316224682472
0.01742738042835601
0.01687755011649328
0.016461707204504128
0.015962165004349105
0.015185055447817897
0.014011476705510617
0.012428376811595143
0.010531642031939015
0.00850069710870649
0.006550892569700872
0.003462745035093473
0.0026116748252711375
0.0020631630984189187
0.00164215023128933
0.0011406250872680879
0.0003734151376955097
-0.0007729187896902134
-0.002310571549905993
-0.004147601482812346
-0.006112307568976072
-0.007998820519063532
-0.010961417113356964
-0.011803464903898275
-0.012354110589952283
-0.012782165295184833
-0.013288166233647813
-0.01405059224358196
-0.015178705321171715
-0.016684091612109264
-0.01847790788565251
-0.020394454282062435
-0.02223519301606003
-0.025142834299762384
-0.025975376776401937
-0.026527175195784625
-0.026961071432379913
-0.027470458676420284
-0.028227414139396
-0.029337204340332823
-0.030810835656250646
-0.03256243335080744
-0.03443204134756983
-0.03622813354918297
0.04797713832947581
0.04703187286331123
0.046412458595033845
0.045885726046163144
0.04519063552731595
0.04412092353446706
0.042589486613434424
0.04065511214993389
0.0385037765592422
0.03639011492865163
0.0330400681763483
0.032105940798357935
0.0314858757824652
0.030954833070254484
0.030260954492624226
0.02920531320600861
0.027704049388171725
0.025814136095523077
0.023715251102954582
0.021653204503399692
0.01836736919151072
0.0174448906989495
0.016825176547351273
0.01629098083203795
0.01559925133879525
0.014558099416599024
0.013086774990185068
0.011240504717648259
0.009192917035954817
0.007181353009731772
0.003958937356685066
0.003048583628184609
0.002430155687906943
0.0018938886538515387
0.001205184795042502
0.00017891382524859445
-0.001262690364995711
-0.0030660840455508653
-0.005063454656492161
-0.007025596977856097
-0.009985610164599645
-0.010909852178482171
-0.011543869068628587
-0.012095997211297727
-0.010972232880517963
-0.016546077843136664
-0.017552962864778476
-0.018203135607186116
-0.018700138254913012
-0.01929487650648465
-0.021928787549541306
-0.023620248267117727
-0.025566348677112938
-0.027542502214343623
-0.029314582004060563
-0.030713441618778314
-0.03168906345339206
-0.032326387828905845
-0.032817541891018376
-0.033399929364580805
-0.03576339633354375
-0.037413483429963534
-0.039309697046071124
-0.04123549484176037
-0.04296494723190403
-0.044334641238162
-0.045295974074894274
-0.04593053478727993
-0.04642345390093783
-0.047003779050932115
0.04543110711891729
0.04342866995664085
0.04114653730712181
0.03890124613949131
0.03699522114597831
0.03560079334473176
0.03469393131591758
0.034064113250838135
0.03339618729264493
0.030770085660409396
0.028797138630769714
0.026551197013524597
0.02434079841426051
0.022460862247159152
0.021079600230014428
0.020173846922288075
0.019538568295717873
0.018866553532473462
-0.004405835037507244
-0.014063566794242255
-0.024153931472884138
0.005524949215974573
-0.006022686041331493
-0.018284294973131
0.010771679065705309
-0.0038670239013360863
-0.019742885589944414
0.006482870580205358
-0.014076892422205112
-0.037588717044972464
-0.020380661133491795
-0.005592324222468581
-0.041094603647817474
-0.024972702480332343
-0.0021846400755054507
-0.02946843086909512
0.0019941309837046006
-0.021136876766531643
-0.04234015180112749
-0.0033478050610591392
-0.022910784074215318
-0.04131521588032894
0.003985204402334297
-0.013698566338376073
-0.030682160569382777
0.021004577134034808
0.004236246287603773
-0.01196926192636405
-0.027661744508290953
-0.04284085673727012
0.014821973760396734
-0.000603778388748033
-0.015657369857927872
-0.030307496382231958
-0.044581196711363624
0.01973563720748106
0.004875830742046006
-0.00962223813177654
-0.023821920455582957
-0.0377789083478246
0.03455677928845824
0.019862083771706285
0.005431686561485849
-0.008734522291923619
-0.02020580099853375
-0.034280712285980286
-0.04787161874916501
0.032391389359213374
0.08541962700162209
0.0667397204552449
0.049120949025748706
0.03370148794679606
0.02148764301200834
0.013290312014999195
0.009673582420266502
0.010918415307982654
0.01700341305927866
0.027603763783645263
0.04210859628388741
0.05965609271851058
0.07918470323351934
0.09949772505932186
0.11933746726467742
0.13746438843189446
0.15273610324943498
0.16418106434943547
0.17106202882469113
0.17292507024848724
0.1696308316952737
0.16136584832971557
0.14863305453059295
0.13222192997261373
0.1131600710449836
0.09264921554139627
0.072198469021161
0.052901897267013
0.036012860684218495
0.022640929663237275
0.013681820482385643
0.009760640477703086
0.011191648252100395
0.01795667499951148
0.02970339242002451
0.045763735443611786
0.06519187816946492
0.08682007616385001
0.109329466786801
0.13133171289616197
0.1514563988250226
0.16843850954470985
0.1812002099985106
0.18892147272853665
0.19109482195167726
0.18756049524101304
0.17851956930480473
0.164524018592898
0.14644415452141524
0.12541537192059193
0.10276751697901831
0.08060941229212748
0.06155376588378614
0.04743838921818133
0.03983773869021867
0.0399058530852785
0.048260625484758846
0.06493212347556376
0.08938218476952042
0.12057499479005207
0.1571111818865254
0.16779291231024196
0.1707202181793983
0.1782592698020995
0.18870258368430726
0.20014770336767662
0.2106769958641901
0.21852810488813557
0.2222395949471414
0.220769075080546
0.21356203560827702
0.2005940615425672
0.18237567983111136
0.1599241390502253
0.1347033430103246
0.10853244256043149
0.08235535806326166
0.057761727120191786
0.03649089971992403
0.020067814416763197
0.009698661585132662
0.006188196977209959
0.009883449624391805
0.020646721227350007
0.037859381868506015
0.06045683580770578
0.0869937094722879
0.11573634284452261
0.14477734505593354
0.1721647311314336
0.19603657255028084
0.2147514182680481
0.22700497767340688
0.2319245333750608
0.22913419931732903
0.21878611110060286
0.20155503547931142
0.17859639084636436
0.15147024015013488
0.12203628614198192
0.09271844688706832
0.0651543518547717
0.041308533617024246
0.02290692979893505
0.011318803206014305
0.007463065955875425
0.01174415965243214
0.024020483045994245
0.0436069642617809
0.06931243419700528
0.09951124451594806
0.13224632210185883
0.1653580241677184
0.19663035248213823
0.22394412845084588
0.24542591477558973
0.25958174886936924
0.26540586577310865
0.262456493937111
0.25089298718556874
0.23147129452027104
0.20549758703492138
0.17474278364418394
0.14132355135533103
0.10795813125966758
0.07863533734770911
0.05631133899962504
0.04351224223893979
0.042046843093872965
0.0527999899901781
0.07565999769045884
0.10958575047587638
0.15277160157992764
0.18098574632210918
0.1897182940243023
0.20639625630968617
0.22843445863802336
0.25276503370307535
0.27617180296988697
0.2956137360254172
0.308493072649779
0.3128832979369578
0.30765578447689057
0.2925621063962911
0.2682530496225968
0.23624058283887273
0.19880651236155433
0.1588589458240417
0.11872956129349976
0.08116020753936226
0.04907424376557601
0.02501333045879317
0.010948879710085846
0.008137062524163685
0.01702433944199866
0.037206233436427816
0.06744111570631572
0.10572133465346711
0.14940245979658306
0.19538603497098062
0.24034423268344907
0.2809689222882277
0.31422466703656227
0.3375849324520268
0.3492324617228211
0.3482079763998813
0.3344952049958463
0.30903497234064603
0.27366625569642977
0.23099746829685586
0.18421660862928602
0.1373145880245521
0.09335449472518031
0.05576392257048268
0.027527932703713454
0.010968133930614243
0.007574096985119683
0.017893688908525274
0.04148313058217812
0.07691789963630136
0.12186890183755739
0.1732478547018168
0.22741851867238916
0.28046038487665337
0.3284633721377639
0.36782845338327497
0.3955492193002099
0.4094516204581822
0.4083731033364808
0.392266751408588
0.36222155277677026
0.32039592888017165
0.2698678722589496
0.21441135158731806
0.1585206156568748
0.10830256821089046
0.06910898997058634
0.04553397667685566
0.04079655321783582
0.05630505437876643
0.091568178354692
0.14442039461663603
0.19054207605279228
0.21083985916696002
0.24662108221322887
0.2936206157727017
0.3462909404744503
0.39854346754171477
0.44445876050937727
0.47885755101365124
0.49775056810691964
0.4986322357542994
0.48064129037985115
0.44462476074020185
0.3930858087894198
0.3300285382785342
0.26070561580992857
0.1907521949347457
0.12542602130516767
0.0703988720901636
0.030559765633183744
0.009622932322699507
0.00984999464631997
0.03188311472630634
0.07466859481934618
0.13547030580034325
0.2100032206629554
0.29271492827457246
0.377208707351977
0.45676742179942176
0.5249221111543632
0.5760094027603988
0.6056679027172405
0.6112316214199285
0.5919879707518663
0.5492764275045174
0.48641710350128253
0.40847034461302956
0.3218413443473458
0.23511082033519526
0.15398980028323583
0.0855730365619154
0.03597670137691655
0.009848811823979897
0.010045634564208372
0.03745158472360677
0.09088131448881098
0.16705371467909358
0.2607073009082024
0.3649248498558664
0.47166372344989993
0.5724273879425001
0.6589960357545852
0.7241421837137476
0.7622685547953856
0.7699161867187909
0.7461027781488303
0.6924592780277727
0.6131505659464733
0.514579777981309
0.4048913563472776
0.29183545931249766
0.1882006609040865
0.10569331702392182
0.05445980770600145
0.04136775168480478
0.06884601060263384
0.1350555343245603
0.19539868345562472
0.2413464200021438
0.32381323114962757
0.43454886670388104
0.5612988499690381
0.6900940395023203
0.8071696390150809
0.9003274236451777
0.9598896196333615
0.9794501990087752
0.9563217952960201
0.8917439812984345
0.7908158731068737
0.6621572452486133
0.5173241687812669
0.363071861164326
0.2229790737073749
0.1141277211235685
0.0508484831444036
0.04176835183767302
0.08827704432525119
0.1857710708236151
0.22144717794784552
0.3073245305580583
0.4395524796762742
0.6022462039005172
0.7754445014081903
0.9387615221861578
1.0737821745133393
1.1656297012697054
1.2040751940017245
1.1843931320773247
1.1076941111361358
0.9808421421200375
0.8159204453584503
0.6292920922513168
0.4322626644515699
0.2547071371598091
0.11424533052795693
0.024119334241114343
-0.007825770139578303
0.02124185227562725
0.10966653899261547
0.25074573262577027
0.43210024346736553
0.6364105088508873
0.8367511254959563
1.0168827628041934
1.181527432835634
1.28258687529831
1.3188666494613575
1.2888976393192442
1.195786313598564
1.0490937606873803
0.8638980462241745
1.1836943455383393
0.6592768572703136
0.4407918062678158
0.25048877353982624
0.11099585930694511
0.038770941239012036
0.04007657551070842
0.11060225248783362
0.1820102827273713
0.2469075779508887
0.3721286882999819
0.5393345177307993
0.7234383522456307
0.8988152003277423
1.0430530589733156
1.1389547025124713
1.1757640225557795
1.1496594902163797
1.0637821316264366
0.9277161674717487
0.7564168529892332
0.568727032865981
0.3707824799939823
0.20383232791109518
0.08928367319914177
0.041044482708007646
0.06201188656895207
0.14484004727140665
0.1996933070207889
0.26752242633105006
0.38277588818024455
0.5247860473415706
0.6693480073179776
0.7939737297695053
0.8808738221036241
0.9185344346163773
0.9023949473577777
0.8345936012634732
0.7234988699047629
0.5825785920247608
0.4288798088278636
0.27806006372799086
0.15000106149954395
0.058128404631689
0.010774172524146142
0.010828686965476342
0.056052036876141687
0.1394055739340585
0.24951447074753585
0.37182699110258444
0.49048421783601004
0.5904429930676078
0.6594031453191542
0.6892708144493511
0.67701090494214
0.6248421173457812
0.5397743481368356
0.43257255429659835
0.3162825923001962
0.20307249528338334
0.11163940793652993
0.05578109129514042
0.04361832749930117
0.07577006465597336
0.1460879299650899
0.1847695199197088
0.22067682715938797
0.28269252055037075
0.35700154773843273
0.4283601922422642
0.48321579204309373
0.511647704068863
0.5085564748111411
0.47364274962250197
0.41124816882696247
0.32965703993079587
0.2400411849045465
0.15317374012789342
0.0802619271532361
0.030054161046532135
0.007945464654883772
0.015515973337940636
0.05052903481993187
0.10727678014997188
0.17729467013716027
0.25048052704613655
0.3164980348712769
0.3662224221838226
0.39298197552217373
0.39341286582642376
0.3678241127360238
0.3200418502102349
0.25677179489979896
0.18658091542608135
0.11991061668227809
0.06376345241617765
0.024987784254581147
0.007897949736277887
0.013852568933516052
0.04120179393779866
0.0855544984834613
0.14035699384222644
0.19776852099553954
0.24973823361996006
0.289117125775479
0.31062664243107685
0.3115411125183649
0.29199612524131013
0.2548918980893218
0.2054168695254115
0.15026753062620424
0.09783853876339377
0.059015409019327336
0.04148351336363443
0.04936566132262765
0.08237676176712228
0.1362783032025896
0.15744190388729473
0.16579837765417116
0.18786345482522737
0.21564558104311526
0.24065273682014543
0.2556293624020385
0.25582947407211387
0.23956949611393918
0.20833332015646344
0.16648920420664304
0.12063502223475964
0.07588022114635762
0.03882131698389668
0.014690157820363092
0.006643249874819901
0.015375314364127313
0.039086417064029044
0.07378627324312248
0.11390535399592405
0.1531457802989853
0.18544961666361903
0.2059261300360311
0.21158418279706637
0.20175402045770108
0.17813831246731704
0.144493063335557
0.10599752586967415
0.06850409789200862
0.03734999138384354
0.016906216301758592
0.009828796582997512
0.016723316929564636
0.036108444847350984
0.06466918833458069
0.09776959236982896
0.1301626829044542
0.1567952153888037
0.17357866038762415
0.1780007425671557
0.16948107255649392
0.14941931349474524
0.12093488410700237
0.088346368247471
0.059507983416275945
0.04160473755733962
0.03985937914659843
0.05669365036999574
0.09122017994837384
0.1396911560964842
0.1407787746846696
0.13790585889868168
0.14393906106697285
0.1530125991198963
0.15931777745012088
0.15839107830248578
0.1479707003014754
0.1283216488269152
0.10216957601085719
0.07421521316573565
0.04604975849349957
0.023184375322628625
0.009322421375715928
0.00655147716495974
0.015034366131575716
0.033021622499998404
0.0571749254586853
0.08315229530327795
0.10636316027241621
0.12276426346177716
0.12955361970861934
0.12563756668584647
0.1117898106887587
0.09047931239282647
0.06540458091638168
0.041473513885223134
0.022074136008862544
0.010426353004350908
0.008363669489885428
0.016055884239896567
0.03201139300559008
0.05335223964972391
0.07631863820092843
0.09692241734547435
0.1116379470780604
0.11800759776735426
0.11505324304913489
0.10342206949779964
0.08524464791237696
0.06373595764285067
0.04673863007668855
0.03995920157425226
0.04740921078208071
0.07053669393886719
0.10790295226683622
0.1518244462968079
0.13260019286338265
0.12400579262291767
0.12191220820829374
0.12144007095340092
0.11826166333600696
0.10968353507609763
0.09521859265433674
0.0766959772776783
0.05787911098640097
0.03765418877394411
0.02163080007537621
0.012739048567210087
0.012456145274389652
0.020551454769697663
0.03516156360298406
0.05317579031127195
0.07085968669173459
0.08459734382688189
0.09160498419053376
0.09047111297906829
0.08141451983321613
0.06621140502445044
0.047812431242772346
0.030576312737237155
0.01701294880414972
0.009725141993348618
0.010041502505159894
0.017782565974621356
0.03131927886986574
0.04790850281512937
0.06424199386489238
0.07710359949841306
0.08400435138249063
0.0836670267733195
0.07626258931403296
0.06335327159893778
0.04755852851596076
0.03193742984846892
0.019595144172177115
0.0128641929881117
0.012937927301819752
0.019659220144852663
0.031571750242934016
0.04622031822451733
0.06064263680521487
0.0719578219631194
0.07793500166976308
0.07742744054248196
0.07058499466504742
0.05880426156856089
0.04443060811834165
0.030199619300801395
0.018903304329198622
0.01263670009477913
0.012473869699765938
0.018276752604052815
0.028740282583841648
0.04166177311107622
0.05438244870275133
0.06431566840211245
0.06945726275400954
0.06877540894061451
0.06240194223575113
0.05158853161683963
0.038440163006883576
0.0320103278076842
0.03485280595530571
0.04963344558425575
0.07689802436905091
0.11492954249786158
0.13104535925500183
0.10896067957073408
0.09510205309743269
0.0861756412202701
0.07870198009561302
0.07008831395488713
0.05937959025051387
0.04754175053270049
0.03723185094498138
0.024913678078041013
0.01552408796379634
0.011099277188520773
0.012516616747947129
0.019315674168671304
0.029820829431784768
0.04153494414731895
0.05171552869897389
0.05800283535095896
0.05895517570934938
0.054367415774922545
0.04530029547964065
0.033817657023688996
0.02303196523708717
0.014896737516146619
0.011272038737490941
0.01296710740265361
0.019573145216196464
0.0295711111798449
0.04068777639423793
0.05041983101348646
0.056607227382655445
0.0579237815694138
0.054171396340340294
0.046310877767133274
0.03622538492318239
0.02561890800661426
0.017446643590634414
0.013409111608511326
0.014241698161467031
0.019563558520136803
0.027978897702310324
0.03740521059058577
0.04555403708216588
0.0504549867162174
0.05090252037069809
0.04672231836909169
0.03879689147751697
0.028847643518163713
0.01959498999079856
0.0125523009388111
0.009277805888757928
0.01045193423892532
0.01573577026033446
0.023860231889602623
0.03292371803425853
0.04083071017675377
0.04577165845143405
0.04663384652650859
0.043248351626020476
0.03641697054497328
0.027715445448757148
0.027617121388501698
0.03698239593389219
0.05775477339550483
0.08984182928367623
0.1311255400151119
0.11643448867854556
0.09338895119988777
0.07763204950223646
0.06623773006934575
0.05659959735436093
0.04738316224273409
0.03901705146264067
0.033592194355533955
0.024854112738833978
0.018475946336056426
0.01604277990194225
0.018068266181926695
0.02387395634656042
0.03178395960409186
0.03958102370396466
0.04510265090406884
0.04681785990442333
0.044229309422177066
0.03799315120024849
0.029727310166922205
0.021519276273117338
0.015485589532732824
0.013089248337987414
0.014805316036356597
0.020008962960564647
0.02715468825399303
0.03419698855688247
0.03914033162110031
0.040571347328010265
0.0380300603204633
0.032120901810290814
0.024336342594212024
0.017339954044254036
0.01234446607161721
0.01070875082602507
0.012880963514253718
0.018291018854538432
0.025512883369984474
0.03265187746216691
0.03785383569165779
0.03979999582253524
0.03805444802047364
0.03317103942849453
0.026533114115090184
0.019943733609001812
0.015218377899181679
0.013624713431854119
0.015581488999806048
0.02055782595438993
0.02722430777280005
0.03381409060282081
0.03859773344013684
0.040344767920969415
0.038647879963360054
0.034022910072552204
0.027759764949902177
0.03147842295910541
0.04559822396511537
0.07156277583774528
0.10864706491605647
0.13708945742136147
0.10346977668587565
0.07916625233868602
0.06185260985142005
0.04892029985568547
0.03867694107583075
0.03112397603860395
0.02802408474134599
0.021661628672716704
0.01736904288353336
0.01646012041478162
0.019164815167354465
0.024570558582880375
0.030922120889784743
0.03618356369148912
0.03868436335991077
0.03764441398522256
0.03341106126059312
0.027335000563364575
0.021298950684210283
0.017196704333088064
0.01625716355738782
0.018696090651558528
0.023660809577767727
0.02951036499846804
0.034340925730288685
0.03658998047985551
0.035527382325727386
0.03147727835416192
0.025702447284312147
0.0199623799299804
0.016030498795521764
0.01505719153219287
0.017245025461468888
0.021796622672898724
0.027176627071632264
0.03160332677674926
0.03361409339169996
0.03252502795275425
0.02863890182481299
0.023137254814649566
0.02036121996669804
0.019267204397461768
0.020954235478692906
0.025636060754096412
0.04658163002799354
0.02640158322865993
0.009995049329087902
0.0032816213553261697
0.009063393218146754
0.026177280473672182
0.04988385088168279
0.06885642376147438
0.08100314645070972
0.0818513612245626
0.0705269940404274
0.03600899466133378
0.04011185358320479
0.04312048743058727
0.04341642641439836
0.04025751999772709
0.033996892891976715
0.02595529399539709
0.019787700191936652
0.01549268485939459
0.014268405434436193
0.01632691887167348
0.020838337373538574
0.026206525654496327
0.030583588647873583
0.03245603037548994
0.031116940783791014
0.026878408262209552
0.020961538128032586
0.0305212211850463
0.04937124602672349
0.0777499596678799
0.1156415658935428
0.12456120451688557
0.09247928859367094
0.06600796729076785
0.0453900551414359
0.03126357773086452
0.02442692831317661
0.025617862989561146
0.020513744130424172
0.017569789019926008
0.01804728031570413
0.02189138261799206
0.027766123906143525
0.03357791158330081
0.03728030272604199
0.03764964495814249
0.034739184679037693
