0.013617152692561156
0.014157537539134162
0.016629395026347374
0.020257033597652865
0.02507657513854794
0.029856626603817958
0.037115599064927056
0.04032862259313228
0.04243870698157391
0.043921026814580225
0.04511859887439513
0.046112235654587296
0.046923945405892974
0.047549383144845386
0.047979061636268694
0.04820297997111849
0.04821234054270676
0.04800090711957845
0.04756729151751138
0.04691802013385937
0.04606569654775183
0.04486330799736671
0.041870442628226784
0.038219772137917385
0.03401210067249743
0.03872856400484983
0.039546977140032157
0.040032153708681864
0.03801610490498125
0.035588600815518276
0.032997386525522907
0.035603029541310414
0.035608717742950366
0.03490553529261595
0.03392755936495449
0.033219571415714536
0.033055638451731595
0.0335829667339771
0.03484303292136844
0.036800635852967195
0.03935932432133108
0.04237483780600593
0.045667696911832034
0.04903342397871616
0.0522243169455071
0.05482444654681268
0.0561341658990379
0.054164813734288865
0.05067386795960872
0.04479275721497865
0.047576343169602825
0.04492174214916671
0.04974196792272541
0.04807451143389818
0.04380210790507922
0.039151321544621524
0.03543047091229521
0.031142673785571853
0.026825641524369587
0.022968568036472597
0.020128829235638163
0.01870376862749501
0.018934164330474887
0.02090177678452612
0.024545450118100928
0.029679041673494874
0.036012284847017365
0.04316881246060518
0.050684965278272785
0.05796303005724636
0.06413927049508876
0.06827640481247303
0.06960187874680855
0.06893067951383866
0.06512905106194655
0.05988103925270761
0.05160813498220755
0.051903953447084955
0.055257780434915
0.05098472723247783
0.04348268370938771
0.03503718801369872
0.02627535641931194
0.017961175431491345
0.010836158259619422
0.0055885843341828
0.0027483225414686313
0.0026498240833624787
0.005414026271771996
0.010951384684937518
0.018977137581259212
0.029032890300748723
0.040502019116169206
0.05260206525751824
0.06437166033355765
0.07471108560506809
0.0826368253200431
0.08741960245001289
0.08882891798934459
0.08637679700082344
0.07937581742787825
0.06844379568024192
0.057163255411820726
0.0535647197003456
0.054895471224797515
0.04581630644720634
0.03363699226172627
0.020431669089280187
0.007846030283665734
0.002924085486627037
0.010900482991242869
0.015357543485809033
0.015563877148931426
0.010944526142870087
0.0035130325247948735
0.007392398424837854
0.02114299569354329
0.03688013374326233
0.05353364008204196
0.07177131342476963
0.0874160206470298
0.0997998109513164
0.10824980185617832
0.11197843372405346
0.11036214399518199
0.10322508695156533
0.0899229989954834
0.07247969581572936
0.054299097718338345
0.04725655514139553
0.04372651952313045
0.029318821570271634
0.012483643326753113
0.004307589050711921
0.01863678198318411
0.02550147658191218
0.02717111567745807
0.02253739184404481
0.02464973853836923
0.017388892423891675
0.004587894810531332
0.012506474512284732
0.02996431779744388
0.047745530570544044
0.06622373773618914
0.09446781376008836
0.11543240410692521
0.13136263352091682
0.1382405288826245
0.13788277049975192
0.1300884734965844
0.11491261225547883
0.09022967246482444
0.06324647229880237
0.03659353305803957
0.03727747348767776
0.021827331537274737
0.002111802089164491
0.014353121358307491
0.02662046901790445
0.02804209105103704
0.03684540903545719
0.03449680470815539
0.041014648194655
0.033680666129564774
0.01880219128801211
0.0014928066524617228
0.02206259305861287
0.043596684601659046
0.06296592983551556
0.0952358753092154
0.11806025494284964
0.14726912581079638
0.16643242704074204
0.16856367596293906
0.15783800909890694
0.17888167677809377
0.289668582216219
0.06481353901293975
0.37137320127596946
0.11675037715893358
0.11723677297405487
0.21870452204049312
0.41346611317114146
0.19125157616261376
0.11144233919727828
0.08787446125397871
0.07698094770986688
0.07031593295829322
0.05728267117117802
0.03753403413313537
0.012320778311137204
0.015792863301422808
0.04621397105295929
0.07526956439207119
0.10263523933726537
0.12365778083908295
0.15209917994950367
0.18583485750258597
0.20731571605414648
0.22507142330803354
0.23170204051511567
0.19292151148803494
0.10879160620550696
0.05918595333664112
0.03457920598584102
0.04638123128797329
0.13439293135306196
0.12662966703243114
0.12337644299214034
0.11588959215172778
0.007128600252979095
0.13500430365152713
0.41684463361076773
0.03555850196557492
0.011994235181949323
0.042787945284313816
0.08718841157952364
0.12354613040489192
0.04419254683238638
0.5285914405529343
0.09409255231763719
0.17607979970143073
0.23605556902546498
0.23377584970916004
0.19304645815893534
0.1306750789750483
0.06974792490732173
0.007627935768556946
0.061999365417126515
0.11925645567216347
0.14323877479203906
0.144149299977772
0.10536596163732947
0.09500872064437238
0.3121930439311673
0.7466697812833634
0.5441343209529882
0.12524290671315377
0.17718317778475887
0.22792314964595045
0.005212197231223709
0.09048079860711411
0.17066024956555714
0.05587670512312465
0.08610205717738717
0.11999477493147473
0.10130938457437577
0.1175138352405412
0.0895551286979037
0.11645393066657724
0.008952447222533993
0.10509999111940843
0.263148506593379
0.28781616653015485
0.2652575295149451
0.45619641024944113
0.7406885758095024
0.020597940114879698
0.10675731570777106
0.22736209075475874
0.24118126821780814
0.20592843348496453
0.14327287493049906
0.07133002867342639
0.002648106418555146
0.0731563167074847
0.1303053832473471
0.16249019303617732
0.061140826957497674
0.13869599818090939
0.3189251763949688
0.3461994475664699
0.31907145484401
0.2214370155767495
0.18221829433392644
0.12767249459504
0.046170816445169245
0.10636782389248686
0.20360824413836098
0.3863864775097036
0.4302541166752014
0.0014324540584085832
0.16338217516587686
0.23691495730383463
0.21572670210018619
0.15272957272604135
0.0720949407753152
0.011116894203214822
0.08794982744503306
0.1412129824514425
0.1398450960895953
0.057015055255943026
0.32316207633152433
0.7369726149860201
0.6059497730528308
0.40368969148833755
0.3923431471084081
0.37778335503997146
0.2642636921887188
0.3088182017048662
0.347518287724927
0.20937757679975674
0.20572660981065316
0.2251923623822606
0.17971178637748142
0.18221101119195096
0.18648198004127142
0.13041901353910426
0.13215270136947052
0.12588160048929425
0.03933459068581328
0.0475217914871701
0.036674751200462236
0.08406571010187341
0.054725951763961944
0.05935829203887616
0.158840380924953
0.22763830331633964
0.31727611558842983
0.5247821744652609
0.5077749718500454
0.45439009949760073
0.56388411893653
0.7974468319322201
0.0787493014311394
0.10875031245808336
0.23634205566107017
0.22814374285863334
0.1628069265014256
0.07224637033888223
0.021283816906856552
0.10240946125148974
0.14260714000423894
0.09888274173343531
0.07150264323676853
0.2615516728132763
0.3691170915055289
0.3169196990022547
0.2957223577615812
0.2287179864596035
0.17464844111168473
0.11133527287331692
0.013879364713967196
0.09592917394338271
0.2816347231699074
0.3501131138878644
0.26953071917478383
0.024601057349840028
0.1318151036634332
0.22737449086987338
0.24375043426011955
0.1629824515498115
0.11820287087414014
0.16804919086727882
0.30101119674800453
0.5038128087530185
0.15572901308020465
0.16439008768409946
0.2823158286490724
0.3059763072528985
0.19505250431025495
0.21661260477186628
0.1904753748881574
0.15377438151520156
0.10012872757594397
0.013985446950220623
0.09994111653339555
0.20130282312395176
0.1964328249368863
0.06298840367093
0.14475511641483374
0.5646860229056834
0.13412266963677522
0.21444161935891834
0.17947108361150277
0.12700655532882513
0.03092754249289756
0.11972116096571864
0.015208643457957693
0.259637505772241
0.7332260859071729
0.5406362858715572
0.331876809848673
0.30831529673997643
0.24930191886989733
0.15722499006639845
0.18339497644080577
0.24729303497919297
0.171515965256214
0.14195273092422578
0.3124341879774535
0.1597683031059067
0.12571650078391963
0.07143152772241479
0.13710622895340863
0.11394659626587555
0.2842571936880137
0.09617082140647013
0.09048579710450697
0.06184146309542886
0.02496526776176504
0.040694692873578464
0.00858389256439665
0.06863719972519361
0.024297161952997026
0.00571248799803864
0.12962319077953927
0.048996286810226
0.041943656571729604
0.08595679508119353
0.02435504315394288
0.2019691322953841
0.022734676251160046
0.004548030020499083
0.1755377745031068
0.3367152463536476
0.305841378120499
0.5893770252598813
0.4632761766899539
0.746973217072189
0.14779212557246474
0.06165650813376988
0.27128842028283684
0.10408397687203258
0.10785277189772621
0.12280874305001693
0.02091038826218594
0.30560855476544246
0.1322961981773101
0.22040097587859395
0.056473401171874604
0.10871303428307239
0.04591892163858452
0.009478128650088131
0.028870573355601364
0.09112171830635551
0.1230646200278939
0.09227238218569589
0.0037621425343287718
0.04626390814957326
0.17342214373397646
0.12014848769169498
0.03697908197559471
0.08802613656319327
0.06800492103339661
0.008698685538722994
0.09742462076861158
0.07681040784114757
0.011868187507458938
0.016888271012835965
0.005883082259386829
0.01946978471239636
0.0683625866604069
0.1237903165817874
0.15526161502496683
0.15404490397155535
0.1591988745667294
0.20330413444827894
0.22628463746878072
0.15390618359607378
0.01930598009892156
0.056833347868490244
0.09081240871121833
0.09460041323480342
0.009073204108182797
0.09879672463302541
0.3389185540314957
0.0045995680353289325
0.029113052217629887
0.031631156371938446
0.0959893089619932
0.1566357385993702
0.04337054872401849
0.5445949634435073
0.16510578529122666
0.23160074409143488
0.2507439570291189
0.20751239768687083
0.054533162581634084
0.0603342798540042
0.1414265173737998
0.14091380630318323
0.015077181935677253
0.18859407892127894
0.6890028560259422
0.4129452913814687
0.044128447520530696
0.06611996307708448
0.08864618523893522
0.03611953178946035
0.0220565492968652
0.05613144424330688
0.031865830688439255
0.059977379277304996
0.06322063067709294
0.10987081122089348
0.14463070663840452
0.11123578060577362
0.16062354784154995
0.10572924983768273
0.020730420537557387
0.12604009416837353
0.12081653489576111
0.07971576182090732
0.2688722823040667
0.6619382096085945
0.12670930420295023
0.21384762671161653
0.2409064362020233
0.1960909787965123
0.06068013630048428
0.06333170621576566
0.14078014821774465
0.11066117644377248
0.010425581789815497
0.10045167192480303
0.17212308516460545
0.08405382887825869
0.0650405039749889
0.06752665075895115
0.0679966845624777
0.018006658234530584
0.0061897897162346005
0.02990635892011731
0.18802841849241547
0.21924897759683026
0.21390367887745615
0.1419918867259985
0.10506712453205752
0.1745214815144625
0.2906056753498013
0.4581830008459937
0.18964157023352798
0.056847910493342244
0.014304403838196172
0.024748037855688076
0.03667720831252015
0.04773032569922905
0.05233196063651182
0.052250840319862074
0.08923607465059372
0.16776741724548763
0.2552662704219082
0.2630169167610362
0.37764297684141557
0.019267811136676437
0.3015572352486352
0.10271603504682586
0.14620818261993673
0.16487717090569404
0.10662306666366533
0.05924876176468005
0.026077687976713948
0.002922031223084362
0.03126785863204731
0.05632270694856796
0.09077958941813286
0.14982614320092186
0.23104970118908058
0.30993403682472226
0.31645008773203426
0.2734673313280655
0.12701255279127432
0.047322149865214144
0.11471445549763187
0.14212432937838376
0.12891639988580267
0.10938113815753314
0.08076633307576706
0.02566613822883465
0.028623996181715995
0.08511705565126887
0.1313015046319031
0.18871199706131264
0.26077938845486276
0.31294662135697765
0.3144976089522418
0.22035018712739338
0.10373966928751797
0.01503441414971119
0.09162882924833299
0.13387826513630224
0.1518266388416509
0.15399885155932944
0.11483983724130384
0.0424739557208583
0.03280864807829151
0.11380815072325534
0.17715470762176921
0.2222812304534555
0.27445200191255187
0.30635489960061946
0.2950480665808563
0.21007248804216297
0.09904080437930907
0.00214047048760755
0.08205558387790654
0.1392819898399065
0.17648671330127233
0.16811801843765725
0.11677707829310113
0.048939666411663474
0.03225810386124442
0.11950655785285036
0.2025301298336223
0.2561750762924675
0.2790413953084188
0.29542126428144305
0.2746911024830883
0.21317188850623553
0.10003435745213739
0.0016828274923020095
0.08441798027735967
0.15389825929732973
0.18007250395669694
0.15993622777875782
0.1146578904311874
0.04844861795554456
0.03254992100264907
0.12347606517745877
0.20866684922005038
0.27651310746252794
0.28144343255007986
0.28496615512999757
0.2610592632275448
0.2062281162467195
0.10664169757186966
0.0024871592089703368
0.09574743472745043
0.1546214721125696
0.16639801334466522
0.15057270099818837
0.10840516814095949
0.04429463060861094
0.035832882631715204
0.1252861500271221
0.20969701539347696
0.2751808794528176
0.28893354860815385
0.27587648033935863
0.24621263181041458
0.18814124834706117
0.10282330841454651
0.004684368943799706
0.09309298957116491
0.13746269665516866
0.1530059951252255
0.13960233402435113
0.09999859458853638
0.038011569060893424
0.03995841404450948
0.12451299874859831
0.205548566753665
0.2666768168411999
0.29392823444759986
0.2688207158893763
0.23280295253333783
0.17080206804939085
0.08798334699898949
0.0019094381001542246
0.07648751097483962
0.12246035257213855
0.1394980586816701
0.12803410403964005
0.09046940365113026
0.030873940331466065
0.04402940320930024
0.1246214099181699
0.20218846813733304
0.26050210643765
0.2889930847744544
0.25941579869219283
0.22039781829693886
0.158449141933645
0.08107812650998424
0.0011281744118613532
0.06590246281996828
0.109679594052315
0.12651241865041407
0.11603514892301175
0.08023266154589925
0.023238020916873936
0.048236166637386155
0.1248949317640975
0.1985386771279779
0.25463038868008137
0.2778620506871021
0.2808896142157271
0.4001822255223721
0.08373305518468077
0.23752708126973676
0.06379528059669265
0.31720185841319976
0.49579885835173976
0.27399458324900494
0.17502157317591677
0.09906021496995204
0.0283218014291593
0.046573482978379516
0.12183179978703454
0.19102432673927966
0.2489354265296672
0.2800816563359436
0.2154514948705641
0.047057532069149643
0.3119119535557858
0.1777916050197162
0.21187422966273092
0.06056394422486944
0.09415076917405235
0.07245647672774141
0.0184744403838476
0.04892090386324065
0.11977863806805822
0.1841768401790353
0.22800666875534095
0.23987053577903217
0.2333415389026942
0.06373851029528549
0.3210324124785385
0.2222491967296832
0.22399825880930127
0.08141421400013929
0.400705372802183
0.20212370471781294
0.13624755970556396
0.07884135704770218
0.01851387951921346
0.04843533440987145
0.11531189089507736
0.17279777427205034
0.2172864156835503
0.2534480453546215
0.26809755127298507
0.21468236194307017
0.03303641092953041
0.23556118814389698
0.22788173662712122
0.021446766685863816
0.06180300053173099
0.05052471818639265
0.0066067849438857795
0.05102966060603678
0.11158212969442505
0.1669633863814164
0.21442876706325245
0.24324670383599223
0.2313968003422755
0.16664768548632858
0.08282707901635408
0.1621097580121
0.16399882922998338
0.35552386633331645
0.161556613675767
0.10415649531217575
0.05611690694278876
0.005839360174735131
0.050862679978594866
0.10896677618952405
0.16226621388386123
0.20414524100942263
0.22359963885416634
0.2095056742507735
0.1690660045734576
0.14073642284212926
0.09829354690957086
0.005024150106069963
0.0898116243401304
0.07713514805786215
0.047121969132289
0.001673807433299701
0.05158259994442187
0.10652796830732397
0.15565739059310146
0.19078794592332649
0.20668541749717378
0.20014582927438168
0.17590060149655826
0.12490242101157609
0.06547140839638514
0.003262507285478611
0.04913623169764281
0.05358845679504609
0.03303859114235391
0.005451721415899502
0.05373977059761688
0.10407390745716151
0.14841446816518683
0.17974997145971305
0.19548032122925924
0.1914079132271591
0.16816260788985316
0.11319190871093844
0.056705044144889194
0.004514204424594187
0.028552901956517163
0.03538472351165095
0.01963223594837099
0.013322064411643075
0.05634535259098973
0.10166763234138897
0.14171342924640407
0.17026171110509397
0.18412115258473555
0.18015367485835132
0.15709499185028075
0.11143845882716112
0.0567340189228783
0.013026841737400652
0.014233549693110248
0.02080895622415202
0.007776425292346956
0.020873411447519363
0.060663872457913215
0.1031958818503446
0.17186462160705235
0.3249502892158064
0.029089312155015812
0.22134287119660706
0.004628387509355292
0.043341081500184675
0.03671888460303147
0.010951159393835591
0.006874070483261829
0.01049774281032162
0.002022102394853731
0.02883004434370562
0.07216985019357859
0.11161244821144195
0.11865624140910566
0.028729464382635017
0.3945402357107503
0.17048618224921008
0.10229219156679577
0.05371920805783259
0.07198843294665205
0.18698778233235186
0.16608545300268152
0.34852706148458756
0.1068616658566599
0.0005660184346511499
0.05183768836945763
0.12861876838048844
0.023001273453254145
0.2785749189684759
0.18884409729280588
0.014569783259183677
0.04943286466995678
0.07039189159401743
0.012835264902790577
0.1715398002555626
0.27150596529866183
0.07025637161846882
0.06410430470879999
0.11107985026596486
0.16401480740324467
0.20286744039804055
0.14240483055335967
0.054476720154903346
0.08815845196374456
0.20586905884571668
0.19424432668422306
0.11991381155787917
0.37573107244243686
0.0023511816465046076
0.05375459372597574
0.07827942427745363
0.11895239338746012
0.1514063825933371
0.15644367197333608
0.13044222029615804
0.11848997153607566
0.12860128677590796
0.1114637720565394
0.01917924372177915
0.032161793659050086
0.013022390250102933
0.05498951068542446
0.0837391794991578
0.11592640585852472
0.13682231125837066
0.14064552866462515
0.13251667707651948
0.12405463944354683
0.10955220933615865
0.07619495403090637
0.0308727534523614
0.012612013155991586
0.03143798058511654
0.06209594278768793
0.08939412960295878
0.11223767178364807
0.1280778374021404
0.13295439050231134
0.12871111860865386
0.11724896285996589
0.09668117872288542
0.06804567855390374
0.04179806233064448
0.033034276214186475
0.04564119743601969
0.06966949404032474
0.0959005174238809
0.11060056305144095
0.12290097236050052
0.12695222712391258
0.12250279926931473
0.10973148292708246
0.08984483775758886
0.06729582512732678
0.050084528448812116
0.045705579512279715
0.05691610338992209
0.07750959977745053
0.1005021417706416
0.10996901321767859
0.11921371081349436
0.12162674374677979
0.11641007793180536
0.10385105558545554
0.08636726740888628
0.0686474490111692
0.05663073313459066
0.05498216745554496
0.06592764718016775
0.084259290918551
0.10433726511455924
0.10992149782782738
0.11631090403141073
0.11704834802164332
0.11130968753734338
0.09963659395448721
0.08467784125762166
0.07061439821386008
0.06204713229753983
0.062218979097511895
0.07227270212515569
0.08859629901721905
0.10582059284783266
0.11400207884635216
0.11642430020770134
0.11541089481539074
0.10911825475275683
0.1204567562154778
0.09010364190400007
0.07149606774166102
0.05862310088267747
0.0555498988146616
0.06349910874183812
0.08000423801232076
0.09945447632467044
0.11590936541648102
0.12324304017209575
0.1250542720765001
0.11771567991659265
0.12580768169929069
0.09330682448681395
0.07764505939321353
0.06811180864046867
0.06658221509685558
0.07318707718094569
0.08688814914685378
0.10285190252453796
0.11650918197646232
0.11608512265013027
0.11593644490455446
0.1112698672922387
0.1035707150016848
0.09092629086624351
0.07683709992332655
0.06697224803526497
0.06446758324262863
0.07049343806966735
0.08540907583790147
0.10472718013875218
0.12320774745638594
0.12516390154913354
0.12232818139516682
0.11636421884291831
0.10583027147579305
0.09164232211204847
0.07717286078845795
0.0667927236010194
0.0639124318528696
0.07010984229394351
0.08464725397181705
0.10425191561528946
0.12206728895134772
0.13196736877403709
0.12774493452748842
0.12233291238050986
0.11031755282035305
0.09401088127770305
0.0775347653391594
0.06546918204471003
0.06329566960782157
0.07024838479801937
0.08520355035569072
0.14237381416508402
0.2847668211823021
0.009570737007662256
0.2572203626519966
0.05409862580466823
0.014468906298729989
0.0411748305360988
0.043408369414463306
0.04607231962114139
0.050236244742396075
