0.004935575088266751
0.005207613463249255
0.006695307462324876
0.008864437561100415
0.012699164696306876
0.017745209013257775
0.026710589645189423
0.030136381015174536
0.03205623251253357
0.0331638902926082
0.033992093204414084
0.03470136245447935
0.03535407471563723
0.035961210417583524
0.036516972647870016
0.037010260472443754
0.037429655878333926
0.03776489873501191
0.03800715740484019
0.03814898208346114
0.03818436956476172
0.03810907322052852
0.03792114578872108
0.037621630016731286
0.0372152868587504
0.03671125051621391
0.03611927831171706
0.0353110845968327
0.03308087235656461
0.030327255887097677
0.02708495044502341
0.031093964477450296
0.03163801565119784
0.03212936472046474
0.030211985674854103
0.027819629633177582
0.02502664140444058
0.029097637556560377
0.030190302005851873
0.030110365626568505
0.029191723176751526
0.028010956540211362
0.02687891088830753
0.02599549620452595
0.02547243522655955
0.025367975114556435
0.025702950758624554
0.02647060769469521
0.027642249174898638
0.02917123052995472
0.030996336209192815
0.03304501610224696
0.03523658819181035
0.03748536761058384
0.0397035757628641
0.04180200919710218
0.04366753770972166
0.04505413978847135
0.04547919092599734
0.043386666487834666
0.04042834840686934
0.037151133293387775
0.0405290610039751
0.03935684476954153
0.03657780463067509
0.03844833082981739
0.036538417850761104
0.034335851456584215
0.03324606102695109
0.03117641802371543
0.0283168818393433
0.024933132193161005
0.021484881492832862
0.018349767444715358
0.01581847685036051
0.014089274673383487
0.013283022618416934
0.013455362366281629
0.014606995448286225
0.0166918620008768
0.019624336719156615
0.023286024870393718
0.027532393604777813
0.032199170401122246
0.03710791872137717
0.042067247833055446
0.04685741396685697
0.051178191535511716
0.05452976893505969
0.05637928032787954
0.056436800280237114
0.05581166067267634
0.05511513591016212
0.05349781255456609
0.048051133181271244
0.04047508035587539
0.03966898860945482
0.042928674415521444
0.04087477654575644
0.03722490644213403
0.03223993194260164
0.026451415999159116
0.020314605775364866
0.014347922982716407
0.009013580471745018
0.004690468110302437
0.001658060525362881
0.00009835263172097708
0.00010255468381062394
0.0016798911246612563
0.0047669300222398375
0.009237265651549559
0.014911456315893287
0.021566950921023148
0.028947097891735843
0.036766368212575166
0.04470468189687471
0.05238052143213274
0.05932223728127271
0.06499533785060382
0.06902752492855425
0.07140360883958644
0.07241973844801536
0.07186064199223179
0.06885557202436113
0.06175630943566776
0.05210629289661867
0.042916387455495926
0.0423527279393562
0.044429065823635615
0.03972794202924772
0.03258282794551935
0.024033420289438955
0.01506692045824716
0.00642647630278094
0.0012641698008684088
0.007508467575525896
0.011935317531217585
0.014298401761937252
0.014470587316675193
0.012028697769817784
0.007745458952259199
0.0017472677130287023
0.00592273917889409
0.014966258325403867
0.025033824540019407
0.03572876402046003
0.04693440711492034
0.05822944868401114
0.06808159482624115
0.07646140242892122
0.08300028642731021
0.08751291580787232
0.08980950583480618
0.0893678671370087
0.08555237932170244
0.0781279946778803
0.06730223235793725
0.055190998181442776
0.04419035877024691
0.04171846510954501
0.04001371085538778
0.03151631775921769
0.020668496448341338
0.008883023167005143
0.0025777585914937284
0.012827038057145856
0.021183054184650343
0.02641473193878903
0.027343106549921642
0.02539804329296723
0.019508317316066504
0.018640744657823602
0.012325144107607947
0.003269032369848879
0.007884147190661606
0.019048866479051275
0.03048421845753237
0.04190729711187305
0.06074842988795099
0.07485985296910186
0.08793415999423966
0.09871779385424431
0.10548855246016892
0.10908926793663584
0.1090253922361322
0.10487686619938871
0.0966834718207543
0.08489255313550412
0.06832460972112006
0.05144452404825703
0.035573074671530036
0.03792921459837377
0.02881267990275295
0.015989297387152317
0.0014169774834298515
0.012748648452300879
0.023038750763915122
0.029525108310455003
0.031398290931409556
0.03778497191583956
0.0364212229506258
0.03103790726530062
0.03120088011038881
0.024253310320818275
0.013684104330249205
0.0005924497691596059
0.012344046875235375
0.026049191450607863
0.0402764785639461
0.061427688091822044
0.07686787523174944
0.08990753741929726
0.10984922622577686
0.1231688034405447
0.130033211248686
0.1309767441850937
0.12683839443664421
0.11761775547204675
0.10349942294744692
0.08331437935249081
0.060213012885357936
0.03769071448396798
0.029235293161981424
0.022993057123617006
0.009330752407593883
0.004799395371282426
0.01724087280117724
0.023671140782890995
0.03572758747882829
0.04016377388865357
0.05207571803522405
0.05435092941037353
0.05252545880361634
0.048159530910931045
0.03899491756927824
0.026038174356036933
0.010358161028964086
0.006861750313426
0.025874218522382367
0.046315029154211027
0.06601696500897405
0.08300375482605152
0.09568157008894249
0.11655883623317866
0.1300398355209162
0.14789771424223525
0.15402000213669512
0.15085933193769147
0.14069550170339334
0.12411823796555121
0.10189024508190862
0.07537221265233232
0.04587222527744516
0.017441974513484216
0.05865329153696133
0.19613016192174523
0.1720193794484538
0.39005812782078403
0.17825909382091248
0.11720943985447499
0.09049855708217427
0.08461609553016193
0.08125996636186189
0.07668089794023576
0.0688571838585424
0.056697939618346904
0.04048781718044091
0.020927982739360335
0.0012244023446048857
0.025326410261204198
0.05020976159683065
0.07415242715518935
0.09636886839521909
0.11469740264608987
0.12963484398358602
0.13849828516449464
0.15484781870824732
0.17377188671726523
0.17614195346297193
0.16632229298989248
0.14805952570155145
0.12287143886994692
0.09288126137103034
0.06351704314088724
0.05763225973231123
0.08218760891261895
0.08445278656646676
0.016308631014208264
0.11708550839927498
0.1176404203975646
0.11706825241008668
0.11434894292559422
0.11069317285770339
0.10406413381701515
0.005356254592395998
0.14577310975522867
0.40450387899807044
0.032040278086281404
0.0234249775281564
0.01862809822323684
0.045801673480300384
0.08324428750376264
0.11363643477277294
0.047976138786706535
0.5035661311040471
0.045027986020591465
0.10536043888304407
0.15933140238529842
0.18983183553575095
0.18705859323329133
0.20871862412231212
0.31601945597789094
0.04336526040045916
0.3009701305374423
0.07177241644802203
0.002322822282122123
0.0007398578083843907
0.051664942690162544
0.1034459679668184
0.12687057138212704
0.13908438041392096
0.14239378712812337
0.1294646280501065
0.0831512626871456
0.1205117873588821
0.3331599636160112
0.7284858311895739
0.5469127102846393
0.13117917532799883
0.19324031413608556
0.2391223529313377
0.003198067243824529
0.07618715557995857
0.14832803030263586
0.021413887193693824
0.045237450174073456
0.09254738418509416
0.048672314225203184
0.06031660262619068
0.07496942477960902
0.09164044183967461
0.10277026182034392
0.06338612369441882
0.10048251956973976
0.001514829833855938
0.11668094079145082
0.26543951990831083
0.30999789244061926
0.3012709359442568
0.47280174468296565
0.736877768567217
0.07419309797322618
0.04743154007807404
0.13094370738499006
0.18465076344727274
0.23570849569453672
0.25608706554767735
0.24224678441406242
0.12867506784833457
0.01956878542073376
0.003100914494436162
0.02964335555744528
0.0732347028751261
0.11561680069668448
0.14576974789524355
0.16370585871849574
0.06668552432377142
0.09284457074593316
0.4184222759122628
0.20003779356250065
0.2847913015232049
0.3599313211129072
0.23963095984934693
0.15732456523751168
0.11362460850492193
0.07956107710274674
0.010526090683856057
0.13270180929156006
0.2463622348799278
0.2528230327990846
0.26664779876130174
0.4613267423668135
0.01910286720654114
0.12351519961898236
0.22962114680585097
0.24913787334099557
0.2157950419012385
0.14047025591592638
0.06463398857275031
0.011511978495610345
0.039856695004561245
0.09015947758821012
0.13483738978480403
0.15924084856505188
0.14106550053489433
0.05760672122313176
0.3038516109247857
0.7488334408942288
0.5742029125661412
0.28329593355374894
0.31418739694525644
0.3419242839084069
0.26807860593226157
0.31548782252877133
0.345867102293584
0.3123616418130569
0.2891785520290137
0.28079223273449827
0.22356638141588148
0.2099344484966794
0.20707344838882602
0.151652196486383
0.1461064236386711
0.13430641783651398
0.1184090240403122
0.12362710679892502
0.11876052850413785
0.07918870118189825
0.08178939848071917
0.0731382540538679
0.003219733487234755
0.0008268744410574319
0.0036219448638795115
0.11131739643470856
0.1033998168406996
0.09475189075981999
0.20028000481058586
0.16757114805282886
0.16662588939368417
0.20541230381589462
0.2701452693789421
0.33587663655807704
0.4627906133376968
0.47001439724284594
0.4332373087257644
0.5515316480831629
0.7849738875308286
0.10409704360964134
0.05890278223378159
0.18932309220161644
0.23732185165149083
0.21395651903230267
0.15419756888206557
0.08373328108407818
0.01647582892795782
0.047801184909239514
0.1064028189842208
0.15102009742040318
0.1569642818007801
0.08923850109348702
0.08604737005542501
0.2640459438926616
0.3654304137794208
0.31949281274226515
0.30616376249462046
0.2555859931155702
0.19591757805739615
0.13421143807386654
0.10824237249257035
0.06142046588580015
0.0026819751609001574
0.08721738313400512
0.18786158633846425
0.3030249325274782
0.3512015661751903
0.29001017836289933
0.08551878348206726
0.06155602422724338
0.15767983810025665
0.23450803185405023
0.2212655536295305
0.16761711561235615
0.09507945446758684
0.017910557504020406
0.05688947464268104
0.12139838496961496
0.16143160043773835
0.15342774039357848
0.07676205293017768
0.061319637733886934
0.18979710410813255
0.2588761202382137
0.2508353960102789
0.24026652376792845
0.20086898649870077
0.17433343281652852
0.13523847556013113
0.10152461644307806
0.055784626778978226
0.006397260574080618
0.08745211271429282
0.17228374097574595
0.23246284642247544
0.21313245963621968
0.13537674229114982
0.014875595097531724
0.09565768890493764
0.1649964536197353
0.22590830827240901
0.234429362866517
0.178041340476657
0.09073583650542505
0.06413607620691966
0.12832734721786654
0.309948324438242
0.5236480913145223
0.3062937724479917
0.06380932865790007
0.20542879322345647
0.3028639169576381
0.23454162159980735
0.16819903227598987
0.17219618597775976
0.14171004185548525
0.13670038263739276
0.11631010329875274
0.09093482857329753
0.053020665361159465
0.0012789884669701101
0.06833565763595176
0.12409549086569832
0.1428262374458511
0.07839668019894885
0.14733774889985451
0.4766916371058227
0.46608484150380386
0.0457192220071721
0.14312370966965793
0.21930908774572247
0.18087542440938625
0.1191236802763688
0.07802217307344782
0.009762142758320512
0.16538660971490635
0.20809364213186668
0.038324933748509205
0.3275861716101613
0.7248475423381474
0.5806260397281479
0.27455319250403515
0.2764159049792385
0.2672380159377708
0.13297896069050597
0.1759432223686212
0.20068821012548077
0.135399238450904
0.11745177557410119
0.11652128341753354
0.12071388607950473
0.09340758905627339
0.08153018744755713
0.1143777458199669
0.08818283915855063
0.07400862407763406
0.10304082171071383
0.0847751338733514
0.07358052549655214
0.08574859144643206
0.0783252948938539
0.07300669669102351
0.05621957717895411
0.060305653318458684
0.06347808999936583
0.010908911451788822
0.027533937223355925
0.04424899101294914
0.04301120383350471
0.012491353249525439
0.028857817966870897
0.08352925209159179
0.035370175481114485
0.044433960128921646
0.07055248660171537
0.019879393140367463
0.0829768975937013
0.016459872909772355
0.06613389511363249
0.024538040279433126
0.26760709746846284
0.33649712167558726
0.20499900134868942
0.4531406774498168
0.7552504511142117
0.01600304023387955
0.2383213845422063
0.0848151640398763
0.2442622200978113
0.055355062661865614
0.04825901142992616
0.11042098412027099
0.17711374739352276
0.14239325733747077
0.03348785518109182
0.3043050291391281
0.4851383908349083
0.15310873537905167
0.22023564480145946
0.05870353685854496
0.039590978803484944
0.15108199641885642
0.4574404165570496
0.07920832678073693
0.011921959207835842
0.04024310370452494
0.06813435118712427
0.08305032980353128
0.05940093556515269
0.03344874727038083
0.10594381785533225
0.051724482369066904
0.09218404800888397
0.19275383839253296
0.17178245568074282
0.017534460225468604
0.05504347606714273
0.13197591187455687
0.16534405627227783
0.11244874383548492
0.0140895657119402
0.279148535741622
0.49492334086587114
0.6526656227774362
0.643751696951597
0.2658496415122549
0.268404214695551
0.26983054891753827
0.03523952398730196
0.0766490024542319
0.0740389210297755
0.013258508184191942
0.12696319189266803
0.22049650440023527
0.38459762840268474
0.43272382198562676
0.34217902130254274
0.4483121856979129
0.7890451341015585
0.5661132399142709
0.02279588987207575
0.009977378240733609
0.0819296536235413
0.08359345561119386
0.42249762176586864
0.049349968469343475
0.003707385649453887
0.09656457344731922
0.18184641763027626
0.20536179722475362
0.1633331821396652
0.05204655596501681
0.04648077916863144
0.12396424617588565
0.15677239410244145
0.11515844524040636
0.007743922705892137
0.18424401151069375
0.3462356873996516
0.3808653409613534
0.19355372003815535
0.003412097496488742
0.1062531244715596
0.050845457326654714
0.41830168352484143
0.789623575165945
0.5280468764056723
0.08055171877198736
0.14230931099020705
0.1792184010151462
0.03787164541783586
0.13939699376128603
0.17203557770111388
0.08669951444210888
0.025566113335968865
0.025071887224894313
0.28304718287258185
0.29773601370904595
0.2588095323262634
0.5061573254197066
0.7326460411937477
0.2675094459365083
0.44443271147663643
0.09269006615332781
0.2013355786438819
0.2330218270107745
0.18130097431816977
0.05384991514847222
0.012398802111375458
0.07676286527232119
0.32924171039804734
0.5069352276758057
0.19545602550294144
0.16535523473978442
0.010974190594119693
0.2568996372740921
0.09268945635238834
0.09099809305552903
0.07430571290601637
0.35153677481462947
0.7438977736087433
0.6246562958647578
0.4838498402688576
0.47943422461327706
0.46150895291174904
0.2442919616728907
0.3132612319516085
0.34974818897641374
0.16575149065811234
0.19706267038023467
0.23818842365028456
0.007148285051967351
0.012857180474556737
0.047463116473141775
0.24871514020975766
0.18501322382236213
0.10479488579922852
0.3193399578965856
0.3148552545262278
0.33110972610989486
0.4267146596280955
0.4027789228558682
0.32290268421956736
0.4234523374334245
0.749359840299054
0.04294820151749229
0.18115309211557604
0.23284910897254432
0.20034149998673287
0.11725068235206346
0.04281941085382351
0.07638592145105245
0.12975032291229574
0.09528424272269981
0.0684096255792297
0.14926169407957768
0.3616043118312398
0.019825619464825306
0.10216988291653342
0.3291678473822265
0.34268612020847383
0.653570297374639
0.20557462702160684
0.1567686225668986
0.03843031806885316
0.09327297659675157
0.21393128625736474
0.2028467608925562
0.11888879849399706
0.08814400751042245
0.18822571082196207
0.22452647471073697
0.19923888471605183
0.12787282100098746
0.0108432433975105
0.09344916354909166
0.1208273401679119
0.09586452150563171
0.0604896739199684
0.22823713138907814
0.7054747549132063
0.4600742563020043
0.08990247641898366
0.1285879551285548
0.1394654168793578
0.09390269274888906
0.15757110836131571
0.14102791016758118
0.2603849819327352
0.16369344602590358
0.03316961441843169
0.055092086016352966
0.03873343354617361
0.08884108017168718
0.35029596595197576
0.6594515465906833
0.03538330053941495
0.04588962767176642
0.008659423576800373
0.06327328718341788
0.11065032298432412
0.05703165380511852
0.04996267863471848
0.17613088830737827
0.21152974068537153
0.21923823296185987
0.17988967242792994
0.10064230862920744
0.002538250660856005
0.07765620495156053
0.10745670417198128
0.0777887685011437
0.026956934146395013
0.1408822084818847
0.21785156362107602
0.12598466844010428
0.07132604381275365
0.07536674840882934
0.1306400344652092
0.47113786246804196
0.0549297400971516
0.006647807196683781
0.004765900141657002
0.20340436538583165
0.35088219645514496
0.058191209132468176
0.11204711780843761
0.2316374191743614
0.38758671798772354
0.0867714857463103
0.2440534878031001
0.06709427268725664
0.06440027128646449
0.09220716879642342
0.10531603583665208
0.08086475057103343
0.019673525685582997
0.04367429886231752
0.07624804688882321
0.060489511013564895
0.05520123214978233
0.19100729640147418
0.3620009729629131
0.732865298075754
0.5637258259019068
0.15318228135627363
0.22001339498602554
0.26191061965906176
0.03877241381042193
0.13614488742850459
0.13996829328575053
0.009743435786734027
0.0441714312571478
0.15115266812967904
0.3713529589630159
0.3765761531336372
0.24037328365595723
0.3421518677350156
0.7983625547876374
0.20436255475013634
0.24269585799413768
0.0844439693831907
0.23505422619138072
0.14861106367121651
0.012991300762075476
0.03708998708628193
0.08231789305445585
0.10106696971511701
0.09181237003390466
0.06058265501929402
0.025869994303419824
0.003911247243271854
0.02056821153729735
0.08089304092023139
0.20445636836263123
0.3254775729118329
0.38448399509503806
0.25382724441231236
0.0789104995101176
0.11606490764911248
0.09607676417835811
0.08554534108517
0.0629277314811944
0.1299468157323562
0.1931654981568977
0.12463982847738947
0.0464782173286304
0.018235532284277402
0.06933955885374352
0.09776392796030163
0.10355185565250795
0.09578810000726806
0.08415483914477115
0.06565197867488212
0.0033980272820152146
0.08524286513980275
0.1936426347995227
0.26123715774068634
0.27295580692112276
0.19876933870332086
0.07338466314329371
0.02522228114747402
0.017170954223973633
0.024736276982524785
0.10596298974201912
0.1619867242156009
0.18799450138491486
0.12212191806609352
0.05810819849464202
0.00610909240827742
0.06005788328945415
0.09946706978193824
0.12192342101500157
0.13973299423570715
0.12734455370970482
0.09880256242139587
0.020559641109203525
0.07371129029448628
0.17217029408048798
0.21869418508409696
0.20862575079683984
0.1533409514157004
0.08592913937531792
0.04422653683197478
0.05184712247996737
0.08890350487712428
0.1403039063878026
0.17714953672399253
0.18592074651757234
0.13074012807238902
0.05096213559119942
0.04312304501861166
0.12421139151715385
0.27118193719645095
0.4878661656925147
0.31481655221734256
0.20989523489585493
0.13080782153636697
0.046993365467624615
0.043021979508908154
0.12353255100703692
0.1755125154825233
0.1754420977103205
0.15006048721043766
0.10923448710283774
0.09184054066253942
0.1014336425293601
0.13040401349623848
0.16250685882650087
0.18477705212429058
0.18287652315515274
0.15260229813738596
0.09546839680106829
0.07387403268525582
0.004652740549241266
0.1432267808425252
0.2402225178838728
0.19802080090004814
0.14129321782108645
0.0675736494781341
0.010414735362548111
0.07864767394537914
0.1264329777480861
0.1461945675055223
0.15153115997867994
0.13665670854145753
0.13887280424998244
0.14282713757681756
0.1598801008278105
0.1798441709332215
0.19355379542677767
0.19054915464987282
0.1706234780412763
0.10469922882384547
0.03628428776526465
0.0552132005858316
0.15755957790646619
0.19509460169704596
0.1833967963172803
0.14242005736550975
0.08261628395001847
0.016206690538178303
0.04462752403781731
0.09114146290920114
0.11990422235503459
0.1383627491393616
0.1526564159589537
0.17259083503438333
0.18375294656481425
0.18589319286625772
0.1951823501954089
0.20129802491706278
0.19501946140877668
0.169337639342717
0.10286346390649254
0.011921583752582603
0.08144717131877716
0.15133691380986142
0.1765955921222957
0.1722909334703468
0.1416422659298733
0.09303204871571297
0.036193874043678964
0.019023570027322856
0.06575619814220565
0.10194517084687606
0.13087097503782857
0.15801228752881366
0.185596194429893
0.21012204403048862
0.21587894455314463
0.21067045630969233
0.2073736106389877
0.19216461974367954
0.15571001085798747
0.0917928198307646
0.00018498398703219133
0.08735958154758058
0.14262516022492003
0.1135772633737428
0.028893106695298015
0.29882666797501256
0.44215574315684786
0.19567584409606187
0.06932140482585461
0.018145214204990295
0.07628452319810322
0.12056178346674358
0.1576038148564521
0.19265044241042012
0.22121098335994194
0.23916479749713654
0.22055260320889916
0.24721952287992147
0.35352531733844494
0.019960966722374324
0.3395971971269935
0.16101429007926799
0.13883707682011207
0.12000758501802003
0.07925274173211999
0.06156270302532668
0.12189458513556828
0.1430101139154638
0.07303956929485331
0.003136348238790332
0.05886092819318066
0.11107787345363174
0.15563083907513303
0.19504351081949828
0.22688899614138072
0.2514397158563404
0.2641416164097058
0.26895977550664363
0.23977022668020542
0.09588826787142726
0.05692446215047309
0.08890021535324306
0.09922902755583761
0.09598027726998673
0.10466062387948721
0.12368908426405395
0.1148708529019844
0.06952938600649311
0.010711778144624123
0.04924905356964858
0.10353532108433311
0.15191994370765782
0.19366607911450995
0.231274457694098
0.26141770428888705
0.27479779247957536
0.24417149316795178
0.18479824240011372
0.08719280643961133
0.0054254434649221445
0.05779575369087823
0.08729360709266182
0.10374231330543776
0.11650214479988508
0.12258096958564396
0.1091853140785618
0.07344718468101658
0.011816382968478034
0.05183022252232834
0.1015559269520591
0.15032044659423166
0.19443598604251935
0.2346855883959236
0.2627808497582411
0.2683959098380473
0.22419802349546544
0.16448070870824805
0.08757075912990078
0.01426292985432966
0.04106839438162833
0.07932097705623992
0.10416995380270486
0.119500508098008
0.12386345958215772
0.11343512597911887
0.07447617884182206
0.010104881671469335
0.05591763859908791
0.1084665757836558
0.15183887596528062
0.19587009513787332
0.23495560414856617
0.2588509721689022
0.2592139731023395
0.21100227811053418
0.15476677870058753
0.08837357654815432
0.0235273180207106
0.031210946736227083
0.07283839067338216
0.1016335058219539
0.12036108994275596
0.125983732905951
0.11709516825071453
0.0692121269845874
0.00892610723738771
0.05576656731857303
0.11759168426137218
0.1551523761324261
0.1963015908693165
0.23109580875718175
0.2508743179320788
0.24832303634335223
0.20810619915703138
0.15121630572840758
0.0898858395209691
0.028957246222595323
0.02492112646098689
0.06819533747364939
0.10066484524221048
0.12210660313901611
0.13000790088831288
0.11235399329339513
0.0651135020522789
0.00705709892931361
0.05696151202372675
0.11928790201592987
0.16309781249608404
0.19730560276213896
0.2263973793257845
0.2419402392342801
0.23694037927217454
0.20768913264588568
0.14930718402788057
0.09117125073023565
0.03260545534612412
0.020470483907357923
0.06474966965808615
0.10006872376424758
0.12242480008184642
0.13093986384894424
0.10302679824996358
0.060016943120330846
0.005168692020219856
0.056910115455744606
0.11755976538304191
0.16931856505514822
0.19643297150777184
0.22143135763017752
0.23460338677301906
0.2299651483204161
0.20550145091108182
0.14763398962994184
0.09182913074774011
0.035117702394956284
0.017384464662664648
0.06356315827678463
0.10046493915250254
0.12405160264636916
0.12369252982066997
0.09595157470977267
0.0548310586830682
0.0023702948115016664
0.05835025008604673
0.11845316112944279
0.17126069337286112
0.19421780597301314
0.21630337110266595
0.22706790139348204
0.22263031669230848
0.20059592999823403
0.15120301433637365
0.09378131094035841
0.03750482919930524
0.01558731543854562
0.06406288362629617
0.10172948224082862
0.12550079062263036
0.11449630853587045
0.08884751507093502
0.049147631410018544
0.0012896520410590473
0.05942294932134064
0.117811845734653
0.16919432925506778
0.19653779009061362
0.21353527146216916
0.2210059348010575
0.2153877028616823
0.19340123839278645
0.15459956843542857
0.09515407994675588
0.03924326179330818
0.014348085465353155
0.06285946851228391
0.09956230600523186
0.1204437478666745
0.10773247446933143
0.08257749657462043
0.04392036803393595
0.004832681954645424
0.05963641006422442
0.11764289072307069
0.16898488089679797
0.2348934997016587
0.4062457887526051
0.1565410451726349
0.10254796914453024
0.22600355118599555
0.09742737805395321
0.34396815717999174
0.1306920258047533
0.08781376931867409
0.09195735388432066
0.11165299982897958
0.11665944360882413
0.10262113270990092
0.07688131917034025
0.039140241129846653
0.008015993183494052
0.061457548183393856
0.1256790949527235
0.1734385154679195
0.19308905136678312
0.007495754732450288
0.3974050055273711
0.014345717394080804
0.3700231167384155
0.08351562585637377
0.01798797639847291
0.08249166031625432
0.05160649084022789
0.13643782259089565
0.1651997842764148
0.33629462868892185
0.05540142171950879
0.1585134816337618
0.28505274563178806
0.1539872969434574
0.06315094311017136
0.22102253393956955
0.045020088020150006
0.1546340082030253
0.2261045639963629
0.07835652701935192
0.1709736376202748
0.29290717692215057
0.09061316493271611
0.07380327696892741
0.05249593169141148
0.0042287712393683785
0.01684363091854374
0.10267686651645669
0.2656526740735514
0.2598120107947537
0.06960879534796445
0.3465826877717152
0.018420198812152233
0.3628965625135452
0.03432368351036447
0.3637830266067116
0.09888676975547062
0.01846076281655666
0.012805875273410566
0.0215035733605074
0.046042320028688355
0.06717386705276202
0.033218434687084575
0.06343947770058384
0.07711422099431658
0.04409602523296757
0.3028404227831323
0.14808463274061462
0.05059848377370446
0.19414624793033253
0.29825886985755024
0.2446683801164242
0.02195150985475708
0.04141444214499726
0.30910849184185446
0.11970116626705944
0.06910697878968178
0.053734865597710235
0.058834239890527384
0.061866061810984585
0.037368519923482
0.010469546405185215
0.05679860794322178
0.0832434223423136
0.3328164109020276
0.03856107919580781
0.39604558237009274
0.24899160089697442
0.19883490220052213
0.08307476086518505
0.03218387886132092
0.04510345580686628
0.05460612337332149
0.0574206873611009
0.04995336655163296
0.028383619029449747
0.013595480626837297
0.072840184727665
0.0016846576696132598
0.25211717365139674
0.1624601421567544
0.004823601461274085
0.21102940640256002
0.1742681415365297
0.06253631767351792
0.08834671243974623
0.04988751437687032
0.002978991709591386
0.030442888062872736
0.04611230032630542
0.05017106289918066
0.043521524898493036
0.018141075518369687
0.04428992785675023
0.11713254352156541
0.14886281516028133
0.08153107022680228
0.09137732956575528
0.405552282718317
0.20044680458082598
0.12611371697214388
0.06269206194038986
0.014726002385878206
0.017383643768120793
0.03592997293291117
0.04087572023964098
0.02942366406420477
0.002766906208026665
0.05190486112587833
0.09183251016492099
0.0938062293302646
0.09640964757904441
0.15300362001025697
0.10309063574216182
0.18506547825051606
0.17133322795599454
0.11965432454370456
0.06901055514010328
0.025389573621647187
0.006473531661705695
0.02515439489724547
0.028814122430397604
0.015560755687057726
0.013146216017163814
0.047676112838472784
0.07436346512234474
0.08750530471649377
0.10282323147834005
0.12630540594688255
0.15631115329658635
0.1627854432766142
0.14681841603336848
0.11071831876812441
0.06960072902829285
0.031541148170950516
0.0022660359282972997
0.014814198817962476
0.017436742851914655
0.00538639156951326
0.01767700498680136
0.04410810118107572
0.06716083280771935
0.08635991259842354
0.10862352024254082
0.1334809023777444
0.15339779955260752
0.1496558708931045
0.13299562295791434
0.10334532290866746
0.06868048760485232
0.035622658476583816
0.009630394367486445
0.005518175734757158
0.007862962936708295
0.0019979113404611226
0.020544981301225174
0.042689573393589086
0.06494072519638461
0.08719296260545924
0.11181612288725765
0.1348142908598805
0.1497131579813496
0.14082343131096925
0.12418677520823607
0.09804366721236851
0.06778969283225325
0.03873032957796055
0.01570487118336053
0.0021882966968440054
0.0002427401094108883
0.007678720725013188
0.023226855099191368
0.043053595087795715
0.0649398413923851
0.08814684232611968
0.11284398920140731
0.13378788528351593
0.14571200713036048
0.13449935589611267
0.1169647387175412
0.09151402514501417
0.11290397898573858
0.22484046964520363
0.14348956551454697
0.36622869664287727
0.14256799482818544
0.055236954648327063
0.0020167266389167215
0.03224373086207033
0.060645023631312384
0.08662180612914842
0.11126157887788718
0.1307001777170944
0.14057970458828783
0.1316035320188264
0.11761033788543795
0.11963049903340217
0.13684645702041012
0.12533281504118463
0.021192018822720038
0.058256910443210574
0.03334527080055372
0.0034230175438639265
0.02799184845056857
0.05705268825391846
0.08382605733595239
0.10728361527353761
0.12566643753178247
0.13524562924637695
0.1356375709642128
0.12613417958590778
0.12358357676269008
0.11296770784381294
0.07834394607441528
0.022128019037176982
0.014416005038589308
0.012874195179331638
0.004407011294066898
0.028346183229942867
0.09492468963782497
0.2542770764741117
0.05299859681878244
0.26445094293232996
0.019368985150026774
0.0681400754699501
0.09872186302493052
0.1043211137823736
0.09071591236299545
0.06102312611147323
0.02632333895855582
0.0041885588668374996
0.001916688896188179
0.020646607728938504
0.07176560933114445
0.13010914001886525
0.16936138059954217
0.1083972809321943
0.05051013448612829
0.07892465662455694
0.09135399382257409
0.09060642784247766
0.07660917073646545
0.05340833908502213
0.02974069386648609
0.01568148275499398
0.01857263444392543
0.04165099119129839
0.08147604738400788
0.11605723513916391
0.12439715644234806
0.10119804375603969
0.08363423004206216
0.08900718812193781
0.09328563316992194
0.08545120245713081
0.07050848091129946
0.051261224856259405
0.03425016626400984
0.02646362823450793
0.033048953493200084
0.05413176326211483
0.08219169987402763
0.10318558523474179
0.10839369195936055
0.1015048608023637
0.09516540508762411
0.09340014761695936
0.11075156742366044
0.08945263359090153
0.06905841363127599
0.04747987035188676
0.02992439129820068
0.022381845958865998
0.028570388087371612
0.047431923052124014
0.07205490267376458
0.09277757769999447
0.10417688457708471
0.10778942818139275
0.10651123724210948
0.10254182555281544
0.11360125973396312
0.093097914914203
0.06947759679858674
0.05241707333464678
0.040400020330003894
0.03684614331663805
0.042812753721813035
0.05630871146057631
0.07255597604793934
0.08641846781631718
0.0949899972133242
0.09825518109202974
0.09850003238124827
0.10021296585513745
0.10173999568545822
0.09859212188227123
0.07355450559165644
0.055448856363725846
0.042931784691628505
0.03867936188937082
0.04299439884065698
0.054123594061635416
0.06852239592195564
0.0823791418742648
0.0930918589198356
0.10000845912700718
0.10395131285209641
0.10614901789649933
0.10443953624510383
0.09615292963823541
0.07753996293316634
0.058102982399532724
0.045271224679613864
0.0400508419034315
0.04288309084126468
0.052363608045499055
0.06575091716448161
0.07991803945337576
0.09235226871756433
0.10168763189046642
0.10734700524833124
0.10875508606815637
0.10491830262394675
0.09521172537447797
0.08067829383768221
0.0628453666306678
0.047983126987593105
0.04152207617844361
0.042949359325991476
0.051218154806758565
0.06401363071227534
0.07853527051931426
0.09215642812002214
0.10285030594679151
0.1091713287571931
0.11006971643149
0.10505728800690023
0.09540173815489791
0.08206074587335643
0.06801520209082988
0.05090926751597746
0.0432007359648936
0.04337865435382843
0.05071057165836229
0.06309026549115382
0.07783766736235778
0.09214048387180057
0.10351876585697761
0.1100822053670224
0.1130911217237135
0.10800814203896769
0.09777054370814842
0.08398500853860202
0.06464860434979762
0.04978814185235925
0.02568840250566884
0.02528176413738581
0.029777390543385907
0.03807098805747422
0.04696784073151876
0.05758380581714041
