0.012686758172390927
0.012471716343582517
0.012298403261388619
0.012164093823565925
0.012064441224603484
0.01199366486103956
0.01194479845127383
0.011909986085309604
0.011880812100810711
0.01184864977323688
0.011805013766382766
0.011741901995715454
0.011652113838378636
0.011529533289033056
0.011369367525846663
0.011168333268882918
0.010924785187441666
0.010638782407426939
0.010312090900356508
0.009948121258731013
0.009551803150026211
0.009129399658440451
0.008688266801191447
0.008236565725727452
0.007782937373112392
0.0073361515910851105
0.006904744605240598
0.006496660194208331
0.006118910651818632
0.005777273483087986
0.08525505109102882
0.005476038666486355
0.07029224653813851
0.005218285420726804
0.055884069605679765
0.004996221594859851
0.042394807251573685
0.004897805932873589
0.028404040580299467
0.0054825579381068135
0.01407460166523572
0.005944016930544277
-0.000701702001132537
0.006102986983278075
-0.005685922992313547
0.002153030718514415
-0.007458634533731023
0.0008081991483085971
-0.007480265889167337
0.00018821230175991577
-0.006697395071963985
0.00012321673337117867
-0.005451947662113432
0.0003779243422447065
-0.003912527217849321
0.0008594901679909173
-0.0021643171403584738
0.0014974667452194446
-0.00026482679384071117
0.0022359435457257326
0.001737867924555686
0.0030235928711688786
0.0037982646842696366
0.0038125885181126973
0.005872207098473192
0.004558927832654103
0.007917515900785488
0.005223394272728249
0.009895048753446323
0.005772374094660804
0.011769571775625265
0.0061783548670237
0.013510300021220278
0.006420092061908966
0.015091177128230271
0.006482523935240764
0.016491044987924364
0.006356541504277252
0.017693853962184175
0.006038717508285579
0.018689029540793628
0.005531077922605043
0.019471985140148695
0.004840970316572768
0.020036335230234625
0.003980710072033766
0.020087571383946012
0.002957533369150611
0.016871315127355152
0.0017191135873503849
0.009396078795929907
0.0003969721789201519
-0.0033202664249670777
-0.0009510768529505387
-0.009062575939588202
-0.0019814072919425996
-0.01276220336020678
-0.0030778749016954765
-0.014497444026868034
-0.003976708973373461
-0.015188063918928907
-0.0046793067557035495
-0.014395388386454766
-0.005678992265563398
-0.010449094351823868
-0.007263638119540394
-0.011199193976059035
-0.009588093548826837
-0.011756165077453362
-0.011046159590304833
-0.01173976867804738
-0.011744021674623406
-0.011054997152023932
-0.011726447666592782
-0.009848122524503955
-0.011138614218920428
-0.008251293506590374
-0.010099428547735712
-0.006375203545807145
-0.008721750335667217
-0.004309886675848695
-0.0071110185858209995
-0.002131756300983445
-0.0053679555448413185
0.00009338422931604029
-0.0035874523859386054
0.0023094386759527075
-0.0018567223049389958
0.00446991340212019
-0.0002533871232096585
0.006537526730039933
0.0011558226113182746
0.008483141331743771
0.002315602284616164
0.010284101710731075
0.003181934718263779
0.01192231078072592
0.0037215146832222934
0.013382449102632976
0.00391101293761284
0.014650541143532703
0.0037364272741777227
0.015709011354848312
0.0031925164872950718
0.01648246736510095
0.0022803628720595437
0.016578955173321697
0.000997829129527339
0.015380417320378093
-0.0006522138521522503
0.014261816935145222
-0.002643005035252999
0.014566015935311566
-0.004830297385717414
0.01882165348994297
-0.007096212079933106
0.01455335342522665
-0.00936808726607924
0.005693782902597977
-0.011630376229709583
-0.009367638832755987
-0.013769992221026595
-0.014313308118595047
-0.015399787907512813
-0.015483880836118097
-0.0174345063814213
-0.014948630814062419
-0.019682365253864686
-0.015127146982143597
-0.021849412019409875
-0.01517530850465007
-0.02334360544464953
-0.014832766986624807
-0.02400399022919969
-0.013959445345228111
-0.02380217856071981
-0.01259236297523142
-0.022820487522083183
-0.01082015975818168
-0.021182156618786974
-0.008747644365116325
-0.01903219016429758
-0.006475458173583193
-0.016522948739235988
-0.004092906102945992
-0.013805965257563946
-0.0016742112435738643
-0.011025168666336516
0.0007231639628463293
-0.00831170156416483
0.0030584638573316614
-0.005780399752156884
0.005305760625818612
-0.0035281024770469904
0.007450492789151386
-0.001633628823367872
0.009484990723061248
-0.00015900545713570802
0.01140367905022227
0.0008486135227286917
0.013197724798561794
0.0013548696752052614
0.014842275610268407
0.0013361012434542907
0.016252735136049745
0.0007763661094598029
0.017229520827672234
-0.00033625370913892283
0.017587896642790035
-0.0020099305017656777
0.017484030292326813
-0.004228344733627487
0.017806850015156805
-0.00692557897362292
0.01851527960489041
-0.009977436304832166
0.01858056303500777
-0.013267323471843062
0.01676745598200538
-0.016711015545434055
0.012224208691401228
-0.020280412638690737
0.007165888302632928
-0.02369073822740292
-0.009713576056494116
-0.026866447963719564
-0.01593950477388084
-0.029403308553532237
-0.018744796570863975
-0.0321041083624396
-0.020041500930036843
-0.034428494203013194
-0.0205219195775036
-0.035995459150542086
-0.020321338217463847
-0.036583540942033144
-0.019489610115170086
-0.036129132629573735
-0.01809696562759422
-0.03468733190000545
-0.016244606766255554
-0.03239031485892302
-0.014051653169668415
-0.029416705254840525
-0.011638990292625329
-0.025967446466273192
-0.009116799022252098
-0.022247582712710823
-0.006575912582145599
-0.018452353134287558
-0.004083175210901624
-0.014757402930696412
-0.0016807129998572257
-0.011312994237200752
0.0006112289041207419
-0.008241967902960223
0.0027886507021006313
-0.0056408353958370405
0.00485628177597619
-0.003583070259749188
0.006818125220251492
-0.0021235569318248104
0.008662617848937404
-0.0013033766124018187
0.010338237723815924
-0.001154602373010516
0.011735360722982952
-0.001704782775163033
0.012726683400560851
-0.0029781113751968513
0.013316909875335514
-0.004987294633237022
0.013705666261205618
-0.0077126763636084505
0.014100288123787552
-0.011086920144190715
0.014194992328424305
-0.015004796355350958
0.01323923798506571
-0.01936124485948293
0.010879476351947914
-0.02403492145988964
0.009066568891921978
-0.028865853124177
0.006299945163973086
-0.03366505213847959
0.0029824728450139615
-0.03808778251744194
-0.013767667337823558
-0.04200445075006054
-0.020348435958585653
-0.044855076312541736
-0.024014969019481303
-0.0473949442238647
-0.025582105714542225
-0.0490233180122962
-0.025890239256161907
-0.04950793499465783
-0.025246801204682756
-0.048741593217237894
-0.02386610604077022
-0.04676937081644322
-0.021919431203603346
-0.043740975465329096
-0.01957120730026768
-0.039875773442097084
-0.016977015434100767
-0.03542940599189387
-0.0142748616725058
-0.03066704683945154
-0.011575572008256096
-0.025839236249648873
-0.008168420741274107
-0.021166729972626197
-0.004671868310612559
-0.016828993414488014
-0.0015910805222515978
-0.012968870643822322
0.0009865906297881755
-0.009696311357419718
0.002999246403407041
-0.007092419434422126
0.0043998010572895985
-0.005215483172794078
0.0051410070973867406
-0.004108282038138844
0.005832075911878787
-0.0037774170553736552
0.007279124708229889
-0.004234393479580906
0.008404045839042196
-0.005615286766439964
0.009228192686012299
-0.007894741254462767
0.009804051482786152
-0.011067252992919413
0.010050454259102337
-0.015086542750783194
0.009651974172624478
-0.019870550393543684
0.008369231287852358
-0.02530829537329332
0.006248405199841545
-0.031242240168145585
0.0038867928326768997
-0.03742856593745805
0.002744053604335772
-0.04355730657093354
0.0005326816847253668
-0.049338744906406024
-0.0028945674930962173
-0.0543432451361911
-0.019065667302803346
-0.05833291601722301
-0.02535081170128295
-0.06083720766538764
-0.028657301924003287
-0.06250914251602638
-0.02975246816989366
-0.06283663980166415
-0.029554020620952692
-0.06169492447325717
-0.028480860557234533
-0.05910870243050537
-0.02683469920270562
-0.055255213119887875
-0.024831307822442278
-0.050409481790185395
-0.021225562090927547
-0.044920533680900265
-0.013062092091631061
-0.03920825480526205
-0.0004035212900604934
-0.03347891254508434
0.017216555286390656
-0.027975451333679957
0.0255882617980778
-0.02260082781605749
0.031176920144323217
-0.017914834669593982
0.03503483369652477
-0.013968660951543255
0.03773436737261451
-0.010835986112905094
0.036628697984239234
-0.0086221759239348
0.03060393236432951
-0.007373943185716714
0.017770066789488115
-0.007152243135819802
0.011926496596313674
-0.007289282910551975
0.007816974690560419
-0.008629140343174718
0.006742145058427351
-0.010866986397070344
0.008442777437866894
-0.014141725524262072
0.009953052232397896
-0.01872459586546804
0.010839328027113238
-0.024348453138149095
0.010895115159842289
-0.030892394175727478
0.010267591481866178
-0.038148002826405014
0.009221427964668794
-0.045802163023569986
0.0076279287279690244
-0.05347092219480931
0.0028170754781547958
-0.06088372267559122
-0.006123663350793285
-0.06720076495046176
-0.02043396917941892
-0.07206725088825666
-0.02932668887487777
-0.07476794635986786
-0.034043428592675506
-0.07645001856244726
-0.03617574793517181
-0.0765810512155421
-0.03657355451962718
-0.07499000911472709
-0.03534896127742382
-0.07171090427068816
-0.02821274574660637
-0.06710352355547441
-0.012608295940925995
-0.06153834188908219
0.011621055818742954
-0.05536000654424528
0.023064476694809044
-0.048250910129334634
0.02947463799290534
-0.04129285270856431
0.02892686666314717
-0.03460200399162103
0.03308787077670364
-0.028342058939571646
0.03703690710750218
-0.022872735826994228
0.04014537782526792
-0.018296149776865778
0.04164738881326943
-0.014677300433468682
0.04307109325926345
-0.01207081678252564
0.04598003460363376
-0.010495217433467985
0.05317692526072351
-0.009923669718401862
0.049974590158575194
-0.010464395889427519
0.04011243599986017
-0.012326475336403159
0.020116187851012962
-0.015603277677610494
0.009178038775356778
-0.018360055978988293
0.005927364416844494
-0.02258615996006172
0.005455408925347516
-0.028580531891553296
0.004933249126415351
-0.03612497509156806
0.003921030495687011
-0.044717051537946084
0.0019866978062473006
-0.053971625330608564
-0.0012604211679521915
-0.06337001000683379
-0.003470965120617453
-0.07229714053112235
-0.006664565297029856
-0.08005321867675122
-0.008865397523314944
-0.08587399952332084
-0.028193379263810603
-0.08955021331149796
-0.03731564914100552
-0.09100642693450636
-0.04130564041395862
-0.0908304856120766
-0.03717857851778014
-0.08879168337173726
-0.023116988779207648
-0.08504217510302531
-0.0005408563125874899
-0.07989197013312271
0.009100931137466517
-0.07306958554930187
0.009727468438107678
-0.06540081335245418
0.015534726248845887
-0.05708696354229367
0.019915838750147463
-0.04885556330211621
0.022792850426645028
-0.04102302213272485
0.026374082337548982
-0.033880524559227604
0.029669868093201435
-0.027687086869030292
0.032330311093269753
-0.022547586762883265
0.03442960832732378
-0.018500042327898036
0.0369814789276629
-0.015553867117084896
0.039946153417823455
-0.013703218317251409
0.04205850188174626
-0.012955718871467958
0.042795514458981165
-0.013406061945991643
0.044707195491845986
-0.015106051038360213
0.04833864921713005
-0.018339920133823157
0.03807391360028611
-0.022672791515955526
0.014781434121152875
-0.02887090061451353
0.0059385019298563435
-0.03359018254328813
0.004175073359341808
-0.041038675692546545
0.0033335338089336697
-0.05077520799031621
0.002079982716482881
-0.06169103411669041
0.00012172411689853613
-0.07297552046947403
-0.0018645526986245387
-0.08372618647302724
-0.002278146160002714
-0.09303170285122397
-0.007567090345710348
-0.10066492397304783
-0.021492925059857504
-0.10527498263609922
-0.02835616144939518
-0.015717504288245282
0.010704528647537681
0.09488103127649902
0.15323003820374798
0.019960926292875714
0.29988619413625517
0.006294043423198253
0.014289144079410732
0.008708892269784496
-0.02571949188739986
0.011920314281946703
-0.0528156693527021
0.016189416473217227
-0.055434324513334854
0.019652240891012
-0.051792704435514036
0.0224096872954907
-0.04523559150395012
0.024952793502024673
-0.03828788370298514
0.027179290061376538
-0.03190492994058533
0.029168907699168023
-0.026511522279177857
0.031222475932497634
-0.02223180529876717
0.033689297877734226
-0.01906958696108213
0.036427718498735495
-0.016993584024564412
0.039154304368292925
-0.01600492134729889
0.04200376640176556
-0.016194121279794332
0.04468800855636362
-0.017694729019794853
0.04800335916699178
-0.0207584134349878
0.04560922812831547
-0.025882561186813535
0.04105566560925561
-0.03278201868543107
0.014490025935991468
-0.04113180143325332
0.002828115110401208
-0.04704191509293104
-0.0006623623625663655
-0.056631179633865325
-0.002800352732060668
-0.06898306305672841
-0.004834417124148782
-0.08223704226287251
-0.007281799481979739
-0.09512759249387145
-0.010888032107303908
-0.10565354144883715
-0.010359075572037857
-0.10418195643080427
0.0009271691013884586
-0.07604829946633931
0.004911808395075823
-0.0002023541264037365
0.0025838062437211207
0.07203642410107097
-0.0006165585647233129
0.1049192939649636
0.00009345933039001109
0.0226730756468993
0.0030128742067087044
-0.018725220634603218
0.006259813502453859
-0.04435749938286854
0.009670482773884853
-0.052490215326719825
0.012493331397137597
-0.05206880591008656
0.014670393650518115
-0.04731785512549436
0.20803013921058572
-0.04278455403986081
0.6518113492435642
0.0195403766274517
-0.08625631527129252
-0.17553637708936226
-0.1703415185880175
0.25901049179595875
0.047249577461475206
-0.09270308585483042
-0.10213556759267065
-0.022245890028756293
-0.015341512070027596
-0.008408104429022262
0.0188665281878439
-0.010729154937945268
-0.008462746435317359
-0.02081982769495616
-0.024331152304161302
-0.021360244649279575
0.013189091234162148
0.005445219768416276
0.03204186252529648
-0.019351004742502315
-0.02208630169755116
-0.023142872048071972
-0.0004956153006130393
0.020062323999387732
0.03762742539243358
-0.018657142350204936
-0.020569364290281
-0.022643859618642764
-0.0001505304333378199
0.02127978325605462
0.042873362134532994
-0.01790181454317294
-0.019878811203411645
-0.021162477477989494
0.004402885980393789
-0.03383057673917805
-0.11989820939127122
-0.01867284869619318
-0.02663211954103073
-0.03154062647779801
-0.34998183818364254
-0.14533831073106032
-0.13316831026163586
-0.00930680112534693
0.01221396706543837
0.007700667548137391
0.47925204968443075
0.19020912835839454
0.2460811905727607
-0.05072182965871447
0.11870117975024408
-0.060099426535558664
0.04309429425858172
-0.06336116898782274
0.014200606061457732
-0.06783809458782042
0.0013264347771327345
-0.08020407922402051
0.004623298692223027
-0.0011799598321643456
0.04767432875249791
0.09361456154841505
0.0829858962392041
-0.024301156666675094
0.29418517551827866
-0.021956101174293308
0.037790442878568725
-0.014470892322854534
0.040753330216095895
-0.011593504048239
0.044266571686542855
-0.008216816705090557
0.039146976061047306
-0.004728955940433155
0.0036395195398725155
-0.0013936999724212251
-0.024667689231268053
0.0014067066440129339
-0.04340063653221371
0.005337296953724091
-0.051350737559902465
0.03047921926416619
-0.05468132927929498
0.13072392937761787
-0.05711291171710389
0.21762997399037753
-0.04127083278940541
0.2256568002550874
0.007360156718188571
-0.16931003250551233
0.042443495711883134
-0.12648718731255865
-0.005712639202068992
-0.06694509967809209
-0.018047130565321673
-0.011869417200954246
-0.02279500511624316
0.005348401173440598
-0.026049686807949057
-0.09044647992425464
-0.03284825330098107
-0.1734874932595229
-0.028677578227057215
-0.15944006389035897
-0.005584522510517775
0.24043788727878476
-0.009390201813939542
0.18329306223717867
-0.05686265588662198
0.13459543939873114
-0.06982423810148047
0.0880626845667272
-0.07453172880969514
0.0298747650888867
-0.0718862183433279
0.013208962883142217
-0.04422970823264011
0.004106367254787663
0.021309226692271116
-0.00695755259602332
0.0830096596096816
-0.03403305676999396
0.11630833334014573
-0.030993324443386594
0.0509141435932578
-0.027552516861046317
0.032133924511852374
-0.02332245050587725
0.01919249297565817
-0.01844457091852686
0.004904327787143559
-0.013777726393411904
-0.01625563210060188
-0.009665526337734875
-0.03440791524877168
-0.003678116902905426
-0.04674805600110188
0.20455521874656865
-0.06808142646109988
0.6797895402287404
-0.024413564149344813
-0.04875665083184863
-0.1514983935081314
-0.14361601464723428
0.24040421436911957
0.09382985944709293
-0.067255138065975
-0.10457836496743533
-0.023728099509176537
-0.013139575303856565
-0.017660743818463942
0.046782182515981985
-0.0022458156144408714
-0.008359242016204582
-0.019048853589577752
-0.014436780940217386
0.0007903749280509242
-0.00867854784323635
-0.01010385751423093
0.003122627047360965
0.010561735542687217
-0.0033913356054339483
-0.013233404458005416
-0.004725920552171858
-0.012656261369839994
0.02296493930376925
-0.01229099038701581
-0.020352403980593847
-0.024248468550408242
-0.014367022412721253
0.00812154456698938
0.022814331068817112
-0.024204272589928577
-0.025741807433772856
-0.03059273173756316
-0.011814849652086734
0.023333659118903727
0.03310839919454911
-0.02563097404977316
-0.027271809689064508
-0.029045567001494133
-0.021518653579787883
0.02586487756382705
0.03269400455143512
-0.029320226965554586
-0.03198254970276593
-0.0341542428453287
-0.04782827615123331
0.005261739071125704
0.0398555802820727
-0.03592719589583848
-0.03935883534171819
-0.041826152225732105
-0.03225190917737902
-0.0011286986643907482
0.02352680038530175
-0.03570381098358416
-0.04058201318530949
-0.043872686024307855
0.020610859339092735
-0.0034841196446920575
0.038566399004599794
-0.027706846152867476
-0.03601869881119449
-0.04690994298690479
0.07580506974577211
-0.015683037696254953
-0.14160822940632173
-0.03489343733189765
-0.04368831961225533
-0.009140168871469012
-0.3162109986961234
-0.132979842423544
-0.09560060426226563
0.03300286571688932
0.0690630665530921
0.025146458425105433
0.528713137786744
0.22150037487361163
0.2699594754854559
-0.08502490394234091
0.11389513612101318
-0.08004038494015986
0.047386574899098144
-0.03850267424851561
0.012246074471109897
0.010513934357162247
-0.011746877626872265
0.04327976700996411
-0.02952968580600901
0.048103673576919415
-0.033671306941480406
0.024152178263874002
-0.03335846494418787
0.006521631649636095
-0.030054001394564378
-0.008260310933490278
-0.025265992480439092
-0.02181140306846241
-0.018576051878196193
-0.03530265830812021
0.010195510867403168
-0.04932743659173039
0.11748732418656344
-0.06730150144998934
0.22109279162600776
-0.07394125649884953
0.25979646798042405
-0.03545972439869094
-0.12041402251052005
0.017007614228181922
-0.042796368285415165
-0.007620620338212314
-0.022804831765933786
-0.00847164526174532
-0.012325639280778289
-0.02287598271417446
-0.008592943145979415
-0.03283327771571448
-0.01365005248495671
-0.03806727584267658
-0.027912592001044234
-0.036446347378467914
-0.050909880875117525
-0.040759765293439665
-0.07096790351946547
-0.046899467135621264
-0.06640415014271123
-0.051328037029576834
-0.11503129351517288
-0.04985982639632694
-0.11043379153751975
-0.027098571449389597
-0.10023178639088387
0.0013519883983927061
0.29640786951693837
-0.018490752812093253
0.22211732539430193
-0.08552040936675775
0.15853823633873165
-0.08067013357870093
0.06824325405504886
-0.049652242605549846
0.020852339416336796
-0.011346048319052227
-0.011284676491248313
0.006801390954488673
-0.03155941302118187
0.004724588624261672
-0.0412927068310312
-0.010202462334034657
-0.04421846705009641
-0.025219478420758085
-0.042013029835317184
-0.037767357088888814
-0.03394728731614116
-0.04760037898498104
-0.011725645989717065
-0.05654171153004761
0.03697649751559437
-0.0686593324288759
0.11203281283890976
-0.0838589770402362
0.15462118104386094
-0.08576350818721101
0.12982990289101576
-0.0642713351310073
0.03253334136440231
-0.042033374777348254
-0.015451409494486312
-0.042653894599648245
-0.04972656249665308
-0.035363092958704545
-0.0498775963372014
-0.035005618787853215
-0.02652985207323752
-0.03717788224161023
0.011474949354724762
-0.03978593281173448
0.01947896836016566
-0.04143352482772644
0.014751633209575676
-0.04618155219630757
-0.0007234142585671455
-0.05247922511418354
-0.030403421161428745
-0.05656883318652439
-0.07624046618676772
-0.05257755518477847
-0.07565009159683361
-0.04207330775794049
0.025440222957274494
-0.05221366834065641
0.1757750336867886
-0.08017897097831211
0.1712160100249091
-0.09375134059884244
0.13043754788599385
-0.08541425266453823
0.06296840624921807
-0.06367930837082342
0.018915133865164968
-0.03430768939396617
-0.013268714324357611
-0.025100798161488552
-0.03564544667558456
-0.031969090879902656
-0.04896131266875978
-0.04625585465266022
-0.05419781292741621
-0.05971595079993022
-0.05119796484131314
-0.06915893575791032
-0.03759816905117341
-0.07470525232296424
-0.008574943281747516
-0.07964734209576857
0.035895375500903104
-0.08851729327261887
0.08142133565432114
-0.09950653226233064
0.09785262189088206
-0.10100800674158472
0.08190001198849009
-0.08776963456509856
0.05343438482809604
-0.0706694651016726
0.051447425465435126
-0.061756182467160026
0.03024822876914579
-0.0567242172942338
-0.012268445244601744
-0.05605617449553124
-0.025346078262092897
-0.04868646982021205
-0.025644663944736912
-0.046644126581651124
-0.03114089714818774
-0.04736106264540407
-0.042913483022462284
-0.0514953200852325
-0.06063320568044289
-0.057517189572871275
-0.07598693005234858
-0.06232275326350789
-0.06055080424471504
-0.06550791122983124
0.0076545216593187915
-0.07184398309456067
0.09881212512244567
-0.08694329332772921
0.13868647171834267
-0.0979775674143353
0.1504436966304329
-0.1017913924137441
0.13333146750267255
-0.09201734698278369
0.10211883699194374
-0.07666249103176148
0.022684401085822925
-0.0638287349678586
-0.015542805124317272
-0.0555630577673244
-0.05017174144225811
-0.06885931553980998
-0.08923444506257233
-0.08685682582783086
-0.08995907797540656
-0.0049319042040293914
-0.08116084823697717
0.09674700888657128
0.17814065848770405
0.013895294987735507
0.29665865922472473
0.026131670043225558
-0.000339755161429256
0.23049341642467025
-0.062069504179446955
0.6642431559298273
-0.02517714781185995
-0.08909421568757597
-0.17519159704724285
-0.18674444205101656
0.13756958244346362
0.02043109146121269
-0.10375857995866128
-0.14545476766578622
-0.06412904145719212
-0.0668145225164693
-0.0810555713339528
-0.01632066897219203
-0.029517736417690454
-0.022773084255401643
-0.08372862527260008
-0.08812008496766416
-0.08437203401878549
-0.018997037542939632
-0.003310869085323964
0.028916295508865375
-0.07040717698886825
-0.07972187987001708
-0.08687210352268965
0.000804707408522537
0.016833819931811322
0.05385860495133121
-0.06264553623307634
-0.07004141686217505
-0.07749634323859028
0.011751798991281315
0.024989883722799644
0.07150386023147132
-0.05461574788069273
-0.06123187313934089
-0.06688882247150432
0.023058198561941023
0.02845704983255981
0.08351200533364564
-0.050429922134840044
-0.055386262786454726
-0.05947233969078036
0.02988455932810996
0.02789523665118518
0.09246873875512929
-0.05011850280406918
-0.053696081878158164
-0.056374128173065086
0.03090973053129803
0.023923634614402556
0.09782741964365044
-0.05392749025107252
-0.05668215529471818
-0.05864341428259284
0.026004140536465964
0.017916792937144876
0.10001242243900726
-0.060445571264240716
-0.0633974589275739
-0.06573614610464434
0.020167428326481884
0.01468085763535118
0.09831402136343217
-0.06701908320930108
-0.07209256513045895
-0.07699872259624985
0.016999441306302376
0.01830522784056099
0.09866802712151179
-0.07343739559902779
-0.08253287575492319
-0.09130606978778336
0.02151222068698458
0.03350345042152869
0.1053619059906491
-0.0835277414762732
-0.07201637781215714
-0.011542659440586939
0.08393332809794485
0.00365073010300046
-0.11297807392841891
0.23276626488082486
0.24708142937574146
0.08407497479207326
0.2072087450129008
-0.34757439220842984
-0.12637463821268027
-0.10947592364388581
0.3990892441609531
0.29473363091620824
0.2920157589072228
0.5011108153971552
0.1788663716799685
0.24695740675251404
-0.06037715799059484
0.07718456748729507
-0.08792779045342092
-0.009157453004319527
-0.08609007978471417
-0.05919220600286018
-0.09315510220652759
-0.07922988656346289
-0.07930789295310062
-0.11462278268211112
-0.014253498527269925
-0.10914302139716142
0.053765420383119766
-0.020892041754519974
0.08257142146002927
0.0991819870950926
-0.015071874074383956
0.19660677501463192
-0.06625993307534037
0.20291456696050217
-0.05527457289357912
-0.19785866838110094
-0.028163863873499062
-0.13567214059999305
-0.08298139026218912
-0.10201309658033925
-0.0940483345629961
-0.05558541271281914
-0.09279224087372695
-0.018917272694551485
-0.08341241234133906
0.0002567549842968919
-0.07329311144718881
0.0077910835267003264
-0.06575315018587005
0.005261807767990567
-0.06237439565264444
-0.0022382297675543894
-0.06405343572712302
-0.0061384223530480675
-0.06984502900982542
0.0036289610378986703
-0.06996121920521736
0.004539487585283747
-0.05046021935127237
-0.07808072486931897
0.010651030730878253
-0.1309082140275765
0.06929155013114308
-0.12330898648130736
0.0854652612471618
0.3114139676030919
-0.022492878657897064
0.1931249789035877
0.03529471726211375
0.1555886633276736
0.09763654029976726
0.08462556929838397
-0.07952940886452486
0.29070651552329907
-0.12704635597879071
0.013238160243801145
-0.13829519088170483
0.0049166339557128735
-0.10820897197418133
0.005581578794089936
-0.027800497131760388
-0.0036453401044983513
0.066197269426993
-0.05211008084755858
0.10527773984449193
-0.08887513024687099
0.22761340401484087
-0.059958403685665546
0.5332582457484899
0.051986532297699506
-0.12751656837206013
-0.22075413158997165
-0.23330647171971822
0.014561200588639467
0.02237514296744375
-0.15553703182896297
-0.1665501446074867
-0.08277150935780894
-0.08830778397254005
-0.09635157260900959
0.00879237683947709
-0.06045758703494372
-0.058686339763800166
-0.10369307124783678
-0.10831663085062906
-0.11185962870698563
0.013320141443824846
-0.05674993932438255
-0.15571975810811878
-0.09025433137599431
-0.09507089846450378
-0.08352108168292446
-0.33698282042046585
-0.11698027095673608
-0.12612854535533624
-0.022326296194877804
0.009583336208605076
0.01177376880081099
0.5457220005150395
0.27404945854535373
0.30075171570123266
-0.045948645500862584
0.16393002643623422
-0.06432604525451135
0.1152264333506936
-0.06754978211789234
0.0916634911031379
-0.05672361224482336
0.06382473316001946
-0.031722324221434006
0.019961506428782666
0.002332720771708041
0.02237476056580978
0.020704297682320738
0.07829142901886021
0.014905648051920933
0.1243272747735355
-0.0016007916883342688
0.12162424213776335
0.03913515936070672
0.049310168306501145
0.0768091992885736
-0.09020934612032502
0.09143937997440565
-0.1337529025183945
0.006022711156065119
-0.1385795700775938
-0.023814411228384458
-0.09315339239580875
-0.03997631928809087
-0.005461886725019599
-0.05869716297858735
0.09992496087340333
-0.0906958505697264
0.19577796207520523
-0.11726460711327671
0.21306862498469026
-0.10725938268713223
0.14850350372350135
-0.04707428998888846
-0.2605063986435313
-0.021676649263210335
-0.21819528623114703
-0.10601958412445767
-0.23406492933582823
-0.12292754486408874
-0.23352863516999167
-0.07971138376547365
0.006817419898215438
-0.06068155967257072
0.8600120611446235
-0.07480346299263724
-0.0037223213420550794
-0.14175383883149997
-0.14620242980281403
0.4244447704168161
0.09599124102564915
-0.06221899209984491
-0.11842397362989546
-0.07019444569348166
-0.06486185114401924
-0.06055169715186062
0.03909160433830827
0.0011667927117295362
-0.032213757545741795
-0.06573100108787713
-0.06386840057142726
-0.051609643279176276
0.016133274278651855
-0.039445417669165816
-0.17580079337044904
-0.05270788385136144
-0.053447371247870995
-0.061058364081154476
-0.35019709820128725
-0.16537399699332989
-0.17120183629779684
-0.007291368399566789
0.010975245254566945
-0.004115881319970427
0.4049790066072395
0.22448732465338836
0.1939240315649285
-0.0017160759709530793
0.11443442080056876
-0.007921474899766356
0.09742058560187034
0.001038376791009099
0.0619547700643458
0.02415673339986879
0.007183898171983921
0.0314471575684748
-0.06965554810006769
0.010024067358696959
-0.10948110147792123
-0.03667644363569117
-0.10581938162522717
-0.06579253527297338
-0.06356416740738988
-0.08450047007764347
-0.005005449498539233
-0.10142135860860976
0.05305053300831253
-0.12446142650135952
0.1181404284087681
-0.1449968686632669
0.12945579712050959
-0.1449627634768222
0.044764182266693875
-0.1257222371269906
-0.10863458171741142
-0.12034205969126743
-0.15987807691658293
-0.13574724663047863
-0.1622616531421356
-0.12796917401591612
0.15298111313291993
-0.11035719559251228
0.7670361625044703
-0.04135503713470157
0.06541351464436129
-0.1151525804413514
-0.16156256196016766
0.21248263544628138
-0.019841810732732224
-0.14264850463858572
-0.12375949304120282
0.05954005300867676
0.04053444918675514
0.05138174846225224
0.016415050358735417
-0.06635131607587497
-0.06124788039947607
-0.05479853629332482
-0.03782424479765262
-0.01980641163543545
-0.04767597525893355
-0.060117842147437706
-0.04263528854906218
-0.05976317602834652
-0.05788476022686534
-0.05251916179271829
-0.07503735289890734
-0.07234549518434677
-0.058950853784259793
-0.062299307101264106
-0.06486672060748475
-0.06834689671428029
-0.0977313901995562
-0.1293666075562501
0.03611443719136881
-0.016714781295194964
-0.018802897563037213
-0.052507532691211944
0.13656773779763293
-0.016356410561144397
-0.18605828513395775
0.058199062950334696
-0.010449019862607267
0.029894503969713493
-0.29646220095784864
-0.11590792320632815
-0.16490418961322417
0.07780298498773736
0.07075534020538565
0.026096589878543408
0.5212707333311097
0.17312629869842985
0.25389751629122187
-0.035979633505762165
0.08658370960662354
-0.02210043295057751
-0.007795498201732115
-0.016760311916331205
-0.06561276186194342
-0.04450151303924649
-0.11355435524045929
-0.08810952086386672
-0.09991902653008339
-0.01696742868937673
-0.07782246698994716
0.08430159888134295
0.19147332451913218
0.08146110866147666
0.14704116730843153
0.07322291049558019
0.07504852937833179
0.11274905432683002
0.07605960016150923
0.10441928595431776
-0.08678099756611116
0.23899292334326666
-0.10335529723404166
-0.03740570997557896
-0.004538090456544103
-0.07334843867385116
0.17050043059896602
-0.08034079102567579
0.27901213545205833
-0.016621325454579672
-0.04784239962357148
0.06132104764379198
-0.133604778821957
0.006024514237865375
-0.1461371396732379
-0.024588568373313247
-0.14103686654710595
-0.05013090344165555
-0.14450021582898875
-0.0712189824920563
-0.19393785123105273
-0.05967939340977002
-0.1297689555418767
-0.021694917509133826
-0.09564174568201439
-0.0224066183016923
0.27686419643643906
-0.040227917210852726
0.1793386602039279
-0.06381376003712053
0.07038871368401034
-0.057994155428161
-0.03137641089740628
-0.06172145904731613
-0.09290802647404395
-0.07661099607072369
-0.08253666519180802
-0.07831658397497471
-0.11692980591794869
-0.03543536665948657
-0.10167129530241584
0.02527036449508996
-0.027016093684576192
0.05623742687749844
0.021852158021524737
0.06315183889201798
0.18873660730239827
0.06987672297865413
0.5691366314292503
0.11183850085260794
-0.05239545790479
-0.2360638254871189
-0.24384975443460785
0.23774317752246282
0.1055903333871086
-0.13007044586223634
-0.17766792106884796
-0.07228196466570941
-0.06985048160618026
-0.06188452377106857
0.09790626877819661
-0.01662198214287189
-0.0866141902773794
-0.08391886365707465
-0.07654792720166614
-0.0734888270891132
0.04834684221728058
-0.01896467503856067
-0.20093264462408805
-0.04906204249823326
-0.06043925647095133
-0.09012828395886824
-0.3400069247027365
-0.14524142342457386
-0.19761056565164123
-0.0817037745083081
-0.09174504254014657
-0.09076280501876907
0.4299457428057135
0.04085838187724983
0.15775830074749878
-0.07843502419107223
-0.028557222467338467
-0.07562420517435525
-0.09429535074196943
-0.07579979795136055
-0.09880963820280114
-0.07130347395849085
-0.016274345054490824
-0.06405077518205682
0.0651111886209002
-0.06946446751634569
0.16309847662600976
-0.08292589344896018
0.12999700876093756
-0.08533733608530741
0.05290781032843722
-0.08627148609747864
-0.033010873391598194
-0.09293675687077674
-0.10844216195251374
-0.10090656438945828
-0.16377888985745673
-0.09458285929721116
-0.1622468509230915
-0.06418958819696619
-0.10185397369285698
-0.023838607274407064
-0.02775667262810949
0.00578675218919994
0.08991115306010655
0.018487628150428287
0.17385959138695173
0.020344479171235663
0.18213016698603715
0.02599142527486137
-0.1605778877370033
0.018538411500482604
-0.06568508485183394
-0.05072233504880466
-0.07384429401231643
-0.0773877734917032
-0.1275930249146011
-0.0917838957272532
-0.18395412764253563
-0.08335220073524219
0.1302489583584522
-0.06584091809947512
0.07054322160247206
-0.0815794547104895
0.011376989704486307
-0.08004125899449113
-0.03689984247019551
-0.0803024011019797
-0.05802337996546114
-0.07975138793424957
-0.05045416266696856
-0.08077523226006189
0.0057664687684533256
-0.09127812583800743
0.0534520953793402
-0.09653381608114936
0.07192175126631839
-0.09290335263966693
0.026649110634174022
-0.10533950826132982
-0.03494212015998033
-0.1157364630767252
-0.08904803123466698
-0.12221403056988545
-0.11962690945409249
-0.11585745442513076
-0.11431076945059043
-0.09321460778405136
-0.07249402673815977
-0.06248952672430072
-0.005762560070979861
-0.036991364873285304
0.07310991103992026
-0.02465191932687877
0.10559818500539234
-0.02414661165416568
0.0626257863844687
-0.029852313396982605
-0.06895716892835357
-0.04472971436423917
-0.10130708857792492
-0.06764443013481669
-0.13694062928157322
-0.08384396698095695
0.05857108581717216
-0.07355866497919264
0.5567181121661902
-0.020656153009066258
-0.034174842278106576
-0.19747086921743068
-0.2275342311008481
0.2043709843240804
0.05199373511620725
-0.11433306563317078
-0.1893757720412209
-0.0813697349519181
-0.07011142862629244
-0.06299300918387443
0.003878261457333082
-0.04582328204630448
-0.10766384217953812
-0.08302144804118533
-0.08442300543993322
-0.07550398344648546
-0.015455018368839973
-0.07584358748914138
-0.2240141645551183
-0.08443614388256637
-0.09073472194868606
-0.09314147585265733
-0.3312210699056406
-0.17495126445738945
-0.19476297249708285
-0.03301177396036137
-0.015790380492754774
-0.04235716686050647
0.4522761701551811
0.21713300192883672
0.2576079159866476
-0.10417418863746503
0.1766838958662731
-0.1206862356960417
0.06599211696388552
-0.03624279038589265
0.08418685755417182
0.06831572296234073
0.014751335244224673
-0.10407878928792622
0.2444043153963496
-0.11669755059331474
-0.0340122179166466
-0.09914257256807946
-0.0641256047587832
-0.06004269837515716
-0.07461213496934405
-0.006405360393765408
-0.06449425542268322
0.04456942230979838
-0.05746358246012079
0.06505480514347434
-0.0569779551881161
0.045808800700024854
-0.061985791323134753
0.0016217039726393323
-0.0709014977650263
-0.0056734375518434355
-0.0798401464843819
0.06822701570604828
-0.08318100241935758
0.1486956470051104
-0.06489573501976167
0.16949786727105037
-0.022650683256732057
-0.14925969666179012
0.014359165020861875
-0.11418217224700919
-0.057813868788152145
-0.2107253836286313
-0.09562060695862684
-0.31304333651971755
-0.09028978308495722
-0.22138080825105447
0.0027999189298902327
0.2746662862580754
0.12462056728701543
0.4475875332432358
0.1640344137226847
0.2910540896592645
0.08550125248682455
0.07581126514173336
0.01248421103006242
0.09501576936840561
-0.07209600651525747
0.07298513045515126
-0.08730797382879102
-0.024719913696445855
-0.0783443656444234
-0.06754123962141645
-0.04893741275253133
-0.08533010498355295
-0.009931455080276763
-0.08554099335941673
0.025639892183661195
-0.08247581099158754
0.0445718079420869
-0.08148050152985462
0.045688234275584605
-0.0834206193824591
0.040646129899104266
-0.08702623549696017
0.06088667163094419
-0.08978452765045511
0.11031663534542435
-0.08698499318503791
0.11950484371074474
-0.07295451839928704
0.06123417844709378
-0.05110188347472261
-0.08085044155312152
-0.045728323161057516
-0.13300046294051487
-0.0744636616427169
-0.17959518363935362
-0.09345363622132591
-0.12893216823392672
-0.06157458340790595
-0.05885465436831244
0.013091474396431796
0.11775696364030933
0.0817442550339223
0.1040927492211588
0.1262974553136549
0.057258242688229544
0.08207965952198679
-0.0021063746290560237
0.06302088401320835
-0.05024966262956343
0.014527090547569455
-0.06721443173236558
-0.04324986343128598
-0.06262624777573264
-0.08098226448311902
-0.04191523555837115
-0.09956708663617642
-0.013522136735590884
-0.10410532563917094
0.013220090120925343
-0.10290467579446447
0.025097314490761802
-0.10029316846041247
0.014553391523055292
-0.09818802739015836
-0.0008106915953276506
-0.0978756492020666
0.018663774538555666
-0.0990311718699445
0.04985855382599408
-0.09319880090922217
0.0769470790513159
-0.07739884368731437
0.03764821519448763
-0.07017563251425468
-0.04681751329652789
-0.07329121110291367
-0.11492361464964962
-0.08407986914465912
-0.12254454990796873
-0.07997595602800903
-0.055880140701514425
-0.046888357259518565
0.013348642947562106
0.004594670849607796
0.07567743524209497
0.04659342601092492
0.07100603310307263
0.06605756200223092
0.0360632903246344
0.05244680653712169
-0.008454334874890002
0.027295892787252835
-0.04216019383518482
-0.020482404208533866
-0.05748716651257327
-0.06524699564984401
-0.05544066269525638
-0.0977593034724629
-0.040904356989668045
-0.11548809427027892
-0.025701131055799742
-0.12078609056157097
-0.018724512483803968
-0.11875924343095756
-0.031125539478980557
-0.11228684023935287
-0.01572270646107904
-0.11124443819055516
0.019447778749709932
-0.11012036379460688
0.041141283843769694
-0.10855972600814098
0.05131953071062331
-0.10221319358866318
0.031953860780480486
-0.09060950691571354
0.0171287700390077
-0.08045490860046203
-0.0174878947979748
-0.08208002618055127
-0.04807104436672177
-0.08280839494824499
-0.044053825387830176
-0.069402115528375
-0.006952794016475278
-0.04059302855355246
0.033410150246507425
-0.005661821134612943
0.05595667904573359
0.020672911285525147
0.03993837295380498
0.029904464251639673
0.002175822778978098
0.019239989569155846
-0.04357774183269936
-0.00672306098154718
-0.05378056469774545
-0.04904781213811993
-0.07808159266610465
-0.09445569517226457
-0.06922077611247607
-0.022002626029680172
-0.0576773060732888
0.06137604018943976
0.1599999990976074
-0.0023596716080433178
0.25220785830780496
-0.011120706256068924
-0.021476908965581964
0.003301714756563101
-0.06665393613503157
0.02793908984009774
-0.09937082537771535
0.0461889895880957
-0.10806324845159254
0.046815246626700224
-0.10740142815425152
0.022399494601433867
-0.10048982880433224
-0.01865994090887474
-0.09212259143856871
-0.040389458491014996
-0.0853585698130109
-0.025689472223485166
-0.07598423696491871
-0.006310495064691113
-0.06253926891874623
0.021412738058279174
-0.039804923502534534
0.04203613681448934
-0.016227169263261232
0.04653440267073622
-0.0003342020036828375
0.029824676384464233
0.002014516397036148
0.0002665046436564622
-0.010553353283950795
-0.03220649374902976
-0.03616919093293619
-0.04638735113548259
-0.06131610433524032
-0.04794308225583688
-0.06690467202154243
-0.07292354792004158
-0.01547972451158397
-0.0756533336153356
0.03938541683574756
-0.049009651080094835
0.06722122445437212
-0.014358255155385996
-0.015988524847828645
0.011948152649174093
-0.061237392463906054
0.03528083633312418
-0.09247811379363854
0.04994928327127862
-0.10645894928901584
0.050467355454128365
-0.10969944034497317
0.03630410239756077
-0.10562382750628693
0.011104487971187182
-0.09785013012979377
-0.01356396335803367
-0.08826698507381686
-0.031065406996871048
-0.07551982015589195
-0.015978222939587727
-0.059198761735800576
0.019052875749767384
-0.03975220966084034
0.038984591803746804
-0.025576094130606852
0.03700428332969338
-0.018519629531524584
0.020197963078433523
-0.021673499546340513
-0.004464010707851407
-0.034981701739938004
-0.028757272309108683
-0.054038435172170246
-0.047598596514385194
-0.06670416688659794
-0.05755515589167676
-0.06334665066066406
-0.06768114285782167
-0.034218325875038924
-0.06568476679641597
-0.007402042256276498
-0.04268981100198049
-0.0041755612543978304
-0.014335224689605852
-0.03865763363395197
0.012079566066335867
-0.06961258702764012
0.03411404888160524
-0.0935907002151172
0.04794779568451146
-0.10700891862941528
0.05058401609005794
-0.11133498006621667
0.04219742584664524
-0.10850995720843831
0.026667131352662576
-0.10086042942222553
0.011853566609741628
-0.0899417743505268
0.0015948912794350179
-0.07623874374150949
0.003049264535587848
-0.060250898068022474
0.0069158119082068925
-0.04451240082703256
0.02717882026131213
-0.03294499853249394
0.027620282375133143
-0.033626382692829304
0.012824184866857685
-0.0411007355946047
-0.012683492753846337
-0.05448836406083429
-0.0405684310627788
-0.06867597896609234
-0.06822658571709009
-0.07659394992705654
-0.0714717010915504
-0.0731337763989183
-0.07884887486582642
-0.059207214149288034
-0.07819699313756964
-0.045262024920443567
-0.04448969738795189
-0.04698119294277214
-0.01610680125763167
-0.06351221748508717
0.010351287739059356
-0.08296348119484792
0.03171968898981442
-0.09959809094107555
0.04574802017867308
-0.10998908247618872
0.050802132497344
-0.11347091978415047
0.04756686615442235
-0.1106754237667612
0.03913976908270639
-0.10297727701695195
0.030262388102726134
-0.09178150058610265
0.02393138674753381
-0.07836612863368106
0.01862377408987495
-0.06432291416436586
0.0139943287859709
-0.05172254734005843
0.006962905053317092
-0.04403960711128238
0.01624495237253054
-0.04417010446873329
0.005015687406825509
-0.056562243950590285
-0.01452905790368289
-0.06995116161158998
-0.040675493477533436
-0.08278296337410437
-0.06944916558984215
-0.09050673346988419
-0.09338926711138243
-0.09036559873759384
-0.09138171093141523
-0.08369927529365023
-0.07070521604966573
-0.07742845080423957
-0.051404128249912806
-0.07972028190586344
-0.022336343303224482
0.0027954104190695828
0.022699768302807677
0.09742843799596224
0.27179679399614326
0.09455418679827604
0.28430306865706606
0.07082507010102226
-0.008763273171194519
0.059242170416933804
-0.05409929538324032
0.05202350621585555
-0.0827205112819579
0.0456170708755832
-0.08421775151043531
0.04021806384656573
-0.0777023887163808
0.03503651259326723
-0.06799519983094499
0.029395825156082744
-0.05899900440056338
0.022045598419174195
-0.054372200463317505
0.013481923191701328
-0.057070690866196094
-0.0036510169803521952
-0.07329738914377507
-0.013401023929068279
0.006436050912227431
0.006925583571479044
0.09973243186798347
0.02348330356773315
-0.09783321647134857
0.29057860057830537
-0.09447777510568578
0.0008063303427929824
-0.07149081797403589
-0.034943558043315504
-0.04356100874482391
-0.037984358630345494
-0.022396761795373116
0.023142137989934086
0.007840733463875538
0.081500581465659
0.055860827302573746
0.10242913943649096
0.061718501462351
0.01078084633574991
0.06240721265972221
-0.037361231174600495
0.05902233740791574
-0.0668768355120139
0.054396520638266554
-0.07648606796261087
0.04889078888876852
-0.07609939688529077
0.041924921372321344
-0.07136079432393028
0.029864863699246846
-0.06690135521390916
0.013982575933959573
-0.0649678310447871
-0.004949099660072065
-0.05936117229705412
-0.004273968265879335
-0.03809189014707129
-0.025000980177336957
0.021774613785399688
-0.053214862716989275
0.07710146555174893
-0.0890674995213088
0.09625099734833012
-0.08425641148028365
0.009656516898309125
-0.06935875848052997
-0.021298575700888778
-0.047332706703755445
-0.017782425920529477
-0.021400974765249936
0.01594386424162486
0.008872961347659303
0.04219770354936189
0.039759977178886186
0.038204757573873094
0.05532414304309535
-0.0014608766602511314
0.061133384077675657
-0.03585584474736031
0.0619806998523309
-0.06012425746187405
0.06022618631664922
-0.0719603054297753
0.05444540130211756
-0.07559810962428332
0.045202621352591205
-0.07496336900637043
0.03190350072217879
-0.072808827761775
0.01676356174130783
-0.0675208345432643
0.0013240828133732896
-0.053430944767579314
-0.00950834120847302
-0.026039909449448034
-0.029703466514670318
0.007569653820175826
-0.052631340811558625
0.03002809910834306
-0.06863216498152525
0.024029400446899385
-0.06751785388872958
-0.00878778198059843
-0.0567920869933182
-0.023990690795318848
-0.038619479691781866
-0.018634977458174412
-0.015297845574201163
-0.0004924516298146497
0.010208499788239012
0.011137234712692845
0.02992217608812353
0.005455813156303169
0.03623442056202408
-0.015987868713843167
0.03248895376963823
-0.03962945214120661
0.03958904229776239
-0.05907639921921587
0.053135834184283026
-0.06985755561983123
0.05454583625849385
-0.07575763108138733
0.04907656985349729
-0.07728810391254809
0.039170363937535424
-0.07512512100871102
0.025794682033968563
-0.06716634680097242
0.009041322768342519
-0.05173708854256803
-0.010633719728810609
-0.03060966164126877
-0.033542698612601396
-0.014867154920379932
-0.05364669175311462
-0.0075842767980917325
-0.06534166330391777
-0.015046418966090935
-0.06554392115241559
-0.029490598917478184
-0.05621482778501635
-0.035332637373355485
-0.03921505615573792
-0.02993488788988405
-0.017600933250871975
-0.019159219598347266
0.0024469578013538995
-0.012789640172705397
0.01807414844214844
-0.016593656336392204
0.024555092236748233
-0.02929344722153643
0.03979666346022065
-0.04677248760508221
0.04486020254390932
-0.06165055254253121
0.043336455570038984
-0.07127768215474783
0.051605470364984585
-0.07603039666269212
0.046539983964556664
-0.07891992995570266
0.0358304746478387
-0.07651350605707208
0.020943730633448954
-0.06822062523673025
0.003316910164379988
-0.05519862135229023
-0.014479508613336883
-0.041190139323794145
-0.03228014540920296
-0.03635658574445408
-0.047796419805676005
-0.03622638621005203
-0.05645598215884909
-0.042466178217962225
-0.05651759268231443
-0.04945150616775543
-0.04856590584812165
-0.05071272102004726
-0.034359439896203964
-0.04543387299713625
-0.01686030769076058
-0.03761961554298643
-0.0003081779858440936
-0.03261215016187008
0.012350603086012657
-0.03400611496349598
0.022152056284104465
-0.041732655947459285
0.03291212670889859
-0.05474328192503208
0.03991648541736309
-0.06615205486343423
0.044346304576132756
-0.07391108299753896
0.04825265367628159
-0.07744845575646725
0.04595976161028359
-0.08015925482100505
0.03661342266321088
-0.07812602561296067
0.01975956204228274
-0.07182299598855024
-0.0018213426108595887
-0.06300541180534025
-0.026969799957462515
-0.05574692841941606
-0.0342920327056212
-0.054049087132141405
-0.04480144731767832
-0.05890255752129592
-0.05035947145733494
-0.06453836343491406
-0.049728950340037076
-0.06839447702588958
-0.04278418900330053
-0.06754677680778198
-0.031175733069767342
-0.06220411545162369
-0.01940349201250746
-0.05499800947786376
-0.008062635071366397
-0.04964220259121355
0.0004573401298924029
-0.04866759251407282
0.023175498887327284
-0.05468623319622834
0.03662781812213328
-0.06339589572906451
0.04279134267985568
-0.07184547286132326
0.04306381367690834
-0.07788657269620886
0.03699833062013602
-0.08071884008071697
0.04133751453954976
-0.08083475762126702
0.033783788797677045
-0.08052787306873394
0.019727146541186763
-0.07675247920378395
0.0014659212431625268
-0.07204916884722731
-0.017483826448393552
-0.06955886340856837
-0.03177187485555441
-0.07142237874716448
-0.04362949911536046
-0.07855012224298144
-0.04966503475948375
-0.08384395330685218
-0.04941281896444133
-0.08629703657566212
-0.04344139457443136
-0.084474401428134
-0.033319144272869194
-0.07895238049713177
-0.020591298417093062
-0.0717302624266572
-0.005470905134928039
-0.06576836379836637
0.010503413591998328
-0.06307991943157593
0.02763277367325151
-0.06663659576967879
0.040118447913960326
-0.07228419484120188
0.04703854364445356
-0.07822569067470767
0.04878513331596654
-0.08254948819429384
0.04622727966787546
-0.08435859956153285
0.04146225006810861
-0.08393612365985681
0.030108797384045816
-0.08491488276726453
0.014188704703035904
-0.08353726619279966
-0.0036829155228029764
-0.08205424854548282
-0.020383345014382825
-0.08280724656408861
-0.0313123368027346
-0.08675231616939755
-0.04007575523352083
-0.09571198770211398
-0.0446606767835489
-0.10126375469152266
-0.04432479162606709
-0.10325930184722276
-0.039601426511818305
-0.10098988686311067
-0.03377130932642497
-0.09499813122096384
-0.026730731897688376
-0.08710040157094937
-0.020834978405026017
-0.07974227845272644
0.0012153438462000898
-0.0772898071076164
0.01847237806869989
-0.07815405977271928
0.03156395255052569
-0.08124613621785737
0.039208724181537535
-0.08498258290996583
0.04225566222748861
-0.08769804558965935
0.04140617637987176
-0.08852245529924571
0.03838771025103424
-0.08767425175286364
0.02930857039292384
-0.08999674153781528
0.015978817281827318
-0.09085028680331397
-0.001811052989143802
-0.09263549937691823
-0.020680017588351474
-0.09629689944684522
-0.0392686055240038
-0.10250754865895689
-0.04017604269924799
-0.11024421589867828
-0.04247356532098262
-0.11714995635980899
-0.04156502357524766
-0.11925269824332688
-0.0380515514089079
-0.11680860442202026
-0.032122266805350574
-0.1104314558933267
-0.02283748130572638
-0.10201105268421662
-0.009422098941942597
-0.09397352940888906
0.007737480586629264
-0.09040535428657653
0.02325570546793526
-0.08928002469512891
0.03560965746171624
-0.09025305130936134
0.0435410073334877
-0.09209453148839336
0.04448995016872598
-0.09357356683294876
0.03943088359279312
-0.09394557732780667
0.027823752253330614
-0.09371122638623205
0.025845499692477847
-0.09458968707064627
0.015147060774455268
-0.09837078832223789
0.0008613402421381311
-0.10279092756948563
-0.014638462977121652
-0.1088376531744753
-0.028380071909257232
-0.11661323310112673
-0.03656564473758034
-0.12485560933475859
-0.0413094168236168
-0.13221829944308205
-0.04172815008623598
-0.1343880723161152
-0.0382737183741666
-0.1318562257211625
-0.03035888041916318
-0.1252975792398449
-0.01857324019005069
-0.11652897558635092
-0.002319760921420666
-0.10797694958179463
0.013574558350036986
-0.10296980449348708
0.028069133299672422
-0.10013223615804229
0.039566841740527464
-0.09928882243377402
0.04668037852091342
-0.09952191409899058
0.04820908054375017
-0.09992145314969808
0.048784851616217595
-0.09981327183348876
0.05119205989101913
-0.09941103791173939
0.055134161271871984
-0.008731685859197369
0.15479423941062317
0.1730093510768363
0.027087855248419668
-0.04275593446023185
0.2905739249557296
-0.008725260156235565
0.15675029076411912
0.06917917233242407
-0.055515532923087474
0.2901833370482171
-0.0552812705722705
-0.025687881467093554
-0.04662729916242836
-0.0810697211057411
-0.03832489018225027
-0.11414778244523124
-0.031542595366156057
-0.11845305328551964
-0.011891282038632989
-0.11689414529601816
0.00506807997483219
-0.11307256644045291
0.020178849570268304
-0.10987016920053466
0.03173672514954651
-0.10791251879450417
0.03903537402990931
-0.10700140587653395
0.042529532730686964
-0.1057212492212882
0.0403044292212712
-0.09190583587873433
0.0019557114703488976
-0.10257124804997186
0.006952380423162624
-0.07593451016523894
-0.011857021552903746
0.18025554300431484
-0.17008774035463983
-0.1606527126848145
-0.031200527115463755
-0.19971459831546856
-0.040288389476003106
0.11791605566361649
-0.18408183826955526
-0.1993830496316551
-0.0514863192697132
-0.15246119241125608
-0.052405834940587315
-0.09202870392547552
-0.05706767586114214
-0.11211601088343404
-0.062221365333346434
-0.12362859919636912
-0.038912564215551615
-0.03103175351980625
0.031127381896567385
0.1571849831138139
0.16525671262376557
0.05375064805763108
0.27207978308615016
0.1192864412949883
0.25033411987630316
0.2509272384916461
0.09542715905225138
0.35513303251399536
0.16602109817687297
0.2793013256371771
0.21928386486684492
0.043356030912846955
0.35277692164764174
0.07155428596264349
0.20081280554743564
0.10689270553189856
-0.029677062627171402
0.3027974852077833
0.00826653600797811
0.1198713740640836
0.06759692611671059
-0.06397667737952362
0.26310661466267815
-0.07382800227380512
-0.015969076833614315
-0.06386680265592054
-0.061598697313272055
-0.04157593463827075
-0.060030414288416156
-0.02209539890108761
0.01537071421856509
-0.0013593785880919307
0.06487777301514952
0.054287188938358655
0.09296564711395963
0.13912651978159218
0.1515874850996278
-0.08499744568676831
-0.06831806321181216
0.05908523911312663
-0.1364071889031053
0.07009640096091285
0.18990286801389644
-0.13059770940835297
-0.12681644797129576
0.024580574941702182
-0.14656751988368327
0.01260936963063175
0.17128771374562646
-0.16797910720616524
-0.16341991388495403
-0.02021727076398805
-0.19291656821924047
-0.02065800667274742
0.12516887566065032
-0.19565111333092827
-0.20980822795393053
-0.04104968897485267
-0.15925636525334352
-0.05582707908912743
-0.08135782737590136
-0.05357494784670097
-0.07563344832163088
-0.039588037047003366
-0.04719514516087653
-0.022147124710981958
-0.0023093841629487355
0.010041079359590088
0.02033106322873679
0.022929926787897542
0.006954342831613225
0.023610393351569253
-0.05722956542044605
0.054935687400732985
-0.09787705576701292
0.06251647937855542
-0.021040500057183664
0.15418669000846763
0.1402589940994342
0.11919434685184388
0.028402744595004553
0.24973312000425546
0.06565704811421963
0.1193019782511276
0.10524466744050609
-0.007741368069576621
0.12753262081967004
-0.027657474171846885
0.06748884815178408
0.015328892028174945
0.08132763115547004
0.04748215071456549
-0.057784240152278926
0.2789783777776969
-0.05660194160571924
0.01909782854517955
-0.040335095288742406
0.00031165318552892063
-0.01990199036332088
-0.006296984095877783
0.001557237771883796
-0.008133347645627176
0.017884173001091602
-0.027691320340226533
0.02862776007576534
-0.04891717506187998
0.008818761375386786
-0.07366662951010947
0.03103020362171416
-0.09616300575087583
0.040480149662910636
0.15777024352834873
-0.18835987585679503
-0.17640331381499036
0.006014893475554395
-0.23180554510301626
0.015285235642246708
0.13857601314573503
-0.21892106991429766
-0.24337166346596523
0.01855384283537015
-0.1496055493330578
-0.012518531836488989
0.007995098814448098
-0.029645925947441587
0.0645083762198842
-0.05398572319099085
0.10051200499895344
-0.04907024059765369
0.030337901728690192
-0.03648486808780549
0.0031380984397486045
-0.019024720439748954
-0.013290443542036956
-0.0011455009429869878
-0.02489536866750519
0.011707725935247715
-0.04105823955082702
0.02157394435998064
-0.06345028999399857
0.058488725052994184
-0.09566412872792113
0.04214345848845641
-0.037652818010123074
0.11197818754208999
0.07209324016740265
0.1111041829331838
0.01752495508246049
0.17996562994983867
0.07313043381150325
0.07663441494311071
0.07010329264802717
-0.02260314839844374
0.2766545812838489
-0.03210773138566991
0.07868379845333617
-0.039906942531452716
0.07425173163562088
-0.046794577676878
0.05223979327217465
-0.04310359561047833
0.018197548389087825
-0.032696596411868895
-0.006006699001268601
-0.01824206757628899
-0.023477828972835457
-0.002937465278575746
-0.038147907791628716
0.012807016239826247
-0.054606898612329924
0.02529915387033052
-0.06629793697626993
0.03237552079787431
-0.05724078547881262
0.04263520215469219
-0.006352630947056015
0.004039730008006948
0.019824037603949213
0.002926369869873935
0.005753073424834831
0.013872584397698617
0.17631794982838678
-0.15782525989150809
-0.15096134212097337
0.007858633830968853
-0.11467357573394704
-0.01815220080578689
0.005690410481345304
-0.03416257237735601
0.019428305695081
-0.040220603753582385
0.015018156139521843
-0.037928530236097935
-0.0032467825603257894
-0.029392057060501353
-0.020988517037193732
-0.0168254086144852
-0.036451152941591874
-0.002567480818507495
-0.04981587259181741
0.011331668864116295
-0.059774598136717594
0.022830066979219465
-0.05936514861042949
0.028039553346269896
-0.043825244690403053
0.02530675801289392
-0.020308459539521984
0.029469006067159575
-0.022123114382119613
0.005553617563413271
-0.05687841648618186
0.0012337414177876482
-0.11353050781416116
0.00418437959977952
-0.116443517340825
0.0010819253581750843
-0.08491534807470183
-0.014397727739678123
-0.03652341259172742
-0.025188101797195273
-0.01859307743408256
-0.029763327568263775
-0.017294732492702802
-0.027779597512550547
-0.0265706825292647
-0.020463536714463437
-0.038583776024733174
-0.009492594496240542
-0.050111020067420964
0.003186012631804097
-0.05903271955081224
0.015439875836566197
-0.06257394539419064
0.025118696445130262
-0.057734761824393965
0.030851830694546556
-0.046699413298819104
0.0311770083744492
-0.039494579721733314
0.028197087136914434
-0.0496419457330563
0.01839560491285544
-0.07482632889253132
0.01181160926212052
-0.09891551595809608
0.003758266670544075
-0.09911302280292827
-0.005912295305065263
-0.08146842701105883
-0.017983235057792146
-0.05832494850631503
-0.027261266641556425
-0.04594448790004188
-0.03152579910782563
-0.04371713774906846
-0.0301017767283715
-0.04852809078380149
-0.02370489642376919
-0.05603107819395284
-0.01378796952333644
-0.063150798768314
-0.0022434077560110066
-0.06742868863556128
0.008880241389521704
-0.06697356486065134
0.0176090664516175
-0.06176974942736779
0.02246008459279969
-0.055749261806176675
0.022483046648301974
-0.05567131670240005
0.018378612102912528
-0.06592627607794749
0.011691717559657033
-0.08196162338908894
0.005600374492958637
-0.09383801066364245
0.0012265888302942507
-0.09358643791837026
-0.006251764675860028
-0.08534348047809018
-0.014597002860621822
-0.0740793047959612
-0.02106100680853734
-0.0671510132690041
-0.023751472392732342
-0.06571068562179566
-0.02198326688803029
-0.06832215347051099
-0.016134105810581972
-0.0724286176394115
-0.007303667469445718
-0.07569387033398517
0.0029716373693870757
-0.07635341367850101
0.012977119100955892
-0.07376476142591598
0.02104586715018092
-0.06923300969209414
0.025902170557312032
-0.06619293824128278
0.027011092936830294
-0.06834714880683379
0.02484054973799249
-0.07652483944158794
0.019728859965166545
-0.08692401778390021
0.012398559606541515
-0.09416670780365427
0.002717112047856546
-0.09519594601890849
-0.007365505872388156
-0.09258282822305286
-0.01644750165754716
-0.0878781628992617
-0.02299335671281849
-0.08489394303840103
-0.025831682013801732
-0.08448787995020898
-0.024484628784341572
-0.0858800794700404
-0.019302273130743508
-0.08749687655782004
-0.011292814906340154
-0.08782937842377533
-0.001901378406684029
-0.08599301678337071
0.007227862857965561
-0.0822364203686006
0.014516174967835194
-0.07819817296910211
0.018776509176759715
-0.07639089785469705
0.01943475292643354
-0.0786977849768869
0.0166293092904779
-0.0848149926152604
0.011607940685165324
-0.0919727745978427
0.005523286392190296
-0.09732037320564241
-0.00011262850807269853
-0.09950695830865885
-0.006706684415630354
-0.1008203146935388
-0.015309424061001886
-0.10039487511315753
-0.025779489405107214
-0.100324410064494
-0.017423725487426822
-0.011426900501653597
0.023598124698718248
0.098235225948827
0.1428263046835461
0.006718083539565267
0.2999397169043169
0.0033376730234449536
0.011189482494949332
0.010154048318382347
-0.032544552166418605
0.017565690629562092
-0.06501536390674773
0.02240362368837609
-0.07579285728166893
0.024106631761017655
-0.08343793372738287
0.02275347481315193
-0.09033611603533317
0.017407216716412433
-0.09697188837122783
0.008910663440052369
-0.10240375075495745
-0.002922099990071425
-0.1063679193958017
-0.00923092113893964
-0.10868505926655517
-0.015538499081728385
-0.10134184970644833
-0.01433774937323759
-0.06992529989832824
-0.018440473452319278
0.006405759509169051
-0.017176205436544578
0.07780067488491055
-0.011887877712513095
0.10850515709821346
-0.0036884554271537917
0.0227231002800779
0.004679775222140303
-0.023509996469534
0.011530902954716149
-0.05611358138645384
0.015836508092555712
-0.07382222057729343
0.01680990668444793
-0.08544322618802433
0.014107463237167106
-0.09425085950831857
0.0077156967924740805
-0.10174622220619031
-0.0002334937368347889
-0.10782750560274973
-0.007558216408697638
-0.11163097386361162
-0.0097753419454491
-0.10960984822689285
-0.012859723995078953
-0.09477075014693234
-0.014127154707214012
-0.058738332154120304
-0.01587255440902463
-0.006678446319513254
-0.014804426294667272
0.032013292437113594
-0.00874667128177839
0.036693345559411505
-0.000173851431766181
0.0027457607017676577
0.008120482492431635
-0.029490209117802313
0.016532875216527243
-0.057622912794512704
0.02578196001965155
-0.0776506697552222
0.037101047543401655
0.0049118973116511755
0.09365308145525414
0.09934796897258527
0.1379203911140467
0.012685558578100636
0.28760792463064094
-0.003088910590867411
-0.006987583358545879
-0.010009968019236565
-0.05024542606576976
-0.013443698060399134
-0.0696581842161842
-0.015315763327019838
-0.05185121098438772
-0.015879032033149915
-0.02342721904976003
-0.013624878442224098
-0.003215474051875694
-0.007916524692503923
-0.002527600893358073
-0.00004903002576314708
-0.019622731199558513
0.008593422113840204
-0.04061841935557392
0.0161068157947232
-0.05091123228459643
0.023762394198558467
-0.033653917013063694
0.0356322604863174
0.03192547143631139
0.03343652813067394
0.09059331274209256
0.005687107786049583
0.10908400207697178
-0.004395803293727046
0.014954826672046728
-0.01360470007953335
-0.031310553895105425
-0.01452880761935782
-0.05305281480593227
-0.015919901068013748
-0.050411867926503096
-0.015488932289217383
-0.03808511211408461
-0.012607699894566782
-0.028758173212038163
-0.007023593131284811
-0.029232111568261998
0.00039516454186178107
-0.03780612722606727
0.008482468413752442
-0.04554218736190496
0.016718336477924423
-0.04020625662979796
0.024441390029583954
-0.013902851821155637
0.02714099036348533
0.028193776788285746
0.020116415129479426
0.05518628889531668
0.00681945170506737
0.04789788350777202
-0.002589896674573683
0.005173367419802344
-0.010026718093889553
-0.0288486418684053
-0.012460145371608333
-0.04845113780181681
-0.011259932806177986
-0.053630387629559906
-0.008457078244281935
-0.05108196014083313
-0.0037938025547301635
-0.048129273352980756
0.002797813012179462
-0.048524891122637415
0.01089410535760435
-0.050588903994829015
0.019894219952917847
-0.048320904677275206
0.029033770996253483
-0.03529288137518585
0.036536089506023633
-0.011012323920423922
0.03954837202499631
0.015279449978065074
0.03730898599942856
0.027307414190707036
0.03195977900073227
0.017471553983896965
0.023932604379583444
-0.008692010106700343
0.012644690864683783
-0.03443532737148758
0.03733966813563916
-0.04727874341713845
0.04491241085633868
-0.05969233371270935
0.04598539044548905
-0.06325995985644817
0.04017401191037773
-0.0638949264207346
0.027280171352489918
-0.06339855746182607
0.009121144123726138
-0.06061596546713205
-0.011392698458237566
-0.052585982349304394
-0.03101460663061717
-0.037370452945392624
-0.0468290937193476
-0.01738903679271042
-0.05645944198126612
0.000024423898470765648
-0.05836188298669054
0.00634179629466422
-0.05294060501866843
-0.0017382571128451985
-0.04110731988153496
-0.021696531968211363
-0.02154517580608764
-0.04320043331667994
-0.03428233927399396
-0.0605728352459739
-0.020706445840723564
-0.061673282877986735
-0.015386890995784108
-0.06556034398307237
-0.0104182812010159
-0.0669579087753222
-0.004695167375228793
-0.06713220512104476
0.002072047755003331
-0.0647908148893063
0.00908047418010885
-0.058354868598511356
0.01499482815106562
-0.04751943966977798
0.018225440116626523
-0.03467876005159798
0.01757579768771861
-0.024438029998903044
0.013020022341607151
-0.02128535695261169
0.006211100274997605
-0.026699360092845015
0.00012692886296378214
-0.038431427222460623
-0.004511408544000117
-0.050830735281293116
-0.008203724299273296
-0.06010169777907581
-0.014727424076431406
-0.06429749984903727
-0.013384743565770796
-0.06799868768195286
-0.009930961248116321
-0.0701262063276821
-0.004525881641868068
-0.07101071757542238
0.0019854099280935955
-0.06987382213112583
0.008590875833735523
-0.06594102819697023
0.01397466682877671
-0.05939554863463273
0.01680309379393438
-0.051909464958283386
0.016258324943146663
-0.04612619341909943
0.012587184586002054
-0.04434334585848257
0.007073221154793585
-0.04713685628341846
0.0011701578954598224
-0.053057766534508055
-0.0054951846674328175
-0.05944070307700999
-0.01185759341133838
-0.06447205515478158
-0.017399260097729213
-0.06792126317124808
-0.013695815042625015
-0.07087145455988583
-0.009942001222172092
-0.07365452430995956
-0.0045039669551896755
-0.07544986624974895
0.001796759588385266
-0.07595885477274009
0.008048118375393598
-0.07474518272506309
0.013042991710608964
-0.07192963461755061
0.0156830863124785
-0.06838279729465588
0.015380892757057563
-0.06540919713810517
0.012332406754519687
-0.06408832812932919
0.007294595567166884
-0.06467836143092418
0.0011333457274345649
-0.06655906623575653
-0.005604189034086188
-0.06876367368729028
-0.012363597771093693
-0.07077322057891217
-0.017026472719868513
-0.07265263340093378
-0.018042885790944818
-0.07491911480198371
-0.011154989375111724
-0.07761636391445295
-0.00519768808155463
-0.08060097988586895
0.0012906511156651757
-0.08290549348976106
0.007389244718261356
-0.08427311704091556
0.01218122267875793
-0.08453528473522903
0.014768180959080501
-0.08387230112528093
0.014670722417585436
-0.08270148651326609
0.011967854697751135
-0.08143900444402385
0.0071782896698781296
-0.08029588171627175
0.0010250241999509857
-0.07928685090032722
-0.005618486989159566
-0.07843406662151317
-0.011565089073544699
-0.07797167426514512
-0.015040865219401178
-0.0782316491510554
-0.01491370907616002
-0.07973155334103157
-0.010710874418539962
-0.08250535957843808
-0.005177044483115623
-0.08652856741659234
0.0009540878030173117
-0.0905530693547299
0.006807619265979115
-0.09418994754375978
0.011420626570633752
-0.09691930850216537
0.013970585885851594
-0.09837209198956476
0.014000997119172076
-0.09838799868460618
0.011513609399725344
-0.0970258757750525
0.006928777601095948
-0.09454377761043117
0.000995571923532168
-0.0913918716571413
-0.000940147306378869
-0.08769429624679553
-0.0016591503722987455
-0.0852406528709565
-0.0021191811723908494
-0.08437884717874683
-0.0021951654779088503
-0.08550084261286506
-0.01099191377244721
-0.08914822636195488
-0.012374266653459032
-0.09358587297825613
-0.04071866434942395
-0.09946852105874204
-0.06863321630665609
-0.10453159621818878
-0.10164867784372478
-0.10882694004104909
-0.14375285013956546
-0.1114566668073913
-0.19921536439702014
-0.11266346985144934
-0.26282101816446757
-0.11264645149920954
