0.004935575088266751
0.005207613463249255
0.006776995113764584
0.00962486378586623
0.013663175850537803
0.01873233275839596
0.024605660313020798
0.03100141444111939
0.03760160801616056
0.044075500134760595
0.050104516356867995
0.05540504428418462
0.05974609077817697
0.06296000301810617
0.06494593589409026
0.06566705129223735
0.06514325868615664
0.06344156484906005
0.06066589183674223
0.05694773804192369
0.052438489083298484
0.04730367008507629
0.041719035283541844
0.0358681254792222
0.029940766923288155
0.02413190465509121
0.018640131730825515
0.013665279136415256
0.009404472396792764
0.006046160056353571
0.0038045875826305496
0.004040068923402376
0.005648807272043916
0.008616764489835407
0.01285537149006814
0.018198148549087915
0.024404967980685657
0.031174861197476353
0.038166658347302776
0.045025021886028214
0.051408144775473986
0.05701298888533284
0.061594588353823254
0.06497739763534427
0.0670584172744387
0.06780334330507191
0.06723790361702654
0.0654367832902217
0.06251224005212541
0.0586039121674414
0.05387065387321623
0.04848465189596477
0.042627647882074696
0.03648881747706987
0.030263704200536305
0.02415353325047176
0.018364202960608693
0.01310425258918232
0.008581137586997571
0.004995231391053047
0.0025681608443122034
0.002755867318883831
0.004401715994655921
0.007497931869893032
0.011956091074865472
0.017602441248177607
0.024181807383686253
0.03137128239110461
0.03880300344241349
0.04609323814229902
0.052873430673051044
0.05881836927058941
0.06366742449858515
0.0672365719331565
0.06942101442506118
0.07018999169981244
0.06957638820135931
0.06766395004925743
0.06457449571728727
0.06045676005113479
0.05547772365839651
0.049816622450464476
0.043661370001567654
0.03720684706001065
0.030654369938401312
0.024211588583246513
0.018092044076972114
0.012513613214200116
0.007695087888294573
0.0038502074970630865
0.015882929341002716
0.04650635742156889
0.07960429826584561
0.11489069512413556
0.15184346053248673
0.18973072738422042
0.22767548788195896
0.264750665248072
0.3000857269082142
0.3329612918929123
0.36287256488511704
0.3895534156568241
0.41296474881042256
0.0008605410626845306
0.3906736292088458
0.3587502357011044
0.3278577005522336
0.29845725520884714
0.27084533809796446
0.2451512107273217
0.22134997155678987
0.19928402871193474
0.17868712006439622
0.1592070367881383
0.14042537512338954
0.12187442273230449
0.1030525628841645
0.08344041474532167
0.06252039382836007
0.0398024386926243
0.000529962281804866
0.00042179280871361413
0.001462888069972898
0.005129220737392762
0.010471943048491993
0.017266497787655405
0.025174012954960735
0.03376245080314281
0.04254256247071061
0.05101329531925754
0.058708519441161344
0.06523657585987078
0.07030637372330398
0.07373760376579959
0.07545654313723002
0.07548160740090797
0.07390374371257785
0.0708662131152603
0.06654694223493954
0.06114509556509231
0.05487225399825522
0.047947739540171425
0.04059716815638897
0.03305312499450924
0.025556811614351627
0.018359515653666815
0.011722745304341226
0.005915846501438449
0.0012099210193055182
0.0023528213158382216
0.002345900592375383
0.00043064103009793353
0.003412728349316177
0.009082408419124978
0.016342854676891942
0.024828599274788355
0.03406725692032531
0.04352042098186762
0.05263611314553601
0.06090286984708668
0.06789506174792201
0.07330189121401165
0.07693738954797494
0.07873358696935723
0.07872219708964083
0.07701107017497924
0.07376076495683599
0.06916477680171179
0.06343507696172775
0.05679315287683441
0.04946583139300707
0.04168473128952344
0.03368806018722373
0.0257234807926401
0.018050804715431322
0.010943265232752186
0.004686063299175314
0.00042918094672753093
0.010514238503436926
0.04170514255179071
0.0762975823699704
0.1139664502015319
0.15401469546704122
0.19540356761077707
0.23685849655749605
0.2770363198162943
0.31471267072500664
0.34893830650472735
0.3791271791732845
0.4050676556961572
0.014781551233330414
0.39750721127888455
0.36139668371662625
0.326619099961383
0.293905404595525
0.2637297390423974
0.23630804653528556
0.21162621214424318
0.18948185161520747
0.16952707804810135
0.15130486334249305
0.13427643093932776
0.11784050976868111
0.1013473475968725
0.08411161842484532
0.0654292046514858
0.044603443180873184
0.006697482809243566
0.006934390178880867
0.004773691554909948
0.00015362370498145372
0.006812597459373029
0.015812183253886156
0.026336125675286273
0.037717482604508856
0.04920187227923944
0.060036475046427895
0.06955689353089295
0.07725211153273014
0.08279605938783005
0.08604553321019329
0.08701318641623892
0.08582809237882269
0.08269525423986443
0.07786162552470569
0.07159202607177231
0.06415517593642296
0.0558182839811801
0.04684795529500319
0.037515164631200915
0.028102277508526972
0.018910316448738182
0.010264723026112269
0.002517711234952341
0.003955011671378655
0.009305077101318143
0.009782639144961247
0.007641884897923362
0.002782593421719534
0.0046981687858863724
0.014471605318404891
0.02597611677750924
0.03845994458459516
0.05106527269977309
0.06293655425515418
0.07332610335410313
0.08167117135999208
0.08762817305684795
0.09106496436568906
0.09202362590549598
0.0906703069062447
0.08724626720926418
0.08202873085553714
0.07530470861758895
0.06735719109814084
0.058461265104274636
0.048887238104385076
0.03890810529722573
0.028809147660676125
0.018897797687434104
0.009511999863783704
0.0010250751061431362
0.006155393174679918
0.012365810230509672
0.013169004538145263
0.01109397579330701
0.005987168974543322
0.00208076712284766
0.01276629119557085
0.025444537085915642
0.03925678904344482
0.0532127906562337
0.06632572713905725
0.07774360144992412
0.08684234725533482
0.0932624558093102
0.09689221137226844
0.09781579096771467
0.09624861456884401
0.09247766493773521
0.08681639454540274
0.07957667455310857
0.07105584960496147
0.06153520006023589
0.051286030624499476
0.04058025765953907
0.029703121921835593
0.018966173716725265
0.00871881762056853
0.0006435860478304911
0.008677771879882001
0.0018021948931890575
0.027799747128516794
0.06288226194114024
0.10323324562606134
0.14790575014941876
0.19519800991113068
0.24284811588338934
0.28842801730136636
0.32980620246442804
0.36550276498833933
0.39482744734338526
0.022347883227157472
0.3823123509700679
0.3377297329637203
0.29563208109692796
0.2573085880802457
0.22349298072981333
0.1944169437982427
0.16992527337163818
0.1495983919015599
0.13285120784182133
0.11899855860490392
0.10728990720945099
0.09692085493280234
0.08702989040081309
0.07668850936093631
0.06489316364539213
0.05056932644642864
0.020127055883238154
0.021938398352566668
0.019913597540141825
0.013700212540853185
0.0032972350143238294
0.010829747553522284
0.027713916111524694
0.04597813346712084
0.06405028202083737
0.08044099379717645
0.09398722889017427
0.10398401883872974
0.11018453931574912
0.11270404931457217
0.11188589929607945
0.10817792857728314
0.10204380761983711
0.09391318437450721
0.08416335011445417
0.07312218063272222
0.061083525316421285
0.04832894673819754
0.03515214913676455
0.021884006979858456
0.008916717846962963
0.0032747500893476333
0.014117152793512167
0.01110119966392309
0.017335682343319003
0.053353395209486565
0.09698392793296673
0.1470447985830435
0.20099589400585807
0.25526815662804925
0.30606031242572207
0.3502616109908314
0.386053925063638
0.03885296282175449
0.38779306361631805
0.33397909541824733
0.2833013479044817
0.23791031509417804
0.1989500667207056
0.16669709084992895
0.14082663449779564
0.12066733508933525
0.10538214904620324
0.09406984219442886
0.08580477529003497
0.07963581857779273
0.07456085772900099
0.06948864419006373
0.06319769323903429
0.05430396335252108
0.0305108806465062
0.03444499319157596
0.0330692520697774
0.025555422050115906
0.011651191778495135
0.00801268428050829
0.03179085236579859
0.05722319775099041
0.08156782303194082
0.10245402861953096
0.11835419945074399
0.12870111887413715
0.13369768327323328
0.1339949348672802
0.13039823188411037
0.1236751764188262
0.11446609358601878
0.10326638494462409
0.09044850054161341
0.07630116103073667
0.061073803804612956
0.04502137271874408
0.02844847728431693
0.011753510260933686
0.004526830207966348
0.019674087428301734
0.023921245389626478
0.0010164471023521582
0.0367420855159597
0.08407028847559428
0.14171348745071757
0.2056805347046317
0.26983454446168204
0.3277338445625469
0.3746943537595655
0.056499132928101714
0.39039117819720676
0.32263894787785824
0.25911031461439077
0.20358371267696052
0.1577661936788579
0.12174069644054647
0.09466098210113066
0.07530548212726135
0.062394528503884494
0.05472100487744275
0.051168621429527446
0.05067146418298692
0.052144421458946544
0.05439811724732274
0.056044451878309476
0.05539898519537695
0.04378765495660114
0.05187013372659488
0.052443562386880305
0.04358839390333413
0.024334681439800804
0.004463329835907803
0.039664710875261584
0.07638728011702725
0.10953685826567958
0.13544570608210693
0.15263474016915074
0.16149078804546807
0.16340367502830044
0.15998115919493722
0.15260308373544362
0.1422757084480375
0.12965457592126745
0.11513144168889888
0.09893090103992822
0.0811974633137453
0.06207136331442144
0.041758024348486855
0.020597541928185137
0.0008600129106155485
0.02176942028799672
0.039664554055203305
0.02063083951703737
0.013479261596693826
0.06512953216432449
0.13322169983148519
0.2112734685674565
0.2884824002600101
0.35416178870061754
0.0803009855835563
0.40306542907598486
0.31850606857813735
0.23880772690813018
0.17068599763659598
0.11667404383278374
0.07630829067521905
0.047776417589014686
0.029003219732261998
0.01812287295670295
0.013587148014323036
0.014111732936876592
0.018564314120805073
0.025834251341081915
0.03469334668088603
0.0436457619968742
0.050764000852558167
0.04534151993352725
0.02649492127052505
0.010199507798279162
0.06775483328563431
0.14420920628709963
0.2303488461225625
0.312176723979396
0.3776542763151153
0.057711065189153254
0.37039224620724753
0.2808388711077192
0.20105788382507042
0.13646463504254092
0.08777079827174045
0.05319362226589902
0.030253291648770886
0.016634581514187896
0.010426105010326758
0.010078223263394706
0.014263256793530958
0.021709194511234237
0.031025322378434694
0.04051932893326754
0.04800360858287672
0.05784690311016688
0.06878282674595454
0.06864774812967539
0.05426745117563042
0.024607835245651077
0.017453707568630343
0.06496913901281583
0.10937276657254646
0.1440751167041644
0.16647120877645494
0.1773855933538674
0.17925931690375496
0.17464172696513333
0.16549821277747734
0.15310425586425755
0.13818854823956378
0.12112714229104536
0.10211617463975639
0.08131279247337818
0.05895458163470299
0.035470263744819264
0.011590696903906433
0.011536977894442413
0.041389763848327155
0.01598079577244116
0.02735245878133785
0.08976396447308257
0.16710998186323178
0.24936952132235812
0.3242886156345374
0.38293827372339617
0.040657515833457
0.35501405261644925
0.2752820220904083
0.2054487345229749
0.1491832236289854
0.10675745090287461
0.07664656937243346
0.05676250465925197
0.045057387204521064
0.03969607228385929
0.03901511474831059
0.041394700916806
0.04510084338389517
0.048122762510184186
0.048025662476376324
0.03190167328498908
0.0006716137225880325
0.050438057869516856
0.11691735591268367
0.19453906712571722
0.27331071706453086
0.34277045307054255
0.3962935358537087
0.02743464745900287
0.3537706751016983
0.28022185908670827
0.21629410706349753
0.16483080145312767
0.12593270488215802
0.0982049601124158
0.07970877242857996
0.06843573601764207
0.06244258528868723
0.05980634021250053
0.05850199044813202
0.056259921762605
0.050446351858965024
0.037952184001028566
0.040156503791359176
0.03267207812370379
0.014864225354837432
0.011924949570817162
0.044172183856954754
0.0769853430525784
0.10565517075499284
0.12702491873194988
0.13994011087947344
0.14481796055395313
0.14288309293490797
0.13553963754249218
0.12403633874935141
0.10937192313869526
0.09233661937506152
0.07361129279694695
0.053881769725067606
0.0339488939865549
0.014823151126996288
0.0022102742826343585
0.011258308220041199
0.030033828468022626
0.08461379814013506
0.15036469003860853
0.22184413447465118
0.2915960746885194
0.35278946808305733
0.4013900114050915
0.016585371566367996
0.3643048476423261
0.3015243418254737
0.24593434097987057
0.19976703764842424
0.16336138638232414
0.1358036568194822
0.11551485089600615
0.10060635094751855
0.08902457150273982
0.07856555639836266
0.0668384903770016
0.05124951209837374
0.021345945972157332
0.020489480276452435
0.011714430390705993
0.004754670382543142
0.0272713449414922
0.05289773311749131
0.07807648779604859
0.09957142725081786
0.11520338794849039
0.12407680626921257
0.12634836129591587
0.12280242366741473
0.11447145860196753
0.10240427061372517
0.08757761352375786
0.07090460701568578
0.053293071193890956
0.035719055222208446
0.01928998211413213
0.005273659614553894
0.014145162040860276
0.012662289134765886
0.004269439064862046
0.010666234048941764
0.030654711011962228
0.05322776610917858
0.07545331707293973
0.0946273776840545
0.10883210014517172
0.11714942520306826
0.11954105445272856
0.11655724255597388
0.10904378222388356
0.09793923564809717
0.08417777373013974
0.0686729358129381
0.05234826505508473
0.036184774196609426
0.021260440180512513
0.008758780911872988
0.012948496875515192
0.06025725244447758
0.11643174781620586
0.17897399867024794
0.24362780775896334
0.30545990308288623
0.3602953453304483
0.40571319282872864
0.004759019653484714
0.3718786862258163
0.3182520319969555
0.26956031710223377
0.22736657018482193
0.1919712683474834
0.16268392284573924
0.13814289890932183
0.11656172469873782
0.09588323263656291
0.07388028300216987
0.048264823564321435
0.0024129971498542124
0.00004600077986052775
0.008483156086169286
0.02226332291034179
0.03984886246405085
0.059010040140244475
0.07727684331802005
0.09246495685420528
0.10306521079907327
0.10837737766514283
0.10841383253530829
0.10368759955517415
0.09499893351347438
0.0832840288217456
0.06953827100088933
0.05479668961836294
0.04014382229201373
0.026724366052325282
0.015727824767876986
0.0024956671272113873
0.005039341287158217
0.012961968522864131
0.02562963081890994
0.041648960371294036
0.059055020064312305
0.07568291940027008
0.08959573122410774
0.09941100345711817
0.10443180895638449
0.10459251113929274
0.10029994989712643
0.09225874479608581
0.08133657475105924
0.06848613032871576
0.054714065791149014
0.0410754627536965
0.028669419089557557
0.018612404170815167
0.029862729944273247
0.08122565026161699
0.13900219091739174
0.20070326102841296
0.2627351526376163
0.3213035782734343
0.3733949237941777
0.046904492561348266
0.4217133807143605
0.3700355578493659
0.3202536863320317
0.2743837938035392
0.23344752286485587
0.19745492462821454
0.1655780435916085
0.13638227155126909
0.10803932287732201
0.07851247679853274
0.04574771486124313
0.010751587516024785
0.013691817412037732
0.021542904699410975
0.03352931383192938
0.04819947894158648
0.06364852532790395
0.07788018787861281
0.08918498608796202
0.09640587085050556
0.09902846960229761
0.09711877810168962
0.0911811799137549
0.08200914046612992
0.0705708031594904
0.05793873558038561
0.04525095079202554
0.033680164467109364
0.02438650458270103
0.014403219893556696
0.01727906531266571
0.024672130395861747
0.0358407122534634
0.0494486700844938
0.06376499302508287
0.07697707376958562
0.08751774496181569
0.09430156656959271
0.09681637734132525
0.09508382306351099
0.08954518213093698
0.0809323613423909
0.07016203045243571
0.058263931332777845
0.04633465107219692
0.03549813144241526
0.026852056023501547
0.017480953481716965
0.02028346303102324
0.02726452534650406
0.03771566949633645
0.050399852683562806
0.06373167626242053
0.0760521740565531
0.08591549023214806
0.09230107567525897
0.09470458127777259
0.09311504551563549
0.08792243721786286
0.0798054644791098
0.06963358331889666
0.058395080961169334
0.04714565752387262
0.03696238529446183
0.028885614258651326
0.04544586833619585
0.09974539026356627
0.1584353265709697
0.21921720912674603
0.2791198618449728
0.3352200091387858
0.38532108320976166
0.027018544707287595
0.408279720268246
0.35890660396754254
0.31116036505630695
0.26640510849229043
0.22517136699837675
0.1871544486063429
0.15135739381153335
0.11629841671990424
0.0802391390484829
0.04143115410020132
0.023220617307705416
0.026227608365296695
0.03323426173400651
0.043420108781837566
0.055452328761771565
0.06770043531215567
0.0785307233839368
0.08659084163905534
0.09100271182292802
0.09142902209354781
0.08803181339889082
0.08137123732035112
0.07229146906887429
0.06182114959421206
0.05109333972743099
0.04127425182962602
0.03348374492840628
0.025572900374047802
0.028479693725719013
0.03513656923672967
0.044761635421671164
0.056105768641369326
0.06764950523731432
0.07786907691202286
0.08549437740102761
0.08968802814941329
0.09011362830042158
0.08690645148630294
0.0805864227759065
0.07195423092725872
0.061995854440920276
0.0518016211565738
0.042491828988554026
0.03513509469074044
0.028034405896950054
0.030841856342336493
0.03717901666419948
0.04629983226707532
0.05702920042302051
0.06794467726179895
0.07761874430533566
0.08485437706544785
0.08885193778334577
0.08927805906468089
0.08624586113194138
0.08023974708007758
0.07202045032468346
0.06253359990691096
0.0528286528593704
0.04398246206443457
0.03701634911684887
0.05691869616598405
0.1140628748620301
0.17446472889921694
0.23588567149999368
0.2956289874557783
0.35119029921962847
0.4008079232517576
0.004166242108964102
0.3927270292304584
0.3436482615944512
0.2959599044904503
0.2505555941321549
0.2075465724716235
0.16630422787794685
0.12563137085848705
0.0840054627613509
0.039864665549886935
0.03219947836155618
0.03518459409441593
0.04165389475295092
0.0507407594291575
0.06114179473874137
0.07133995003275204
0.07988019459806373
0.08561895179130091
0.08788365272797877
0.08652074547580896
0.08185198613521744
0.0745788874156717
0.06567126643034313
0.05625870645546943
0.04752614690541557
0.040604733521460434
0.03438936873379678
0.03727168761497679
0.04346197949744235
0.052131166909468285
0.062042931135885146
0.07176204873653508
0.07990997441970865
0.08539722692311386
0.08757519087764798
0.08628639361346813
0.08182906614400692
0.07487056415813637
0.0663420320106598
0.05733230873982953
0.048983624774050105
0.04238258575637932
0.03639775221834163
0.03918265537250665
0.045115144175063016
0.05340097156269487
0.06286467138493426
0.07214481745893336
0.07993203863322323
0.08518640628190938
0.08728212823523868
0.08605935654157743
0.08179565396456467
0.07512721905472233
0.0669491269936365
0.0583117621025301
0.05031705658011576
0.04401004330534958
0.06668356926888985
0.12743712424575832
0.19057404707151265
0.2537961215583593
0.3145020329007397
0.370426463992108
0.4201213011312118
0.021154111842095424
0.37541149524177475
0.3248507816281074
0.275451932047872
0.22771440556121436
0.1813648997932482
0.13547205606558083
0.08869055279780552
0.03958416915002155
0.039676273143875285
0.042652626221923284
0.04880326103360977
0.05719211976616211
0.06648422940115861
0.07519273808854626
0.08196088027954768
0.08580054732329978
0.08623177687002598
0.08331042042371378
0.07756787138547502
0.06990058397917344
0.06143964443349667
0.05341410077512215
0.04700854695351048
0.041460839300622054
0.04434182115326063
0.05026167244883353
0.05832055779153287
0.06724143744286548
0.07560363143703841
0.0821085904959713
0.08580609525177768
0.08622921370087328
0.08342482321847389
0.07789997274690641
0.07051791492060312
0.06237196472894767
0.05465101687192753
0.04849883608279837
0.04312001627642387
0.04591119550848238
0.05161633235267174
0.05936925376569574
0.06794615903916851
0.07598704989483998
0.08224698827086907
0.08581109925485797
0.08622519545718776
0.08352854165041163
0.07820597512902436
0.07108980505660213
0.06323773879049407
0.0558007024234877
0.04988404015260217
0.044657034904835136
0.047363643311213455
0.0528687649790312
0.06033754325942014
0.06859520915095241
0.07633754442623972
0.08236908240975638
0.08580794571593942
0.086212340961489
0.08361506772958022
0.07848065092213977
0.07161253698498812
0.06403487220584433
0.056862696687590725
0.05116519796185692
0.07679269829258673
0.14099665436458736
0.20670756980473043
0.27158716855556186
0.3331444777743775
0.3893566840116516
0.015616217713855074
0.40368749942872717
0.350910033656755
0.29807900042965874
0.24603763001641948
0.19488312378637912
0.14399507261869104
0.09225323526223733
0.038383200555127894
0.04747328824060748
0.050395413146866186
0.05619308629606237
0.06386339392037477
0.0720417049239316
0.07927639988563445
0.08432082724158613
0.08636337235447461
0.08514634416355288
0.08096837019740705
0.07459737949609725
0.06713007070786368
0.05982458757974626
0.05391989906125294
0.04901145975899629
0.051850424764944336
0.057462647932980004
0.06487870190584433
0.07278313464133378
0.07977715526684548
0.08465758596219575
0.08663800135068972
0.08546518697336186
0.08142452111664306
0.07525831362937421
0.06803030740736173
0.060962087390352776
0.05525558311148909
0.050468265170092175
0.053228235717490024
0.058665807215101534
0.06584305134757867
0.07349042788646554
0.08025839739326218
0.08498444514985881
0.08690594614218289
0.08577421533879542
0.08186244832203271
0.07588890785027529
0.0688861405616806
0.06204103882735584
0.05652048847880209
0.05184725180480343
0.05453275053418766
0.05980632412551026
0.06675953089071521
0.0741656392358572
0.08072106056649159
0.08530140667256192
0.08716665334706264
0.08607278713859667
0.08228190656009737
0.0764897763985741
0.0696994391001543
0.06306482172104899
0.05771952816662301
0.0531471622307344
0.0557618357119018
0.06088064112815428
0.0676229314463507
0.07480206118469435
0.0811574144055881
0.08560035331800697
0.08741222069882304
0.08635363420773717
0.08267643904814082
0.07705523497809513
0.07046511320712186
0.06402871106616947
0.05884812616822005
0.08716929037845145
0.15497830551211722
0.223413538389239
0.2900805644360439
0.35258398233064625
0.4091340973956967
0.0157705636650608
0.37574801837311245
0.3198152547523393
0.2636999878470373
0.20787539209002479
0.15206548042372
0.09540886021757675
0.036812444591873106
0.05563813476708934
0.05849799777725723
0.0639700866310898
0.07097364419829937
0.07810184819551783
0.08393389329668588
0.0873444222715592
0.08772713075457134
0.08508781023756617
0.0800086756511818
0.07351545239883958
0.06688436486610902
0.06141822463496749
0.05670939443069628
0.05949898250052338
0.06482323605302509
0.07163190907886416
0.07856003261247813
0.08422907417476733
0.08754570638629977
0.08791893341735624
0.08535215999350032
0.08041061820552081
0.07409313513242206
0.06764367566580501
0.06233164509380862
0.05813050437348277
0.06085288761925156
0.06603705554676567
0.07266183440990913
0.07940184009152995
0.08491844427249973
0.08814857525466918
0.08851570696671662
0.08602089209874691
0.08121301884781248
0.07506501914648156
0.0687898581795651
0.06362501381758301
0.059510709900021275
0.06216899686816635
0.06721998028560722
0.07367007819578897
0.08023136548070936
0.0856029923195149
0.0887506388112223
0.08911167951507581
0.08668512142824614
0.08200441312126708
0.07601780905418201
0.06990862989548655
0.06488382837191259
0.06219378795152014
0.06479051807119529
0.06971478757552077
0.07599992585947335
0.08239411932925841
0.08763278378821615
0.09070910598011439
0.09107355404610495
0.08872265028938736
0.08417419680557112
0.07835175300481524
0.07240924524989065
0.06752372227096998
0.11121281554837498
0.17459153280016187
0.2346145777589366
0.292688558638791
0.35008127791409777
0.40732532918437314
0.05544813540633281
0.34982930100034226
0.29874206687435645
0.24013614401612737
0.173939645849847
0.10208123864622917
0.027983295069353653
0.09105654762219978
0.08762057488696434
0.08174756737074772
0.07483429805222916
0.0685416636710269
0.06437532279990288
0.06331003273694458
0.06557149803815032
0.07062137262910989
0.07731796407868348
0.08418623560994504
0.08973059349857143
0.09159467705427898
0.08825126186742943
0.08253342385163757
0.07580102012227401
0.06967024037116859
0.06560735610132895
0.06456422493992864
0.0667648634655188
0.07168818321517234
0.07822227128956685
0.08492722524678523
0.0903417681860399
0.09212487823360999
0.08886970124140864
0.08329957455081816
0.07673925113585237
0.07076250689730942
0.06679821199416835
0.06577635671692827
0.06791916802452203
0.07272184130492054
0.07910082731948341
0.08564984019397817
0.09094047973534847
0.09264520593665626
0.08947418829429576
0.08404475726140613
0.07764826023409988
0.07181819989744606
0.06794790177620158
0.06694646527992665
0.06903424939384567
0.0737218317114583
0.07995269501759672
0.08635272889371245
0.09152503839273429
0.09315377799931557
0.09006306518047569
0.08476772399298073
0.07852729044881618
0.0728369947930646
0.06905635621626732
0.06807450736998216
0.07010988079842578
0.07468760016541193
0.08077692678854309
0.08703455697832332
0.09209379480765345
0.003761809737708899
0.002531157475154436
0.0011786340755778196
0.014858105272545177
0.0021330189091891966
0.004115398628785016
0.020986508992296843
0.008765705350191666
0.011597743798242438
0.01490047706805775
0.03260144272616178
0.022935234694727247
0.04125640191573715
0.032751801852251294
0.050396392277762214
0.04089596323546685
0.053517920687749854
0.050602331882993234
0.032240518415875885
0.04185971481296705
0.038028125781512975
0.015582015649757058
0.02908514658747649
0.00493457591285712
0.00007725591216772854
0.016873685416381706
0.008323377353158745
0.011969669489898915
0.00791879126872247
0.0184333579031139
0.02138347931765555
0.023835306049484584
0.001602232806091508
0.028693515433445227
0.03064822706214626
0.03279791526890602
0.008072601748239427
0.036449407888341445
0.03844025942873808
0.04026153756925882
0.013007781092668536
0.04321272149018435
0.044866834475282946
0.046403483159406345
0.04782485256862373
0.01863385673845469
0.050449909428489204
0.051911076713498094
0.05329320002692095
0.054602429064623204
0.055834165698461224
0.024595361314511566
0.0582145876565725
0.05922465367453472
0.06060973834605643
0.061955636848897766
0.06468138147995267
0.04479194473585113
0.09274080958244951
0.0932838023261599
0.093817534256455
0.09434011933322656
