0.012686758172390927
0.012471716343582517
0.012298403261388619
0.012164093823565925
0.012064441224603484
0.01199366486103956
0.01194479845127383
0.011909986085309604
0.011880812100812932
0.01184864977323452
0.011805013766382766
0.011741901995715454
0.011652113838380856
0.011529533289030836
0.011369367525846663
0.011168333268882918
0.010924785187441666
0.01063878240743138
0.010312090900351928
0.009948121258731013
0.009551803150026211
0.009129399658440451
0.008688266801191447
0.008236565725727452
0.007782937373112392
0.007336151591089274
0.0069047446052365735
0.006496660194208331
0.006118910651818632
0.005777273483087986
0.005218285420726804
0.004996221594859851
0.004818431607236939
0.00468204792969884
0.004582479114420279
0.004513609489505133
0.004468063018186197
0.004437518032898713
0.0044130576382603315
0.004385539671755423
0.004345970161044321
0.004285865078246381
0.004197586662699482
0.00407464244057798
0.003911937102394347
0.0037059694404620314
0.0034549684942743186
0.00315896486841466
0.0028197949055000504
0.002441037093057763
0.002027881854470559
0.0015869378102345566
0.0011259797440635322
0.0006536458611988705
0.00017909439628538415
-0.00028836793858927345
-0.0007396709974855087
-0.0011663633924983985
-0.0015609745671116282
-0.0019173395162583318
-0.0024997497464812612
-0.0027288105868433776
-0.002910881688877598
-0.0030489819973586463
-0.0031479638977249813
-0.003214300707187062
-0.0032558057503297155
-0.003281297435306363
-0.003300226765306502
-0.0033222846092764713
-0.003357005888597886
-0.0034133867858154865
-0.0034995293852560505
-0.0036223260745277264
-0.0037871938128800076
-0.00399786619680112
-0.004256249238075438
-0.004562344944497448
-0.004914245111131144
-0.005308196087179529
-0.005738733553460884
-0.0061988844091949435
-0.006680430654200237
-0.007174227660302762
-0.007670566543221402
-0.00815956764476683
-0.008631589663507244
-0.009077637016070561
-0.009489746862238607
-0.009861337127852338
-0.010468335746846857
-0.010706309649550078
-0.010894003705158861
-0.011034615767581551
-0.01113331044484675
-0.011196990998150746
-0.011233997617277197
-0.01125374790465955
-0.011266337540215277
-0.011282119958075654
-0.011311283539060524
-0.011363443520797795
-0.011447263836046051
-0.011570121719195747
-0.011737825455658685
-0.011954393307749556
-0.012221899558920724
-0.012540391799091694
-0.012907881957309186
-0.013320412035957852
-0.013772193845802
-0.01425582012521881
-0.014762542149239638
-0.015282606275193733
-0.01580563892329412
-0.016321066445536547
-0.016818553482116916
-0.017288441078160965
-0.01772216438193225
-0.018112629463442192
0.013940983120261374
0.013679327883559245
0.013476902410435587
0.013329677098905396
0.013231157078484185
0.013172691035032852
0.013143877337991466
0.013133044319516285
0.013127778809781387
0.013115476295382789
0.013083887124310939
0.013021635629703876
0.012918692378045826
0.012766783443660945
0.012559724221168633
0.01229366850217517
0.011967266230399204
0.01158172555993292
0.011140776774447997
0.010650537573406726
0.010119281505537314
0.00955711418057864
0.008975565438100741
0.008387109839390339
0.007804632424336377
0.00724086120952816
0.006707791848145628
0.006216132630508381
0.005774799040982603
0.0050594723645881745
0.00478848112480057
0.004580914739651942
0.0044324962135128265
0.004336300996100606
0.004283089848203525
0.0042617465227490214
0.004259794642714199
0.004263965285684901
0.004260786211567891
0.004237165124948428
0.004180942357006057
0.004081392272389656
0.003929656931117714
0.003719099534592457
0.0034455686011758413
0.003107566510813925
0.002706318110437117
0.0022457367464175093
0.001732286764733748
0.0011747435947101481
0.0005838553380585476
-0.00002808650557378778
-0.0006477549737875232
-0.001261356878977521
-0.001855240747888065
-0.002416516182415507
-0.0029336539545167517
-0.0033970346651154837
-0.004150653978080565
-0.00443515673946876
-0.00465075856002764
-0.004802047467623721
-0.004896498640489522
-0.004944109996859181
-0.004956923010585729
-0.004948457735196171
-0.004933094048545084
-0.004925431454777945
-0.004939657749747639
-0.004988953086140779
-0.005084951224498813
-0.005237274792388724
-0.005453156840700829
-0.005737157308292606
-0.0060909803348740965
-0.0065133965716338005
-0.007000273373347077
-0.007544714515123618
-0.008137309330459586
-0.008766488470420414
-0.00941897958537552
-0.010080351147365857
-0.010735626675639487
-0.011369945391868086
-0.011969239603028536
-0.012520894766954727
-0.013014356051551379
0.020170387261113365
0.01985427055873401
0.01962080620344475
0.01946409534645588
0.019374543877345163
0.019339369951971164
0.019343266149009775
0.019369172262616724
0.01939911112263812
0.01941504063006666
0.01939967964858763
0.01933727230799792
0.01921426326242398
0.01901986418378604
0.018746498236390796
0.018390113910631417
0.017950362359110267
0.017430633737635648
0.016837948834587946
0.01618270347815573
0.015478265791590284
0.014740431001181165
0.013986745418632096
0.013235720103625392
0.012505964701450961
0.011815281741145711
0.011179769730887273
0.01061298817640971
0.009693840970178697
0.00935892855582543
0.009114993016126338
0.00895563224851445
0.008870355545447378
0.008845149962276033
0.00886321851933769
0.008905839053290343
0.008953288856497349
0.00898578193252772
0.00898437175579872
0.008931781310759085
0.00881313212398746
0.00861655331554495
0.00833365910395914
0.007959888021532302
0.007494699335803545
0.006941622468548125
0.0063081546717516646
0.005605502205618951
0.0048481620507788425
0.004053345717253548
0.003240254355118266
0.002429224794888718
0.0016407783083134675
0.0008946161586538548
0.00020861644933894974
-0.00040210657764827573
-0.0013940750459510987
-0.0017501550278234412
-0.002005504704358785
-0.0021671108547666185
-0.002246514916910969
-0.002259174241490969
-0.0022236309569620416
-0.002160548949618063
-0.002091683112485365
-0.00203884202478688
-0.002022896917551753
-0.0020628781819971576
-0.00217518809174172
-0.002372946994712022
-0.0026654816142510085
-0.0030579591210205814
-0.0035511692429546216
-0.004141457981782226
-0.004820818988926778
-0.00557715050430202
-0.006394685232815889
-0.007254596316086381
-0.008135774080718222
-0.009015755850020901
-0.00987177606663281
-0.010681888341100565
-0.011426097330148044
-0.0120874291145609
-0.013167679933736298
-0.013549750809270233
-0.013819050327258109
-0.013983275707094567
-0.014055261906509575
-0.014052248784385268
-0.013994929886723961
-0.013906356143700838
-0.013810771245591769
-0.013732450499881477
-0.013694603371914305
-0.013718384391037397
-0.013822040731616692
-0.014020210400273181
-0.01432337470249484
-0.014737463586166621
-0.015263612432166729
-0.015898072634020488
-0.016632283794341396
-0.01745312006639993
-0.018343324668252114
-0.01928214304701331
-0.02024615569727939
-0.02121029657721818
-0.022149024007508678
-0.02303759053518914
-0.023853339808935364
-0.024576945462989053
0.009004057986813918
0.008565883385655837
0.008268974840697219
0.008102981626421368
0.008050647861570365
0.008088905762185655
0.008190275691950244
0.008324451352857837
0.008459946818206443
0.00856569557371581
0.008612516191243424
0.008574389012689504
0.008429517187401314
0.008161168320731382
0.007758306373515239
0.007216026174732826
0.006535796304074637
0.005725503596563097
0.004799278903961507
0.0037770741721387946
0.0026839598184810742
0.0015491216287003007
0.00040455841538639126
-0.0007164866360132027
-0.0017812911939588116
-0.0027595101383290355
-0.0036249898804247005
-0.005054127740653225
-0.005535890721961312
-0.00585495658008417
-0.006023041839491872
-0.006059907521581975
-0.005992044003383795
-0.0058509965572745015
-0.005671488340367736
-0.005489497033987212
-0.005340420294062537
-0.005257429595945107
-0.0052700700552223145
-0.005403123951387145
-0.005675725321391684
-0.006100696911530146
-0.006684080423633998
-0.007424844340740699
-0.008314775685230036
-0.009338585947137601
-0.010474279678287512
-0.011693840380165021
-0.012964278101372795
-0.01424905563690182
-0.015509868085791523
-0.016708699908197372
-0.017810033182889262
-0.018783040190758493
0.01584336910825726
0.015273595672565532
0.014915356990558987
0.01475220676806277
0.014756417472362171
0.014891075246248608
0.015112693129252786
0.015374061650761661
0.015627069350636763
0.015825278480879057
0.015926118724348126
0.015892646044316783
0.01569488675458447
0.015310834459212747
0.0147271820714856
0.013939852846312356
0.01295435081914681
0.011785895467230356
0.010459253880799046
0.009008151856503693
0.007474144951917089
0.00590486712464755
0.00435164567007526
0.0028665663127469543
0.0014991745221315522
0.00029308787304643813
-0.001735264652106272
-0.0023824850455750335
-0.0027774317688421257
-0.002939494702364487
-0.0029017495195929333
-0.002708261037476095
-0.0024107606494014333
-0.0020650888526241307
-0.001727766266095554
-0.001452972015313081
-0.0012900891570655215
-0.0012818505753578457
-0.001463012413066983
-0.001859416349296178
-0.0024872876517786913
-0.0033526520626744882
-0.004450829337422635
-0.005766054421246364
-0.007271364418162257
-0.008928947051455305
-0.010691156168066984
-0.012502353357049245
-0.014301634941098484
-0.016026365345561677
-0.017616285922179287
-0.019017833214846347
0.016190489385826956
0.015396135488270901
0.014943180636365627
0.014802762083601373
0.014925953688858795
0.015248420346120617
0.015695967193980476
0.016190227051235823
0.016653827966305323
0.01701459522831933
0.017208611459378353
0.017182219178553115
0.016893244240883537
0.016311806633853843
0.015421054260046363
0.014218020194112085
0.0127146027095687
0.010938453317873575
0.008933387798234771
0.006758856772344779
0.0044880549119996616
0.0022044147518637813
-0.0000035022383494676124
-0.002048387821623754
-0.0038512125303663547
-0.006869237497512115
-0.007779211856925455
-0.00827946347209993
-0.008405314605450798
-0.008216555239089485
-0.007791222004122356
-0.007218353592576832
-0.006590789841200845
-0.005998908273183862
-0.005525858181628374
-0.005244447595244561
-0.0052154601735932005
-0.005486910734520678
-0.006093642775366753
-0.007056742771104629
-0.008382467913991415
-0.010060696909593991
-0.012063238307548074
-0.014342585722567358
-0.016831826716730558
-0.019446352958973068
-0.022087781259133993
-0.024650114827765024
-0.027027722844606278
-0.029124288946918986
0.006158048312116388
0.005102218520261076
0.004569451359558718
0.004507704836165527
0.004831771802983331
0.005433328371279161
0.006192089479265667
0.006986265696825034
0.007700955422773326
0.008233797955848748
0.008497961741449622
0.008423160314104672
0.007955736627093812
0.007058870091296993
0.0057136585915801286
0.003921303343719373
0.0017060215333439266
-0.0008822095683932996
-0.003766272844696189
-0.0068430801901858684
-0.00998813168107307
-0.013063688193861583
-0.015930008813628826
-0.018458350641249455
0.018553080704372255
0.01745053760207893
0.016943645924290818
0.01696350046308165
0.01740205924489646
0.0181257074141096
0.018989656188510562
0.019850777957508836
0.020577269540522358
0.021054601673214657
0.021188241636610206
0.020904360833719632
0.020149999210178626
0.0188939258730772
0.017128810500832425
0.014874499420136078
0.012181413258223889
0.009132573088141971
0.005842672993210674
0.0024529996230143736
-0.0008782105304509791
-0.00398935666859529
-0.006731359570197187
-0.010368885287250218
-0.011352680543411375
-0.011804186995915816
-0.011786969294835664
-0.011398570205547187
-0.010759007546858601
-0.0099985726913851
-0.009246812695392903
-0.008623947718361946
-0.008235154483505619
-0.008167373596451588
-0.00848777035362569
-0.009242806415387939
-0.010457071894652836
-0.012131497709744476
-0.014241163411125302
-0.016733457263635315
-0.0195276727289595
-0.022517134068426453
-0.025574608144566524
-0.028561139701152455
-0.03133767887992467
-0.03377813781814121
0.004916252403894539
0.004012897860474068
0.0036129594202763404
0.0036495081588028278
0.004022310869057494
0.004609383988189442
0.005279202413919076
0.005901787452982088
0.006357544769139273
0.006543510962735144
0.006377355887766806
0.0057998963574758255
0.00477692623730569
0.003300889480201824
0.0013924392166311805
-0.0008985879386075313
-0.00349362054398783
-0.006288149698806533
-0.009157553271325336
-0.011966079807374103
-0.01457840624215792
-0.016872476548078774
0.024676189213946875
0.023837861257614418
0.023471418380609926
0.02350753625677826
0.02384408775700453
0.02435776467086509
0.024916437256966295
0.0253905570646365
0.02566253258944079
0.025633734415450443
0.025229382473482276
0.02440187336279223
0.023133073351657846
0.021435798901957848
0.019354280187080797
0.016963035576144786
0.014363435586758067
0.011677393825780535
0.009038084404730806
0.00657824613133462
0.00441731438239279
0.0015715831217287535
0.0008214515727275606
0.0004677376276060463
0.00045232230796179995
0.0006896385622351398
0.00107578940952896
0.001498517145871181
0.00184676466735742
0.0020189534280752597
0.0019295710176200909
0.001514063399346427
0.000732255929215414
-0.00042945207092193183
-0.0019570244181314755
-0.003808990541039614
-0.005918239293871558
-0.008195785066532485
-0.01053674795353371
-0.012828462238840127
-0.014960182042422221
-0.01683340847454251
0.027280901732814333
0.02655341580699938
0.02620962559106571
0.02618720366484334
0.026395519281867952
0.0267255604937644
0.027060830946994407
0.027287875286206992
0.027305478578130565
0.027032051187626388
0.026411093391145724
0.025414834064630965
0.024046138469959732
0.022338643175289913
0.020354912630988903
0.018182340808843567
0.015926627401427057
0.013702961372710487
0.011625489150886015
0.009796110720930451
0.007279678690284147
0.006607372569720077
0.006267539626051699
0.006206153102816525
0.0063446572363651255
0.006588251675179457
0.0068351664692983816
0.00698583815687201
0.006951152244073777
0.006659242341262722
0.006060621490487639
0.005131594204476897
0.0038759418706119098
0.0023248270267547944
0.0005347962806626083
-0.0014162435161838016
-0.0034350895332461995
-0.005421121186564987
-0.007275438287704383
-0.008910375190344377
-0.011212825197313703
-0.011844030452135001
-0.012181681413799827
-0.012273518129480299
-0.012188942517134538
-0.012011902346611147
-0.011832807721767896
-0.011740392483748086
-0.011814261665794024
-0.012118629827609084
-0.012697533570320552
-0.013571649710568678
-0.01473678414135815
-0.016164092126865343
-0.017802099664106508
-0.01958056324869395
-0.021416093535225195
-0.023219270588826224
-0.024902726194077213
-0.02638942498214447
0.01999438840056489
0.019355701251610874
0.019015300251299105
0.018919067592305522
0.018989294923675848
0.019133191913058567
0.019252495694505045
0.01925306394244153
0.019053538543390286
0.0185924431846482
0.017833332414643882
0.016767784512513734
0.015416119897559422
0.013825770033366602
0.012067280965412097
0.010228066470756858
0.008404251195286983
0.006691239554279804
0.00517394209081562
0.002981219332285623
0.002372463417349563
0.002032799820580189
0.0019133172297716716
0.0019438071050437156
0.0020403295103080255
0.0021138376831746075
0.002078880388224208
0.0018615472645014397
0.0014060385894734684
0.0006794543734836567
-0.0003254381078524049
-0.0015895928343920285
-0.0030692898150594394
-0.004699930664719132
-0.006401863435796795
-0.008087874015697133
-0.009671736349265297
-0.011076979604527637
-0.013136494209551042
-0.013718119117877847
-0.014055496100610076
-0.014193126194607247
-0.01419485008912244
-0.01413705659060377
-0.014100883760245209
-0.014164283711710912
-0.0143947165621644
-0.014843066607021227
-0.015539191621013748
-0.016489362694698667
-0.01767573701180747
-0.019057913054076614
-0.02057651651661982
-0.022158628373980527
-0.023724685297939196
-0.025196275512455873
-0.02650406429602528
0.022621132125855564
0.022017120038147764
0.02167017035927879
0.021527753925265902
0.021515487656665055
0.021545751457889423
0.021527461977712686
0.02137584333043563
0.021021184321306507
0.020415806316694263
0.019538710954435934
0.018397588582927116
0.01702804327767149
0.015490056430018384
0.01386190530027226
0.012231996373170961
0.010689351903687971
0.009313749263576976
0.007270183145068609
0.0066843625388716965
0.006336654712861822
0.0061783197790467315
0.006140361684900952
0.006141462331977765
0.006097024565926701
0.0059282606705107765
0.005570379462850744
0.004979125145986307
0.004135142557900318
0.00304584769994079
0.0017446627509745682
0.000287649687510938
-0.0012522277286544647
-0.0027927541332034567
-0.004251316068482475
-0.005554025873734103
-0.007511097801141953
-0.00807790500986505
-0.008424055170724032
-0.008594816980752318
-0.008654237851719315
-0.008677825577304843
-0.00874417381513476
-0.00892650824307284
-0.009285039472864687
-0.009860836953760471
-0.01067173723185072
-0.011710604287267778
-0.012946078176102882
-0.014325769466935617
-0.015781663234519377
-0.017237280034225894
-0.018615916861669524
-0.01984909747420896
-0.02172179529131235
-0.022268854272431693
-0.02261138044403241
-0.02279144895553878
-0.022868544596263557
-0.02291280223386649
-0.022997246274474026
-0.023189927978933544
-0.02354678879227648
-0.02410592924110097
-0.024883780256053922
-0.02587348740421741
-0.02704563885698924
-0.02835128896023026
-0.02972703971530488
-0.03110173905361502
-0.03240415197192384
-0.03357079224248438
0.018166484740997357
0.017582870973227166
0.01722237120173359
0.017033260774115544
0.016943422291613996
0.016869390073205592
0.016726554348472644
0.016439241221259948
0.01594951088165944
0.015223753582350313
0.014256446351691016
0.013070723770550463
0.011715704159728085
0.010260807893592017
0.008787614895114648
0.007380119394186924
0.006114506947299536
0.004179021048307252
0.003613209232580794
0.0032558804157385712
0.0030585810528487023
0.002953798372304778
0.002863397059399142
0.002708160670460147
0.0024172414068018844
0.0019364268735205803
0.0012343450958024471
0.00030599346216991785
-0.000826743342121905
-0.0021176391763733093
-0.003501500474462904
-0.004901836484733635
-0.006240005287818373
-0.007444775400885506
-0.009295223438373496
-0.00984723528638265
-0.010202805172382506
-0.010407676943220978
-0.01052555636383179
-0.010630173302324103
-0.010796286815657336
-0.011090757731056777
-0.011564724451883501
-0.01224772417880382
-0.013144353052400304
-0.014233789342630865
-0.015472227965311058
-0.016797993423358082
-0.018138814040745688
-0.019420470188785954
-0.02057581065814662
-0.022354989919692314
-0.02289732820748097
-0.023252945975985317
-0.02346538062103276
-0.023595246569809436
-0.02371270034255829
-0.023888888120060375
-0.02418744257435365
-0.02465701903532999
-0.025325682432620622
-0.026197720496834442
-0.02725319800355272
-0.02845029700298901
-0.02973021340385268
-0.03102410628326349
-0.03226134072490311
-0.033378062905981415
0.02154618862943755
0.020966958179424594
0.020592958665405503
0.02036984249782603
0.02022315429840299
0.020068635425954245
0.019823666479688584
0.01941827674375285
0.01880430592359983
0.01796161288991044
0.016900618518648353
0.015660897885666353
0.014305978744509618
0.012914945661447463
0.01157186765090884
0.010354410828888744
0.0084706146070819
0.007902524366815017
0.0075296648731934535
0.007300255572928183
0.007143385109983635
0.006978809190863883
0.0067278444202062415
0.006323863728274759
0.005721039284901502
0.004900268636794519
0.003871594991530225
0.002672847281762758
0.0013646550891757703
0.00002242113900693954
-0.0012737668135487379
-0.0024499810022654556
-0.004267741798054392
-0.004829410268169243
-0.005203605554490731
-0.0054400935774601145
-0.005607015511486374
-0.00578148492213576
-0.006039121565645789
-0.006443956564950726
-0.007040015598029081
-0.00784561194285105
-0.008851019575684821
-0.010019792691219331
-0.011293578552178385
-0.012599854789631104
-0.013861638241758345
-0.015007907180727142
-0.01680773202327998
-0.01735754168772391
-0.017728908132858545
-0.017969284100721045
-0.018143612065480846
-0.01832537508477977
-0.018586626147745755
-0.018988361728685954
-0.019572489588963737
-0.020356382571443676
-0.02133066440914516
-0.02246048359337116
-0.023690125043668853
-0.02495040840618301
-0.026167955404220733
-0.02727512186690484
0.03155646715433447
0.03096236516118317
0.030567589888135238
0.0303114766298887
0.030112535277353886
0.029881056529161704
0.029532779429674583
0.029001537334636535
0.0282490522098007
0.027270523919900175
0.026095267780094078
0.024782319489932564
0.023411601695414314
0.022071879872849615
0.020847253754990025
0.01893946832751167
0.01835317223145977
0.017958514534043013
0.017697107443503945
0.01749053896308722
0.017252492946901454
0.016901899637217638
0.016375112334081898
0.015635342568306454
0.01467804254599081
0.013531510494793342
0.012252642048414808
0.010918407000060637
0.009614242884115887
0.008421052931103234
0.006551401367196064
0.005973198876781244
0.005579299972076762
0.005313487763494856
0.005100286799770148
0.004856620364664388
0.004504467389170319
0.0039825896868112
0.0032556223599682077
0.0023192574627356466
0.0012008186451101244
-0.00004484627593115409
-0.0013435904908609686
-0.0026131553051983447
-0.0037756883898242
-0.0056077150401113995
-0.006177556899898129
-0.006570100687903757
-0.006839490725915054
-0.007058397540632283
-0.007306801680625891
-0.007659808634582488
-0.008176352353142236
-0.00889043600075759
-0.00980613940107608
-0.010897073684739689
-0.012110352572852479
-0.013374530967481812
-0.014610390019324654
-0.015742992768881525
-0.017537856662424856
-0.018099089831905835
-0.018489723434434724
-0.01876192053463288
-0.018985669221730228
-0.019237987487002728
-0.019591189638005213
-0.020102003017159198
-0.020803127027747836
-0.02169842439409625
-0.022762403774861384
-0.023944059713173343
-0.025174535517892282
-0.026377522511820684
-0.027480872822502472
0.035355059111808335
0.034740003402367464
0.03431885111376487
0.03402313295806578
0.03376298865291075
0.0334428604577168
0.03297797613239173
0.03230879659996147
0.031411049934637614
0.03029975475404026
0.029026609240821455
0.027671163822888672
0.02632719458060151
0.02508652617930207
0.02311977587513711
0.02251452125826156
0.02209590572388731
0.0217979401934236
0.021534049403862943
0.021212184922947408
0.020750704798748743
0.020092297099203044
0.01921364953046928
0.01812931990593014
0.016889204536340574
0.015570012032634917
0.014262116859042606
0.013053967371500774
0.011160058629491876
0.010558392035038555
0.010138366954103306
0.009835728346466177
0.009566184130947453
0.009240114949656958
0.008778036316215154
0.008124160917904466
0.007255818761834898
0.006187225305563926
0.0049670085591993485
0.003669894790152839
0.0023838970267722748
0.0011951293514550487
-0.0007094091688117365
-0.00130084052891985
-0.0017173851760182712
-0.0020209920724409414
-0.0022928972055394348
-0.00261945281616896
-0.0030772273317361543
-0.003719932932889497
-0.004569346714850542
-0.005611685753434403
-0.006800005091917999
-0.008062229424765921
-0.00931351543867559
-0.01047089202594692
-0.012300070916513584
-0.012887543930326512
-0.013304715552863722
-0.013611944420322541
-0.013888371121995868
-0.014218116778238893
-0.014675766737162754
-0.015313631297887986
-0.016152897507773767
-0.017180098863254778
-0.018349458729199353
-0.01959072587934957
-0.02082122775000153
-0.02196013701141669
-0.02380373341932529
-0.02438058819490746
-0.024793443587282082
-0.02510050600936703
-0.025378062880169472
-0.025707183543049184
-0.026159728311298536
-0.02678606824933774
-0.027606557370326995
-0.028608136677728685
-0.029746606723580205
-0.03095419728133708
-0.03215119926390356
-0.03325972107352415
0.03375329250964315
0.033110323134860065
0.032657250034300866
0.03231539124724889
0.03198435287854837
0.03156202808961367
0.030964729273876
0.030143526642844448
0.029093705231431344
0.027855597483669448
0.02650665109613412
0.025146214334301198
0.02387592557830595
0.02182184519037289
0.02119092907385295
0.020742888463845255
0.020401842991005226
0.020071013218339595
0.01965199510297347
0.01906416574963668
0.01826043278572595
0.017236344716098084
0.016030878266302673
0.014718769717389224
0.01339582725955385
0.012160016509238786
0.010195374370790267
0.00956935969097808
0.009121585910042002
0.008778048975020825
0.008444377376939649
0.008024624165596517
0.0074401906967466735
0.006645186715561052
0.0056353137844369905
0.004448626634731417
0.0031580436197020667
0.0018570124908484642
0.0006410600643363962
-0.0012992128110531076
-0.001920185154502263
-0.002367403331375584
-0.002713055082467497
-0.003049180478306157
-0.003469346835411613
-0.004050191975713546
-0.004836441676699527
-0.00583224644373867
-0.007000445347277867
-0.00826988169252793
-0.009549394431654368
-0.01074581870196531
-0.012661953190817588
-0.013277749530603983
-0.013724137715286355
-0.014071546189085293
-0.01440975633390601
-0.014830029572815984
-0.015407103340911305
-0.01618457483202898
-0.01716645152937374
-0.018316439459449274
-0.019565089997425344
-0.020823458601932632
-0.022000669234738812
-0.023742553739359573
-0.024375316651153722
-0.024836734567093843
-0.025197915522195413
-0.025549564183463547
-0.02598392396268162
-0.026576579357330266
-0.02737167524439088
-0.028373362767102894
-0.02954506147777536
-0.030816662977690146
-0.03209831902494187
-0.03329818389732453
0.040806540337011143
0.03961368474580049
0.038231638712015736
0.036769674481298975
0.03535534914097874
0.034105315474945164
0.03309847001725305
0.03235773269507081
0.0318448192517537
0.031469258634998915
0.03110944725256304
0.03064068579470447
0.028943923778838726
0.02776971261654798
0.02641090540891275
0.02497399658740934
0.023583349151539146
0.02235273538300775
0.021359151937856424
0.020625043114206043
0.020113181700336658
0.019735431728510056
0.019373250889765242
0.018905016920575807
0.01722471992372049
0.016068909161307543
0.014732959474793028
0.013320672961126823
0.011953316093448185
0.010741868092883217
0.009761482486790735
0.009034140325771267
0.00852363654373689
0.008144096835444314
0.00777994615220004
0.007312546799577713
0.005648816588661176
0.0045111735168355815
0.003197717858752225
0.0018096408467266345
0.0004652053731632466
-0.0007273191389070566
-0.0016945682737366796
-0.00241501243821024
-0.0029238677504123123
-0.0033048167308938337
-0.0036705567093642255
-0.004136828948820143
-0.0057838928653519694
-0.0069035902745072375
-0.008194898590467153
-0.009559159760844371
-0.010881025881625261
-0.0120548580023154
-0.013009029373950987
-0.013722450628168847
-0.014229380533773983
-0.014611376369802476
-0.01497834306615986
-0.015443209497186666
-0.01707350957868281
-0.01817547326769392
-0.01944496506077628
-0.02078578597570893
-0.02208541861243085
-0.023240778878846347
-0.02418192867113894
-0.02488820813884185
-0.025392948796579967
-0.025775646085596238
-0.026143493875027124
-0.026606688826930902
0.005476038666486355
-0.0022308700367718037
-0.010187497970114978
-0.01845452987838475
0.005390486015431767
-0.003799414715838778
-0.013441645865242824
0.01012523796515924
-0.0009260183851772519
-0.012652866102672439
-0.02519350222502173
-0.004357393881618266
-0.01960357159858206
-0.000717150473296263
-0.020188212729015942
-0.005348051479213689
-0.03086157630916922
-0.02054388055001688
-0.008983458629246155
-0.0357820131758102
-0.018751834625539976
0.002649115032446747
-0.018371554323281525
0.008293985192599357
-0.010258279363522665
-0.027620217326675967
0.003917793339021786
-0.012244879914275614
-0.0275949699756875
0.008166679547137734
-0.006644048215186382
-0.020884252176923135
-0.03455301360571261
0.005049734414692558
-0.008461110006694195
-0.021553015958049593
-0.0343250439528317
0.009323193314001443
-0.003448574199975407
-0.015983314628615075
-0.028219240231119325
0.019804236502295458
0.007402783625860554
-0.004769691435529133
-0.016713178874948054
-0.02842766146488651
0.02402307056040054
0.012016715838059217
0.00017284585302423938
-0.011467671749252617
-0.022942508089840163
-0.03421721246037818
0.022779527941097777
0.011092006992231701
-0.0004111752575124139
-0.011782482735226696
-0.023021955408413786
-0.03358116542813108
0.0299636445508486
0.018233793456845643
0.006647285657828128
-0.004795990194130795
-0.01609613984581648
0.08525505109102882
0.07029224653813851
0.055884069605679765
0.04263493601871962
0.031103876852927315
0.021781611984057064
0.01507043591060686
0.011267690959820553
0.010553434705051767
0.012982736483871382
0.01848287438621546
0.026855550753632357
0.037784091861211566
0.05084543762294336
0.0655265475182279
0.08124465880302995
0.09737064425792585
0.11325454880304758
0.12825225673376267
0.141752166380483
0.15320073206237989
0.1621257734346418
0.16815654400102603
0.1710396877200815
0.17065038739924293
0.16699820789762426
0.16022736195606263
0.15061135915616655
0.13854223564776225
0.12451479352076189
0.10910649526388635
0.09295385134977491
0.07669661524426746
0.06103778791446149
0.04663004856228031
0.03407705986488596
0.02390872512535086
0.01655949846307181
0.012350577801157336
0.01147662309284772
0.013997454553797417
0.019835012589957263
0.028775703934505875
0.04047810409990124
0.054485821542465396
0.07024513748114303
0.08712682703999788
0.10445135699217512
0.12151646689884055
0.13762599721681146
0.1521187441890201
0.1643961025876084
0.17394730183913687
0.18037114156706682
0.18339328212338774
0.18287833545472282
0.17883621723017343
0.17142246425249863
0.1609324724272329
0.14778986683765594
0.13252946574091484
0.11577553534613497
0.09821624217779518
0.08080905092057694
0.06403909839803046
0.048613113016714865
0.035185466161371526
0.024331333473831263
0.01652314401970792
0.01211121338813681
0.011309247607130535
0.014185199541801585
0.020657777100453467
0.030498743973681047
0.04334099958297338
0.058692257713479634
0.07595393729557073
0.09444464797951746
0.11342741469716089
0.13213956933842572
0.14982407309363205
0.1657609363037897
0.17929737951772426
0.18987542685104192
0.19705573133501145
0.20053659430922938
0.20016734739575132
0.19595549716354715
0.18806729802386554
0.17682169091655014
0.16267782455722468
0.14621664960028466
0.12811733445233717
0.1091294840925669
0.09021623823233321
0.07311874269576385
0.05884660268019273
0.04832266597285209
0.042324940287559454
0.04143549703440247
0.04600275116647498
0.0561221827870631
0.0716375240392085
0.09216065281854646
0.11710041006589844
0.14571622092412306
0.17715337261860295
0.17796115448431363
0.18186808252804748
0.1886122753693044
0.1972649054176369
0.20681458567241157
0.21622971087109463
0.2245191932683925
0.23078688550878607
0.23427782329025232
0.23441850958187072
0.23083889596504037
0.22339057867608703
0.21215357691378584
0.19743384271773717
0.17975189646160433
0.15982288351454446
0.13852820868327148
0.11687877912892053
0.09516472102590157
0.07429105175854836
0.055184178513014576
0.03869671818557685
0.025570232692082584
0.016402965156474825
0.011623847451118219
0.01147368926044029
0.015994133902714758
0.02502471578057608
0.03820816743313998
0.05500393957209443
0.07470966465540019
0.09648995360810153
0.11941152501946481
0.1424832604016263
0.16469944056485192
0.18508419118726513
0.20273506950960168
0.21686375402589358
0.22683193906685967
0.2321807591784343
0.23265238079432954
0.2282027348240065
0.21900477059759005
0.20544202559758168
0.18809273654443015
0.16770514413807475
0.14516505199855478
0.12145707429691205
0.09807430064582998
0.07558765980890073
0.05501348365531261
0.037288981071891686
0.023231215252699777
0.01350152916993766
0.008576808077587206
0.00872854668176895
0.014010322373521483
0.02425402017930789
0.03907499450341051
0.057886195365957904
0.07992106774571309
0.10426464420408177
0.1298917996522539
0.15571114852846568
0.18061265944142868
0.20351679250451518
0.22342285068813236
0.2394542682572015
0.2508987152270778
0.25724113661112685
0.25818820209399934
0.25368299097078717
0.2439091968475504
0.2292845859763254
0.21044391963641496
0.18821202447622337
0.16356815148302783
0.137603187898529
0.111327485574549
0.08726580404280065
0.06688922707882197
0.05154245276655395
0.042350503755356206
0.04013606035937728
0.04536024166370195
0.05809693169563937
0.07804361857724221
0.10456135036553307
0.13673245923106647
0.1734444555932113
0.18680265435876267
0.19477468476354773
0.2071498146693193
0.22262866120085073
0.23974104566364243
0.25694793605087335
0.27274198872932504
0.2857382502385736
0.29474757063160245
0.29884448185534374
0.29740349555908485
0.2901282576146186
0.27706430621419975
0.2585972945723769
0.23543780528964275
0.20859335650048022
0.1793279148361858
0.14910883217724588
0.11924572636048056
0.09058854340940642
0.06452632658558319
0.04233344814616943
0.02510996010164329
0.013730654752987237
0.008804852287343512
0.010648102136750215
0.01926636349952715
0.0343529647737878
0.05529863285294562
0.08121484679533164
0.11097042861118844
0.14324052541094395
0.1765661986121861
0.2094219136416614
0.24028755965372794
0.267721288913548
0.2904294274455338
0.307329910205488
0.3176060497678296
0.3207479844185293
0.3165797153594038
0.30527033258687136
0.28732876582281075
0.26358215418155306
0.23513870164886347
0.2033366428248526
0.16968166414730076
0.13591579062307485
0.10349820789524705
0.07399736911246041
0.04885276396942792
0.029307540795682485
0.01635120486498859
0.01067461082454882
0.012638374757461684
0.022255059160976448
0.039185277228310916
0.06274807755069167
0.09194615056716315
0.12550609781641603
0.1619330599077215
0.19957777990029915
0.23671299193600628
0.2716152078664927
0.30264759080296966
0.3283395944428244
0.34745931109103095
0.35907488995788134
0.3626020159874574
0.35783506278588034
0.3449603120252201
0.3245504594448212
0.2975404745947374
0.26518575137048306
0.22900434202308806
0.1907058908572548
0.15244505027478997
0.11568941138828115
0.08222434334742373
0.05368996041189775
0.03150425161774703
0.016798024262004718
0.010364132360180661
0.012621950358000789
0.023597031061561025
0.042915792071233916
0.06981569838107465
0.10317199030929147
0.1415417997165029
0.1832252477824771
0.2263414586377252
0.268915838162026
0.308973945933918
0.3446368670074182
0.37421303698830344
0.39628182984746824
0.4097647082924677
0.4139804921974513
0.4086819725721727
0.39407198748664357
0.37079801443493515
0.33992528469385497
0.302889412066743
0.2614305027067679
0.21751166199673155
0.17266503097639746
0.13077450774926114
0.0944775154503101
0.0662068437923441
0.04800075674987497
0.0413272088035424
0.046959923082586785
0.06493795523791007
0.09461431069566553
0.13475582062641558
0.18369536675976475
0.20369861724664096
0.2249774907332111
0.2546049754541471
0.29030077719340575
0.3293702408892088
0.3689270921126997
0.406106814913704
0.43825096108118605
0.46305249083661515
0.4786773863810104
0.4838467390117718
0.4778850861354536
0.4607491447678974
0.43302773689407603
0.3959168920734768
0.35117151251285117
0.3010349311790417
0.24814699841465823
0.19553194106134916
0.1450791807019068
0.09944202910599359
0.061044675046652286
0.03195977858393567
0.01380852664587956
0.007686852763320595
0.014116954535169507
0.033020696690954365
0.0637129375984194
0.1049168892449917
0.1548067174708094
0.21108145931348216
0.2710700280069592
0.33186220632130226
0.3904572153573155
0.4439202045168886
0.48953715974460604
0.5249595419332855
0.5483309413349016
0.5583892057081957
0.5545389234181647
0.5368901775545495
0.5062613899505033
0.46414557708076454
0.4126410709377193
0.3543494550279949
0.2922451405995727
0.22850466279128068
0.1685918960146396
0.11651762846034974
0.07599439846997291
0.05010888811691844
0.04100977359240032
0.04969980094218868
0.07600568103079186
0.11872246602501774
0.1758084771668124
0.21076447600526044
0.24057657328097365
0.28424637298466754
0.33861368905127115
0.39965770604636436
0.4629039953445005
0.5238119464813903
0.5780982542209434
0.621988227738999
0.6524053188194447
0.6671310196305286
0.6648826624541334
0.6453721465305597
0.6093156029241792
0.5584011937453572
0.49521700778894145
0.4231421270200611
0.3462038401210013
0.2692149442202657
0.19556168412199093
0.1294490467384518
0.07468482099490567
0.03446904706132278
0.011235906221654102
0.006554294616897827
0.021073564813373635
0.054491424050108206
0.1055342885115848
0.17196506579514645
0.25064616908655746
0.3376733722041139
0.42857640059482643
0.5185675157229122
0.6028154180281744
0.6767237754089735
0.7361969970704104
0.7778788063019659
0.7993501793521864
0.7992780846887162
0.7775050993328588
0.7350753955699163
0.6741945293148557
0.5981237481535137
0.5110125704273785
0.41767623454367186
0.3214319807331417
0.23053634415779595
0.1514643770499552
0.09022847163542749
0.051766067333617605
0.039331565789632594
0.05413658075612379
0.0954304102338846
0.16091983965032614
0.21171813972080927
0.2528383202421644
0.31799020799508
0.4027446057316683
0.5007987264880781
0.6048221280958179
0.7072304100606214
0.8007813688291057
0.8790134483265957
0.93656405993112
0.969437535392886
0.9751827556389964
0.9530015348790674
0.9037850700223817
0.8300727475667182
0.7359355046925927
0.6267900775176518
0.509153515667651
0.38960625540721744
0.2760067953297271
0.17533632379264932
0.09376320559840653
0.03625281711159112
0.006339721548762056
0.006079926917673395
0.036084993853919
0.0954939091195181
0.18185605492757023
0.2910531550381809
0.4173982613439775
0.5539376524541412
0.6928952131310906
0.8261832465550353
0.9459246120883436
1.0449509115566398
1.1172516767651632
1.1583511415667394
1.1655964860490793
1.1383401310734504
1.0780050289794498
0.9880284176858986
0.8736846892195124
0.7417937689812417
0.6003257378176952
0.4517472514719817
0.3124365849511748
0.19265522094287557
0.10173355825956451
0.04693754227328789
0.03234849695644512
0.0584397935957949
0.12273238974984307
0.1941138431671635
0.23912984391764064
0.3226752987945711
0.4391538057414704
0.5791456201346581
0.7312015484394574
0.8833957436817815
1.0243757106021907
1.14405014343402
1.23408538570723
1.288256483159014
1.3027607377153356
1.2763848388324175
1.2105392661144836
1.1091692113055955
0.9785359727436235
0.8268824574130714
0.6640045662403221
0.48976603748701386
0.32890340156163156
0.19380188416729324
0.09529440611418291
0.041132834144832764
0.03463588290038205
0.07457702000017566
0.15652938656679855
0.20818922009919985
0.27311873835968475
0.3791497915365802
0.5169210758420095
0.6735428630316733
0.8349562501876364
0.9875825055003986
1.1193244014851884
1.2202070218025742
1.2828280555796023
1.3026712098198097
1.2782832363577017
1.2112881206724737
1.1062390210338513
0.9703120593730477
0.8128631370707003
0.6448793858858078
0.47247121748505816
0.3146860405623231
0.18174700839861058
0.08165339708286479
0.01968337071167156
-0.0015750016245802412
0.0181780979564454
0.0772070646916373
0.17157089748079918
0.2948833718507296
0.43847760393627255
0.5920398309473853
0.744490455395366
0.8848988351104722
1.0033203008315907
1.091506651176836
1.1434630211221104
1.155827826227382
1.128064576736933
1.0624548186250162
0.9638982593562608
0.839534645630173
0.6982117251868805
0.5498304000071685
0.3977002369597499
0.26073262632150235
0.14988451769370026
0.07410863861555511
0.03901830944275514
0.04597273602508112
0.09232736985073514
0.17270639909299015
0.20890835998848473
0.2669153385866266
0.35464281324009334
0.4624596647223686
0.5787997491132404
0.6919630519948907
0.7913551240708172
0.8682460268042327
0.9161920680162483
0.9314268902231007
0.9127753152291651
0.861670795902801
0.7819699227857596
0.679631311444896
0.5622900832983271
0.4387563508594261
0.31302364557806356
0.20154204317052393
0.11420606131713112
0.05881367321296363
0.03982700945808659
0.057685477701341636
0.10920556062776421
0.18877449535497998
0.2137618166831426
0.26477198607117697
0.33867597662202237
0.42621613716995216
0.5169440009673137
0.6007365472853532
0.6688410836530553
0.714487221985022
0.7333431791165825
0.7235753923675611
0.6858231440488932
0.6230752623054847
0.5403800407066345
0.4444473112805339
0.343167835602787
0.24479029217176373
0.15645425315701206
0.08471403296757066
0.03453824763225921
0.009020021927685501
0.009294020327042518
0.034576864552963854
0.08225030905069403
0.1479991502374184
0.2260825023163926
0.30977703372457976
0.3919516769697373
0.4656913127366205
0.5248899813439217
0.5647548295124216
0.5821810772879851
0.5759735628789344
0.54690399776428
0.49760338923529407
0.43230257696930313
0.35644386390776495
0.27619648952325104
0.19612151884364992
0.12681811915944086
0.07538650930482574
0.04720002428709513
0.04506237782124528
0.06884159983043134
0.11578789705537898
0.18131669808656367
0.19653733346578856
0.22628153627117703
0.2703631165121645
0.3220437161716108
0.3739691256133196
0.41919279185467534
0.4519217749265575
0.4680116129010198
0.46525111398373203
0.44334995530155297
0.40391889021310856
0.35028113549676887
0.28718161397454006
0.2204084613162266
0.1557083071489493
0.09791788057930545
0.051786248549966635
0.020903259615761005
0.007446087639302185
0.012062885118050426
0.033869340761323585
0.07053867376939471
0.118488984752049
0.17318113057718298
0.22951876961949336
0.28231385479505017
0.32676404480658783
0.3588887539774202
0.37588025152040877
0.3763384428614583
0.3603717270430862
0.3295577188013521
0.2867706525636382
0.23589328003218252
0.18144131516982576
0.12893199188368426
0.08194817712783992
0.04439928548964328
0.019270369789957664
0.008401432751647814
0.012374569448618533
0.03049894117899743
0.060883599545178274
0.10059754265643345
0.14591910341441625
0.1926639247656689
0.23656338435656732
0.27365355583735235
0.3006333143294479
0.31515594744656095
0.316027578192028
0.30329640945751524
0.2782267253322007
0.24316231914537523
0.20129354677034278
0.15635092482773172
0.11196038594002686
0.07527964101571305
0.05087303116247943
0.04204727258656893
0.05034578106908855
0.07537302424863196
0.11500752038239914
0.1658809146095072
0.17036696202623894
0.18115268967165143
0.2004717485501406
0.22390388896503202
0.24675916314127244
0.2647277619538263
0.2743728202456977
0.273509949884444
0.2613096226744169
0.23835039286607101
0.2065342755892252
0.1688983314563955
0.12933358674874634
0.09094072677172133
0.05685086731008371
0.030216261140172812
0.013403855743778365
0.007793799783407107
0.013675913372736548
0.030243439493062296
0.05568011657652347
0.08733629922198283
0.12198511210081225
0.1561388032842001
0.1863941952103329
0.20976988093726
0.22399851309843954
0.22774357337108392
0.2207193260786275
0.2037032894006291
0.17844172029487904
0.14745937669591563
0.11379448384316537
0.08086660697940895
0.051586287066507364
0.02866164620667841
0.014134831062420083
0.00920499206466835
0.014134760685189929
0.028241945673275204
0.04997398324096833
0.07706035750885437
0.10673342288995025
0.13599975708079082
0.16193577376361803
0.181976452277402
0.19416634289869034
0.19734667765150496
0.19126003914853085
0.17656306047097364
0.15474724545783095
0.12797734163227992
0.09886507121255467
0.07130153534793418
0.05023500935110059
0.03900737674974286
0.039915212118905585
0.05384570907646061
0.08018427511867599
0.11700964259441504
0.15889867766269897
0.15181952546401728
0.15335379275487698
0.1607093677682099
0.17050943046601624
0.1793259288394601
0.18416971852492608
0.18288679450266604
0.17437898464944465
0.15870101308849666
0.13704304059309474
0.1115966192503734
0.0853182836005778
0.059679505890516404
0.03713800066307532
0.020049940865504712
0.010149064833356175
0.008376472747917696
0.014796180329268993
0.028600496447018925
0.04820300138844574
0.07141128263751101
0.0956642963962323
0.11831075666088903
0.1368980927837285
0.14943890612456934
0.15462427681286112
0.15195989588536712
0.14181039250757338
0.1253479679661773
0.10441240678415287
0.08129956968552371
0.05842211593770047
0.038273353668795834
0.02293998613680459
0.013959966715960392
0.012170314410152039
0.017630895101333754
0.029628528437480872
0.04675959908063715
0.06708369798039487
0.08833422409068342
0.10816477029207267
0.12440449974761084
0.13529358543659165
0.1396718375218875
0.13709933125967827
0.12789603851680126
0.11309693052161951
0.09432871949459048
0.07362328440772364
0.05311064357779838
0.035008807157702604
0.021170181519385434
0.012961977588811513
0.011130037493252143
0.015730108024848977
0.026130957701523266
0.04108783269082511
0.058879270216284085
0.07749432146549523
0.09485117470173193
0.10902349767838299
0.11844906614936784
0.12209701969947584
0.11957501369901258
0.11116470829212494
0.09778239240939485
0.08087013894188894
0.06223075545840867
0.04661188785497761
0.03666467752661079
0.034792358101561754
0.04253765710004381
0.06032173336136426
0.08740548376618806
0.12207093139079112
0.14613997479610785
0.13506084072161903
0.13034892904595807
0.12977763009499155
0.13079818310710895
0.1309650649768139
0.12831835232604172
0.12166473329375191
0.11072673550102718
0.09617878257968573
0.07956186009263289
0.06308828320837873
0.04571457834225828
0.030573114800146045
0.019386887739471226
0.01338212217412968
0.01315132051479595
0.018592488210594227
0.028929299962229815
0.04280905416731817
0.05846764621702888
0.07394317752421956
0.08731321694153443
0.09692678163525759
0.10160214378891502
0.10076579390856516
0.09451557004650335
0.08360078322117492
0.06932281005077645
0.05336966869482346
0.03799245581979277
0.024606487923123088
0.014765865788974736
0.009580929680929329
0.009593267823142793
0.014719132212513697
0.024266019967439656
0.037019809085487576
0.0513927310392473
0.06561554559873839
0.07795140856308308
0.0869054334133866
0.09140394570312488
0.09092112093232296
0.08553749166637148
0.07592359732765647
0.0632516280097506
0.04904700586879779
0.03541220879309345
0.023570853983689716
0.014938112134158521
0.010528958869651384
0.010843082912729007
0.015811787128682808
0.024811604140706905
0.03674247075315523
0.05016165424093111
0.06345827238407362
0.07504794008701965
0.08356393791119798
0.08802125754723597
0.08793314212296094
0.08336581793540743
0.07492505435189672
0.0636768930755996
0.051013196218751555
0.04093207610953706
0.03635090869933508
0.039181360116072594
0.05053518795393924
0.0705166513236058
0.09822637299599701
0.13196101294915552
0.13593827932610658
0.12174044358536265
0.11267628218143824
0.10679666885238054
0.10202454165698954
0.09653354718116014
0.08907493412594641
0.07917036594173144
0.06719628094352809
0.05433449364836751
0.042399235438102256
0.0302000432809027
0.019753191109199847
0.012429788353932325
0.009166633539716973
0.010347168275643692
0.015756790260871567
0.024616968917130777
0.03569323854511072
0.04746319355850778
0.058322663163135335
0.06680252830731787
0.07176654310541514
0.07256281654235919
0.06910808643708438
0.06189351446040131
0.05191192615290913
0.04051751952764027
0.029729700457770403
0.020541660388306293
0.014218560473197306
0.011628560328171972
0.01313172903759735
0.018537238810354545
0.027133304622320997
0.037785569049570145
0.04909125171654344
0.059568999945495554
0.06785909324504791
0.07290667913832094
0.07410274412157261
0.07136338565430139
0.06513672012517346
0.05633705841334158
0.046216246538920425
0.03562450033975595
0.02652308021351607
0.020083002853839016
0.0171054756314018
0.017919613529209094
0.022343729669377782
0.029714206596282572
0.03897772396278379
0.0488348084955581
0.057915901673217945
0.06496640014374652
0.06901545380633076
0.06950529423975282
0.06636334708512132
0.060007503317901084
0.05128442096798108
0.0413501605158903
0.0353392378858261
0.03499255819827074
0.041922095526827075
0.056939490612971655
0.07988262514551647
0.10966331062038787
0.14450625469280692
0.12613144696621253
0.110153161450178
0.09864440220590354
0.08981046946544044
0.08190128583810269
0.07357825642650029
0.06417779733899037
0.053845570763239314
0.043525268195785116
0.034800372000220736
0.02561968517691887
0.017932909495496363
0.012907580079965508
0.011297101491332395
0.013331944615979363
0.018689992634961378
0.02654939701351333
0.03571577933978304
0.044804988399560486
0.052454136200756896
0.057528831038253514
0.059294659115536885
0.057526362466632786
0.052538006108787255
0.04513002361078447
0.036462221506867315
0.027848488243236436
0.020625467859941155
0.015881809295662797
0.01432044817127498
0.01615692041928879
0.02109150688224315
0.02835841301764147
0.0368443540371495
0.04525895896084431
0.0523315155759696
0.057004151619428345
0.05859170739189054
0.05688358316695452
0.05217199534871805
0.04520278577175407
0.03705719999172158
0.028959302299044754
0.02215743198791642
0.017667680599851437
0.01614651666743086
0.017795674361239244
0.022335975090987392
0.029053132862535136
0.036908410303803096
0.04469765806179929
0.05123492029849963
0.05553270151045758
0.056951169138701324
0.05529325744155128
0.050831154242094306
0.04426055200342727
0.03659047318258113
0.028962393920353158
0.022543331542760475
0.018282544130672762
0.016793657430080877
0.018265634686341764
0.022438162762516423
0.028644356439065516
0.03591410889364502
0.043122661284339114
0.04916210943434099
0.05310978303044139
0.05436762563434783
0.05275108523026262
0.048513960406228185
0.04230580404252865
0.03506914113410142
0.03273368270543031
0.03628632344972266
0.04705245833546284
0.06555744804897401
0.09139039001568955
0.12329952576233871
0.1375075827318123
0.11499731692100029
0.09792999227265023
0.08488603513555404
0.0742804775118111
0.06475314573864355
0.055496393639104385
0.046448942362408985
0.038330058710141224
0.032502010663036096
0.025266362716659524
0.019299626003175807
0.015577789505378803
0.014681451213233443
0.016700475596034547
0.021223056035413884
0.027410167580726452
0.03414246253115136
0.04021458765699426
0.04454358632335828
0.04635523373725997
0.04531576743082938
0.04158610573043592
0.03578954069059559
0.02889939803066316
0.022759729937246037
0.017801355956396925
0.01494268128121784
0.014733579444616285
0.017264376825883443
0.022153857390410092
0.028617634006336684
0.03560506515588341
0.041981433647015065
0.04672415499636151
0.04909898757091524
0.04878545381284058
0.04592959688230355
0.041115185588225245
0.03525907500479403
0.028708739438204345
0.02328150812673943
0.01984303735445503
0.018908750329501567
0.020559014287751115
0.024429226592784237
0.029775747940123526
0.03560616428640834
0.040851612965484424
0.04455157321901493
0.04601908769511304
0.04495761484506866
0.041509233065933904
0.03622619150307815
0.02997150485771094
0.024483901980423134
0.020043166569059245
0.017465003135839624
0.01723829493725959
0.019444007795274
0.023744302580748916
0.029443119886053137
0.03560772106177362
0.041230453750797647
0.045402978772590696
0.04747276097790465
0.04715452188076383
0.04457724869941615
0.0402588458684891
0.03501343317232869
0.02904372582520659
0.024070991743979087
0.020865131816012183
0.019884918010488473
0.021202353196236312
0.024493685625149864
0.02909796249240565
0.03413285560320389
0.03864790539237495
0.041788833211267584
0.042944453656307
0.04185061656908198
0.038633171972645985
0.033782829992029806
0.028066934590279813
0.029109917376340527
0.03636646167971269
0.050898802524185494
0.07295934861633213
0.10189537075862037
0.1362995234133932
0.12289776653917339
0.1004230738433573
0.08311862079914814
0.06963860994562796
0.05866013941112552
0.04926557572038193
0.04120846772080855
0.03500242760383673
0.03181071939483235
0.025967476734004985
0.0212047055966047
0.018333557048272886
0.01778454819326397
0.019526781027304624
0.02307810254180559
0.0276034307325701
0.03208168856832422
0.03550849199087186
0.03709451611432574
0.03642009508984134
0.033515327638298786
0.02885010925523082
0.023236887730345435
0.0184854314366531
0.014743769820214081
0.012778458004885918
0.012999880356836802
0.01538448841968354
0.01948254349900147
0.024509249946100264
0.029501246378864365
0.03350771368679187
0.035778334433496095
0.035910707198431036
0.033927842812612324
0.03027054278406327
0.025706799355355442
0.021165220352812042
0.01758332615296232
0.01569015018324113
0.015876139369680325
0.0181191142811013
0.021991562988636915
0.02674727562810897
0.031470157399139664
0.03525596566166134
0.037391053069277536
0.03749256685979391
0.03558218601989099
0.03207894192115729
0.027713136691213808
0.02336752134041692
0.019934412953731828
0.01810748110163865
0.018258370219951525
0.02036617507011812
0.02402431680259609
0.028522939392551655
0.032990486537736036
0.036566608151524516
0.03857221948704623
0.038642901489732984
0.03679909325582653
0.03343932423613777
0.029258384045762198
0.027730622064345012
0.027058924410670593
0.027915085026802844
0.03066807603660404
0.035312163492219883
0.04146878711306645
0.04846169734699618
0.0554507498173705
0.06159823771227868
0.06623494859606865
0.06899284426717056
0.06987772938055803
0.06926732326970414
0.06783528180752868
0.0968888815138666
0.1256384128866575
0.15000730387618857
0.16816994652166406
0.18052003852288973
0.18999764539192665
0.1414215220341586
0.0907119305403764
0.04681131556063034
0.014474966983898246
-0.00306431626798942
-0.0046584169571303735
0.008171412694141234
0.031451602910167464
0.026318112210987343
0.02239768701413597
0.02058213072634138
0.02127534838102796
0.024304187560612728
0.028962567213482726
0.034177567064810344
0.03875782000111433
0.041666259905092096
0.0422548818779131
0.04040889669638531
0.036568732340037935
0.0316259207187182
0.026704884029683934
0.02293846716183462
0.021175887483019795
0.02180192036846801
0.024651948646838007
0.029053875465024637
0.03398615828697549
0.038314267024120996
0.04105042670148107
0.04157726666966788
0.03978521952921782
0.036093572007887265
0.031351360739852174
0.026629108649545985
0.02300634816987182
0.021292104531920875
0.021853087457872206
0.024532715536612626
0.02869094597660174
0.03335471595058953
0.03744314300626689
0.040014991618555484
0.04048182764719549
0.03873903130547418
0.03518594338587852
0.03063148634643853
0.026095302848829494
0.022606575311714394
0.020936369684337597
0.021434323182084047
0.023951425609227972
0.027877889302170555
0.032286428654747096
0.036146833402985745
0.03856183929851112
0.03897036332237841
0.0372724762062529
0.03384868742137573
0.029470026977589103
0.025108074773873695
0.021744428223064993
0.020114278403794983
0.020551117810907737
0.02291307502470613
0.026618939407044018
0.0307846802902359
0.03442798142201664
0.036693150966748134
0.03704497536136678
0.03538797463981322
0.032084867183439225
