1.301708279317776
1.6432582209392408
2.444504658957674
3.3908211739027116
4.382276163867494
5.383181846035747
6.381043934819175
7.400951832190142
8.424547867761978
9.423914997336388
10.363343752526657
11.281667347077276
12.178502639647851
13.082573222391652
11.797424627782393
10.885896365581731
9.997371716250429
9.133547639029022
8.190736476984743
7.196319203316187
6.229502030315939
5.184089592298714
4.126213622315815
3.0666550463116935
2.0173252245810325
0.9908302728937465
1.3017082793177754
1.6587822881027239
2.477601354667727
3.429505729332331
4.410258623333861
5.381260335252969
6.321793528912642
7.320673565837563
8.4009306232087
9.513847083735891
10.501050338795217
11.40903851875879
12.30175113503964
13.169406828620655
14.085126623874416
12.84525615001493
11.874628781183775
10.985976251688918
10.185047254008229
9.34802783537611
8.291587116636292
7.3110214223571655
6.313583108924724
5.221815811892451
4.127642597900067
3.0445259830010674
1.9862902849878827
0.9668611073487194
1.3017082793177759
1.6521140593797632
2.4542961094623834
3.387284893093913
4.347203101871597
5.295264865999761
6.210727484668993
7.084876856031895
8.07978081280497
9.1907362552379
10.361837031235162
11.327027386591187
12.178094789068622
13.035776187974282
13.871092653061112
14.707924326717988
14.624025437379165
13.564351320496415
12.601880086536141
11.758253050769456
11.040059205354558
10.253540154389848
9.178294453469332
8.200309113435013
7.291223863179491
6.204751752035204
5.113576444571229
4.0294395150933155
2.9642255443078396
1.929814087342499
0.9379309643559314
1.3017082793177772
1.6678197546247369
2.493797966402187
3.4500998590755656
4.4330625037819145
5.404565282140722
6.344464093894183
7.23890410982575
8.120527118569578
9.196509070764787
10.414828905653238
11.701482083917647
12.512939511824916
13.345564419925465
14.203617418669307
15.027983637913778
15.848340902063374
15.983576866497229
14.852450224014424
13.820624865172748
12.932620715734638
12.201431345498841
11.458974043478875
10.446810324519584
9.386880084870098
8.4718112632126
7.4631998654798535
6.342643093418819
5.222948231761961
4.114608503978528
3.0280596322073206
1.9735555762931056
0.9610384015715406
1.3017082793177772
1.6633974845970514
2.4798477463404556
3.4292912807579405
4.4103442026860336
5.386596080472655
6.339627226684965
7.257337696840498
8.130448903381627
8.97181936242412
10.076632386660672
11.348066898255338
12.702924475326293
13.452500829003135
14.234062414934694
15.064065248151634
15.925212521433956
16.639123696742974
17.51234387887049
16.877570413190192
15.730826066855668
14.720146347704087
13.867063302580714
13.186070790560297
12.454254872058277
11.447217744947876
10.363558110906363
9.434978478471047
8.535557131346241
7.421951541527938
6.305842786529863
5.195347797494165
4.098502200516617
3.0231659850917825
1.976922780455026
0.9669705251182545
1.301708279317776
1.6438251047296824
2.4249113020470614
3.342561289261855
4.298645790979727
5.2585734322371565
6.2057869710201645
7.130100006332951
8.024138800491773
8.860512688076158
9.61139158448369
10.6630959993949
11.916372386226
13.280596310823164
14.205896735578953
14.893566149239984
15.64834325460872
16.45910466177293
17.260876269644026
17.917389681637985
18.7518442705212
18.44413143224805
17.276641876856534
16.233214497895524
15.335819784151408
14.603072165814027
14.045797942660895
13.240975940160432
12.136767165967235
11.095322455644594
10.212381416712743
9.383614249565957
8.302876440277506
7.218982919114882
6.137590346518315
5.064274559350526
4.004467198830935
2.96338855789813
1.9459755851473164
0.9568036227875606
1.301708279317776
1.642930473131186
2.421083905774434
3.337940763992747
4.297127508595307
5.2654172628065075
6.227566180525789
7.174676945466047
8.10063123393336
9.000807889443115
9.73306426111802
10.510739086406376
11.605923586743636
12.912874468821883
14.339010944316135
15.259989257886911
15.899592054851219
16.617401527951113
17.406443701430266
18.25463909587328
18.866395667399185
19.59298836838027
20.524797671826445
19.417232318649642
18.26430575108911
17.240128303709287
16.36677254298861
15.663326969109365
15.141475800603477
14.301243120482457
13.192727365947857
12.122563298219678
11.211719265218827
10.479748798195894
9.414448517550689
8.333170098204718
7.251713296156257
6.174174872040004
5.104538372907285
4.046625142066889
3.004043019730826
1.9801322642026942
0.9779081873604333
1.301708279317776
1.6424866736003005
2.4186235524616952
3.3352587821723096
4.29750912085986
5.273298301581118
6.248470055011162
7.215174240335919
8.168289723120104
9.104126588757543
10.01989992439481
10.618785245831967
11.436993885304934
12.580846627631045
13.941073803065832
15.42578365654636
16.346040929879763
16.942249144719163
17.62366805898696
18.387318896110845
19.22446235771101
19.908216504440198
20.521326024130197
21.326315669309817
21.6705644798061
20.425125874686177
19.289851599815638
18.286261448613967
17.43629398979098
16.75916005704067
16.26476139805832
15.383268341779177
14.272792444900944
13.17387468941722
12.23189336766317
11.470735066339115
10.540711296331159
9.4624064982889
8.382335312670026
7.303400804715709
6.228421537140627
5.16009725109276
4.100973850997451
3.0534076418128606
2.0195288181190625
1.0012042836847392
1.3017082793177783
1.6297982097187302
2.382339183086953
3.2769384756717352
4.220690672280072
5.1823915998170005
6.148730426854428
7.112703043220083
8.069998206459818
9.017668681766619
9.953578971463397
10.876156246331226
11.36992563018036
12.12737590058511
13.222285100826564
14.555182729546434
16.032487405788924
17.287330321118514
17.804312543821844
18.405341903554888
19.092897219891324
19.863987426026878
20.71080872933948
21.28006705109039
21.871888114585747
22.650487191218883
23.367617239665215
22.11314023099225
20.956332984928817
19.91615973485157
19.01298735172676
18.2666124087117
17.69303003980405
17.035492963111587
16.208219397133885
15.020494965936697
13.956140491340301
13.046768273041382
12.314027134064274
11.442059471012113
10.387491064204852
9.330863716866563
8.274000413189949
7.218663605008961
6.166534701463266
5.1191936886650735
4.078098962204747
3.044567491068263
2.0197554761649883
1.0046397213296407
1.3017082793177752
1.630597806292429
2.383438189805541
3.2793801899791877
4.2264623172738265
5.194218835329374
6.170012873810751
7.147469973305021
8.122861945782418
9.093770498982707
10.058525571062907
11.015945776650208
11.837559993495674
12.273931792699766
13.083910565143292
14.23082018499372
15.613739069221038
17.141990311635734
18.43100022252373
18.91502353328286
19.48412646851534
20.143065987665704
20.891688717144657
21.724923810116614
22.426228768492113
22.91144283817511
23.58650687847267
25.402244090043364
24.413422908745456
23.17388871400161
22.03372892211377
21.01159146377325
20.12748307076237
19.40085217179538
18.847527647565716
18.16169686406729
17.337990403379017
16.126795262013342
15.03391610709524
14.091164792891176
13.323129350017815
12.582345432699372
11.52910553227163
10.473488758598881
9.416606452844109
8.359525823314847
7.3032576647187
6.2487445121709975
5.196849324869572
4.14834480843077
3.1039035001086477
2.0640887569102286
1.029346802137487
1.3017082793177763
1.6207912848777837
2.355019403773732
3.2330514207682013
4.164328660843105
5.118868189241244
6.084486194086782
7.055266221424383
8.027920319510612
9.000434022563637
9.971491162327952
10.940203713185829
11.905974365957317
12.646202417396005
13.040708538226408
13.79767286465563
14.89617561433437
16.24634492501854
17.75814113097746
19.369860572604935
19.87572055811298
20.37547909382589
20.961459954794226
21.63731821759692
22.40239115948155
23.25185648418713
23.825387229000828
24.299883847703956
24.9573065522357
27.07290338269983
26.156415191657743
24.90813639192031
23.748210774390483
22.692935888983943
21.760333870789022
20.969004585018435
20.33601760059992
19.874031313710287
18.993193503425783
18.080306049721845
16.899917832152514
15.837493079819737
14.92247867024731
14.177163873049336
13.49084646563376
12.456605804649453
11.420280902551438
10.382380952375202
9.343383094446597
8.303727183996052
7.263811016497895
6.223986064219587
5.184553776666395
4.145762495903042
3.107805034888243
2.070816962741586
1.0348756350746033
1.3017082793177728
1.6222053543051143
2.3579537689045607
3.2380808158676095
4.1726107336165565
5.132036471997858
6.1045970309943565
7.084762877790117
8.06959954213658
9.057410717458316
10.047159864547767
11.038196497800865
12.030115238274483
13.022677842839714
13.51560110467971
13.961877549049648
14.77639720523089
15.927545462418163
17.32465008384573
18.881358257724372
20.538878191692795
21.030324041293603
21.50521090674051
22.066062236564115
22.717971761154267
23.462244790830567
24.296159101366708
25.050586829285436
25.427521511045626
25.986762558403907
26.726897636685297
28.532486966431453
27.237555101192722
26.003339262546476
24.858602582260843
23.819380299844727
22.903317423701328
22.128536044061175
21.511633285165214
21.065005714814404
20.1350875120344
19.225509900733016
18.023137341341123
16.933307080920287
15.985146898134323
15.202810946771303
14.596531367771142
13.605917086031518
12.569769431637479
11.531901947289233
10.492371445437865
9.451208758778128
8.408418554750288
7.363979571528048
6.3178452758143235
5.2699449360725374
4.22018509785481
3.1684514408058626
2.1146109898972854
1.0585146466768047
1.0618620533798924
1.454587562561055
2.26928136011645
3.197460848193262
4.163286266245842
5.145092716735049
6.1347849039385265
7.128711443590799
8.12499605839765
9.12257923922942
10.120818589711632
11.119302405472984
12.117754847350309
13.115984263242641
13.93939230729295
14.07885496763023
14.535384064769843
15.357485096920145
16.507477118532545
17.893748026395926
19.432239834635915
20.722590428662308
21.104600144327
21.560647560033317
22.092988063322352
22.710298656787383
23.416172014026976
24.208732192270208
24.837222672478003
25.14977390948986
25.643577248913807
26.316717999549425
28.40141259669404
27.146416119991205
25.919762097733567
24.77852836686368
23.73698100815121
22.810843982848805
22.01643263298391
21.3665474825993
20.867840851810907
20.105317622996804
19.311712529133718
18.125585409276013
17.01731123889013
16.034818424831215
15.203703585359051
14.538999558679032
13.831667437815947
12.83850689774302
11.846144113728773
10.854579042979397
9.863811642600618
8.873841869597365
7.884669680873499
6.896295033231491
5.9087178833721
4.921938187894063
3.935955903293811
2.9507709859651117
1.9663833921988103
0.9827930781824467
1.0618620533798946
1.4560115669723572
2.2763975414001907
3.210607180475421
4.182393184378522
5.170068689424066
6.165547200664391
7.16518558985235
8.167113210569877
9.170274272072424
10.174028872047238
11.177967023350815
12.181814101974947
13.185379338237071
13.6070936781955
13.907502494975288
14.548165542192379
15.557851776762432
16.856971478339137
18.34781366455006
19.95785590883315
20.42584871838885
20.874670722849835
21.39567930944754
21.995452443294333
22.68670155491091
23.468252411136575
24.16768346113627
24.479483656472443
24.978255016617943
25.661480085381854
27.616450249407887
26.33715789902402
25.120698795401275
23.9946190892946
22.974128778691444
22.0758068696646
21.31650743391128
20.699111624663242
20.23405720278516
19.305118532946253
18.399303946712532
17.216419843308756
16.149466908349048
15.228229435645279
14.476945005427138
13.895439720034544
12.936971072767037
11.936718869984464
10.937316952352107
9.938765268865907
8.941063768395065
7.944212399681612
6.94821111134005
5.953059851856877
4.958758569590239
3.965307212769446
2.972705729494629
1.9809540677362472
0.9900521753347286
1.0618620533798961
1.4576296787470318
2.2842264748271988
3.2249902666958477
4.203248163676593
5.197293626122463
6.19905089317984
7.204886203299412
8.212935183316855
9.222146150482649
10.231881944824336
11.24173446186417
12.251430407398574
13.195932456256868
13.354416274601508
13.824748917135176
14.665252926385921
15.85067676654337
17.277545059263353
18.85523922429289
19.746189196459426
20.188253679301315
20.70429562872191
21.285467426844072
21.961028579255657
22.73066578725019
23.498980235957035
23.809891948402278
24.313905172949596
25.007815093891587
26.817603978976244
25.530723953578125
24.32528413010136
23.215633194145006
22.217979075403402
21.349752428741265
20.628242095605437
20.03786744809133
19.46974971066079
18.5355280976616
17.469498279682863
16.318827475569954
15.304554537905556
14.457898233897351
13.792993935261793
13.043025020998089
12.03426748086947
11.026418152905368
10.019476976152179
9.013443889495854
8.008318831661363
7.004101741212096
6.000792556549391
4.998391215911897
3.9968976573750905
2.9963118188506304
1.9966336380859004
0.9978630526633567
1.0618620533798944
1.447115660354457
2.260888385526822
3.1896457824410627
4.156283437483228
5.138873677101866
6.129248205896119
7.12373018447915
8.12043293469726
9.118292192777401
10.116663206659513
11.11513303692139
12.113425173106034
12.842092982734457
13.086498522693923
13.635982512407457
14.559272684194479
15.802963073496873
17.261190653691692
18.8510956543778
19.338993172021674
19.8182476555518
20.352783380604404
20.961868330378667
21.665852892860272
22.46267069039047
22.974902584669024
23.384469009944763
23.98542913165175
26.294320209954353
25.391090769028455
24.171385986725348
23.04150329840253
22.016895990913977
21.114480200977294
20.35155475481446
19.722818171536638
19.22450175837661
18.311240564733918
17.378011216661736
16.201141852554425
15.15440452849412
14.271664115298881
13.574359750318104
12.925302011218188
11.925419048398156
10.926474502445453
9.928468303874082
8.931400383007414
7.93527066997741
6.940079094723994
5.9458255869943475
4.952510076342248
3.9601324921273413
2.9686927635144866
1.9781908194730233
0.9886265887761148
1.061862053379892
1.4486561350232061
2.2690106597878676
3.2047417414695474
4.178264230401604
5.167625819500999
6.164669089083033
7.165727128991755
8.168919984806957
9.173187818863502
10.177888843936339
11.182612161734145
12.18708270743294
12.562294721389055
12.966687758976914
13.704762156034633
14.818825298603914
16.203917786580806
17.757453562538128
18.654506408508546
19.128500038957817
19.664067032664825
20.25413276624771
20.942452182655472
21.727846756797465
22.30703862313681
22.71917754550725
23.328923796466267
25.518442448522084
24.587734324182133
23.37848331441036
22.264544829438602
21.26242100237481
20.389932404402693
19.664858073033773
19.055958723338012
18.488860869389995
17.53932496359092
16.449850486069064
15.31055132114154
14.325587186335753
13.529239480220506
12.917581980214527
12.029522659130661
11.02153328709347
10.014549497139138
9.008571205222045
8.003598327051323
6.999630778090015
5.99666847355409
4.994711328411524
3.9937592573813547
2.993812174932755
1.9948699952840716
0.9969326324018717
1.0618620533798941
1.4375421668124868
2.2444892513595214
3.167717166357468
4.129152305819188
5.106601161149378
6.091806525502703
7.081055344365855
8.072443881562812
9.064898933232671
10.0577706699887
11.050643085302491
12.043237724644218
12.27921059483714
12.755195552731632
13.581538140059019
14.761507987249198
16.182939785013968
17.750951343585182
18.26255793448669
18.77622736291427
19.318579950808218
19.9375540458275
20.655038911950964
21.467891456409635
21.83718520922045
22.350852988778193
23.057642893455682
24.443573730910057
23.22162425449788
22.088914948327677
21.061153414933514
20.15558368762257
19.38991012122203
18.75741650206366
18.222168954886264
17.32082454744191
16.359774645427056
15.190693098342345
14.169030494046483
13.333028432942587
12.691116560778106
11.916219876416777
10.91747991166673
9.919780569212447
8.923121752579034
7.927503364997586
6.932925309404017
5.939387488437906
4.946889804441318
3.9554321594576565
2.9650144552304503
1.9756365932021824
0.9872984745130919
1.0618620533798964
1.4390038127021978
2.25299447840624
3.183714039685146
4.1525429321971234
5.137257676621844
6.129612373288346
7.125904693153856
8.124238227227124
9.12354461563961
10.123177283584369
11.122722471335159
11.779648472623807
12.145191066805198
12.771328075088444
13.803319603336961
15.140493151461365
16.667313189672612
17.57286082648424
18.08323661960332
18.633232364893377
19.232788882385908
19.934732090046598
20.73681799383798
21.17242733532295
21.69252353593331
22.411736328625835
23.644136900762703
22.43201852357623
21.31471514759708
20.309040573283806
19.43319708123554
18.705407413564696
18.084856870537603
17.513191604467853
16.546207136106787
15.433859326419203
14.309117358975445
13.360566652815207
12.624818671226032
12.028018548535652
11.019529986987864
10.012160671513463
9.005910484564247
8.000779308210335
6.996767024138575
5.993873513650956
4.992098657662962
3.991442336701973
2.9919044309056293
1.9934848200201545
0.9961833833987804
1.0618620533798924
1.4407514539378756
2.2625753781975453
3.201580670246703
4.178575750553768
5.171311594712945
6.1715569097780625
7.175621934130648
8.181618637726064
9.188484138933674
10.195575521267303
11.20248154160315
11.563056285731593
12.055974478037133
12.903522598736194
14.125877431069512
15.59486110717934
16.87994957792643
17.387735142213693
17.955331486222757
18.534106089627226
19.219184721363604
20.009477828584775
20.50882310826901
21.035753367148207
21.768225884229906
22.84856965691223
21.647015791415402
20.54640813384525
19.564735578974844
18.721141613677418
18.03420855680781
17.416329759760437
16.6643201534713
15.744021850603119
14.518448970886475
13.453645535718167
12.597701092537825
11.955033950319349
11.13088796005221
10.112956509548457
9.096232005073668
8.080714301964612
7.066403255056159
6.053298718679019
5.0414005466575045
4.03070859230725
3.0212227084329424
2.0129427473260173
1.005868560762362
1.0618620533798941
1.4286268252370975
2.236243777843685
3.162108487854032
4.126420679568737
5.106657338231569
6.0944769968956525
7.086139742299256
8.079731969150572
9.074176535783385
10.06882200221782
11.002761827316625
11.319522800120488
11.869912850352714
12.807510024860369
14.089206170000429
15.586305499688299
16.503326600198857
17.05549070910981
17.61353459700762
18.22327610686991
18.939850787807543
19.6785006512673
20.102721133425998
20.735975799800784
22.454215530133183
21.48634665466348
20.3666305935761
19.358363003906987
18.48014134808633
17.750591511588965
17.12677800994305
16.543751442381566
15.556713912533048
14.422366116851315
13.316497237924022
12.41360658206463
11.739136844223397
11.021603495338105
10.013378581597342
9.006406367785402
8.000686685797909
6.996219366919197
5.993004241819453
4.991041140551852
3.990329892549651
2.990870326623295
1.9926622709575017
0.9957055531082715
1.061862053379899
1.4303495077738368
2.246539278285707
3.181493511185787
4.154757670032312
5.143779061759212
6.1402326118203
7.140392581143955
8.142354825426894
9.145048395356284
10.147825992736054
10.762231733355417
11.216962052990919
11.94913654095506
13.096965702319288
14.526998013054543
15.803588564645446
16.35590258727784
16.940556521635898
17.529005124701026
18.22889580091621
19.017637979886924
19.44552950990339
20.09005199800419
21.694713805117534
20.706202293824433
19.602440787154396
18.617637648286927
17.771397883919313
17.082726859816084
16.451004088346124
15.690497495561415
14.73261274741437
13.513037173262504
12.479645490022465
11.686962504445662
11.09324648951942
10.123053528005654
9.104645813873363
8.08759474252748
7.071900104472347
6.057561689395367
5.0445792861629135
4.032952682816232
3.0226816665673
2.013766023794647
1.0062055400391912
1.061862053379892
1.4174917586209577
2.2189071147542974
3.1402834120724075
4.100463418173311
5.076593394195862
6.0602293111191985
7.047591846423676
8.036749733825113
9.026616991220015
10.016537381725648
10.506070180582697
11.006249796509293
11.83566395092887
13.052504711058548
14.516310939187548
15.448559423349012
16.049166884182842
16.60718978420307
17.227959004396407
17.960387935721126
18.564445256396866
19.105487106204393
19.85449972489068
20.54244119169266
19.421223996283885
18.41128065493709
17.531655971740843
16.801360712894887
16.18459565369474
15.581824979331172
14.571514127971286
13.416495212563284
12.335438657399687
11.490248991107125
10.872101677792765
10.019710221552552
9.011393654115308
8.004487867615937
6.998992616415049
5.994907653866944
4.992232732314402
3.9909676030832903
2.9911120164772775
1.992665721772439
0.9956284672118167
1.0618620533798973
1.4192295686365697
2.2301902649015757
3.161700670414358
4.131851639686536
5.117756718631821
6.110991293855947
7.107792565524938
8.106240249790517
9.105255544670273
9.96744108264705
10.422781367269234
11.02679362867363
12.086854375087343
13.472021274059689
14.741279196167007
15.345649216245372
15.940429669152472
16.539443246955177
17.255580423378202
17.90880246634646
18.458473777532717
19.223164677137216
19.768826713425057
18.66260761583831
17.675404278192364
16.827357820275903
16.137871602369156
15.50131926392529
14.723825118219702
13.726184047161258
12.515499235258284
11.52328187196265
10.809405927194206
10.140221221886883
9.119293485735858
8.099901161139151
7.082043938993023
6.06572150883214
5.050933558821955
4.037679775750981
3.025959845023009
2.015773450649317
1.0071202752407982
1.0618620533798935
1.405591992206363
2.2012705185173367
3.1188491581798754
4.075600512698888
5.0483068100596205
6.028415251755778
7.012106032942255
7.997430282963035
8.983293475107713
9.700878358959187
10.186761374941996
10.893243594807771
12.033526306293156
13.45973269767118
14.412003818359553
15.069384611067951
15.617062461312466
16.249940179563062
16.99978635423524
17.52527769894686
18.187560864356303
19.456718175352904
18.480213025299445
17.469319282930048
16.589120886100186
15.85904727168512
15.262101945564932
14.60262298941943
13.59144582673934
12.417784503032172
11.369840562258675
10.597910628847472
10.020308740150854
9.022782558887258
8.013855905173363
7.0065289300016875
6.000801265675553
4.996672542790475
3.994142390224096
2.9932104351259645
1.993876302907338
0.9961396172308212
1.0618620533798941
1.4074212819317777
2.2139575655361434
3.1430610147960363
4.111136879520083
5.094934212442958
6.085924699201105
7.080308560395666
8.076150096589885
9.072363360232481
9.594838657356435
10.143600851928639
11.099914073102132
12.432748612181763
13.69637550669725
14.36230434971777
14.958203501368958
15.568960408225863
16.30322717135281
16.87904730397114
17.55510285319599
18.718316839916298
17.729236968297464
16.74002273703712
15.890745937365491
15.201248828491789
14.571147749588754
13.76591581710377
12.72589391583834
11.528386262815498
10.59080151610234
9.943847813057195
9.142696211268152
8.119844194786666
7.098742503337618
6.0793906670955105
5.06178821387881
4.0459346691349465
3.0318295559251762
2.0194723949093745
1.0088627043306693
1.0618620533798941
1.3929735753962638
2.183849309663122
3.098824319749383
4.053342959659969
5.023789863392432
6.001499336240055
6.982611481289838
7.965160810091282
8.898486178461335
9.418369057213022
9.987241130422266
11.036349936775899
12.419675706746947
13.398190543285654
14.122980949912794
14.646924375078262
15.293388506434024
16.001601216122694
16.57010176231428
17.354155719681557
17.546705196317465
16.535110419906527
15.654742283662134
14.925587864134748
14.364400265186305
13.635593984246583
12.61757052792562
11.42839435393074
10.425322819780513
9.746321742426453
9.043347740715305
8.031224256470313
7.020928862509992
6.0124609962755065
5.005820092229532
4.00100558183632
2.9980168935415628
1.9968534527521435
0.997514681815691
1.0618620533798888
1.3950341642085031
2.1985871572437836
3.1269859171477927
4.094672894655053
5.078004422486364
6.068347752616252
7.061868333736047
8.056617065183824
8.776358980662664
9.308178433432243
10.14192820262237
11.41282151981813
12.67330338532456
13.413025381321347
13.99817898310528
14.622344176639501
15.35884505737448
15.93838899581862
16.74111390592419
16.806454409477936
15.814866476557853
14.964284151495788
14.275168935554735
13.665736552998844
12.81889032406846
11.73328843671016
10.555436998660264
9.691037806575265
9.093246019559189
8.150649690169013
7.12478295900007
6.100927857476635
5.079083650362366
4.059249598193302
3.0414249572472065
2.0256089795127004
1.0118009126580931
1.0618620533799
1.3797823907042084
2.167544743780252
3.081897154577006
4.036145348768266
5.006246726550516
5.983423004283583
6.963777265968776
7.945330003678944
8.595263806351708
9.126538973417691
10.066359447023032
11.400193962632631
12.413170425313213
13.17052171345682
13.701844442574757
14.364056862811328
15.008866884937339
15.706773715964895
16.562964730069297
15.613247730948268
14.732154520250917
14.003906944714611
13.445262750585227
12.687029336617499
11.651248123820348
10.451453433671656
9.510063594725345
8.89745814451031
8.060193892850592
7.045304944339048
6.032521995839736
5.021844155871785
4.0132705275279985
3.006800208433457
2.0024322907037253
1.0001658609026756
1.0618620533798941
1.3823266777329664
2.185360267606311
3.1157985062512332
4.085793681993269
5.071290201550523
6.063556846920358
7.058730256690096
7.960926258250652
8.530655940504962
9.220650150780626
10.416994574523306
11.677983704858574
12.507618884324229
13.066156167412169
13.706245562305503
14.380767381899533
15.095489570671411
15.858265967016823
14.90578252312379
14.05242251758593
13.363087829561302
12.792353871564185
11.885586342459726
10.75048056068125
9.602289521074649
8.836282937603313
8.197118473394982
7.164318131031967
6.133851752149398
5.10571815532211
4.079916151289398
3.0564445428902234
2.0353021249977803
1.0164876844534279
1.0618620533798946
1.3663514853244778
2.153916519496245
3.070871369938637
4.0280175885967475
5.000868277863887
5.9805415190590105
6.963111204741028
7.7795986561673915
8.322210283869786
9.130773302818506
10.406629820448208
11.465157844627985
12.248591992107086
12.78878985402628
13.47012298536527
14.116592859335652
14.940920794616652
14.711875310019884
13.827521616751204
13.098597166182513
12.542060537481872
11.762286812256784
10.694240967247152
9.491650055646708
8.635925595377879
8.058781791241127
7.0843619921888115
6.064972900004708
5.048032055632792
4.033537996553851
3.0214892499376442
2.0118843325528326
1.0047217506760415
1.0618620533798941
1.3698355349732616
2.1764779604821456
3.1133533827737745
4.089952727284291
5.081811215249327
6.08011755326547
7.08099201137026
7.822457926181339
8.346570170194292
9.451530927645223
10.718448348286543
11.659802573328252
12.17012512868991
12.83018691074367
13.510341600622189
14.35668521227621
14.023132968620033
13.162691438381419
12.470394255891915
11.961315743918423
10.969875155680084
9.780440958474179
8.677669620764009
8.042930869366893
7.22367709961991
6.1835314765774605
5.146119766801639
4.111439988057298
3.079490142805582
2.0502682180586262
1.0237721852327428
1.0618620533798935
1.3533663533373734
2.1456669077704533
3.070441351822717
4.03557875701631
5.0161606312208615
6.003226420420766
6.9631711336494595
7.5876177823585245
8.239417746788455
9.446069136080498
10.565499503759387
11.365807090263308
11.917575615274446
12.59483835067012
13.333914051882994
13.837413641876994
12.95160065999359
12.217163024289793
11.660194505794353
10.868904948570076
9.748858973181108
8.556270143925756
7.819653571276919
7.145377381753212
6.115991659925974
5.08948260636164
4.065847745441075
3.045084581215826
2.0271905972047017
1.0121632561880933
1.061862053379895
1.3367320044300628
2.1152410237057997
3.0286235971666238
3.983033342107054
4.953078631990616
5.929647211993715
6.82731275186073
7.381578187915869
8.164643082689269
9.460716711368867
10.475433478076178
11.093786360253501
11.689776613495422
12.374992619596679
13.218582489510183
12.75603360605067
11.981116797622827
11.377954307387578
10.771673741899695
9.648598807783513
8.464132688458738
7.615825857619973
7.052034802276566
6.04788816911609
5.032356656743667
4.019849419166881
3.0103633162463423
2.0038951803569063
1.0004418160978967
1.0618620533798886
1.342186277871172
2.1475194185068998
3.088566613155939
4.0699072409710375
5.066266521459984
6.068658888923397
6.938197231100085
7.405833610684797
8.527920381218905
9.73014494773124
10.534015664549907
11.102410097751049
11.801362306974665
12.667554531729339
12.123674308240133
11.372354312634926
10.808020011947084
10.017756475598965
8.812523675934909
7.657029520811558
7.083330943335755
6.195405680593867
5.154318115577508
4.116644458731154
3.082380296476011
2.051521172664255
1.0240625880909446
1.0618620533799052
1.325928699601734
2.1208566952365526
3.0541093942098128
4.028254997633554
5.017565267449522
6.012925440686017
6.707580747681015
7.319064333156648
8.563099839661357
9.734966900841375
10.295255803558845
10.915820591271308
11.675433476848411
11.966209826120721
11.164435836087504
10.546122681150944
10.003523214707343
8.75478601048598
7.554793062091192
6.853237020690318
6.133471611500633
5.102246602355563
4.074621084942943
3.0505894063854724
2.0301458557472776
1.0132846633366324
1.0618620533798888
1.3101005974377906
2.0965500724626764
3.024059330266228
3.9930462809563334
4.977337516692459
5.942919991018316
6.50935812884865
7.277301313582249
8.535204240506863
9.590935490232209
10.088937823955742
10.757258223580976
11.610365454112213
10.988943791678691
10.31252028255756
9.82775284691304
8.769889873241393
7.492898230376994
6.647082878133398
6.073561347781841
5.05184434701797
4.033919863063132
3.019780601226165
2.0094191871150158
1.0028281656392068
1.0618620533798948
1.295035650575381
2.075615642848986
3.000080086799623
3.966570502329278
4.948493225556004
5.906607830805599
6.350736472779331
7.285023390176659
8.592133574477115
9.369721042288672
9.92140664598179
10.663728051495255
10.856593185160863
10.1148747452725
9.568527201838407
8.799539156041966
7.474261794457725
6.472763159310152
5.983845301800775
5.00420426464194
3.9954200425061273
2.990617154990662
1.989786007951274
0.9929168957872073
1.0618620533798935
1.2811781573112813
2.059360280511685
2.9842809509654082
3.9517098525851044
4.934681190496376
5.902472894531642
6.241700823188833
7.3481954017374225
8.760495944602836
9.186491444190281
9.803302401040476
10.627950536100064
9.965327360672529
9.346911687151731
8.92472724563916
7.475365035271287
6.339533787678198
5.922887558472362
4.96076593618621
3.9602810312449503
2.9639746366317823
1.9718341783726716
