1.0022366947787886
1.0764895733064959
1.2566564912287592
1.4100917164251066
1.3491213186432411
1.162421427059127
1.020594670384509
1.020594670384509
1.1624214270591275
1.3491213186432416
1.4100917164251068
1.2566564912287592
1.0764895733064963
1.002236694778789
1.1365666328200161
1.3456644003346847
1.592192426899478
1.742397476386075
1.6887602955764884
1.511787596365267
1.3329859052492117
1.16923230851787
1.071144157461257
1.096476784980114
1.2263893973023923
1.4112474613978514
1.643083371162044
1.7255666697206133
1.6640846313022661
1.4951464529736986
1.2816703117435941
1.115986614761074
1.082929504383709
1.1511765667254052
1.3209034138420923
1.4825375034687023
1.7681605263230662
1.9678143439600848
2.060209618966542
1.940962944477793
1.714381653778152
1.4944455074069634
1.2635058052987678
1.0970273859671251
1.136219829893426
1.2350515466776208
1.3926334983677113
1.5965747098832757
1.8235247422624454
1.9910574372772072
2.074325624701359
2.014251365652484
1.872601247740836
1.7397478564881927
1.5042623145829035
1.3118099007609725
1.1794264674373134
1.1501449097491154
1.181809659431236
1.3508903203149765
1.5163478809222535
1.7485416250884183
1.982390913393577
2.195488171093196
2.358610608924861
2.40499259355517
2.2617316519558806
2.0805492657277678
1.9318880912129088
1.7651714835316301
1.5156863156514702
1.2955369063780928
1.1846851582942612
1.1987471716192708
1.2979072392503423
1.5122216141376799
1.7980349284865031
2.034156375045705
2.2250362010749827
2.3664678928462592
2.40814012540184
2.299142429151542
2.117385682915435
1.9920216662839783
1.6518370705538763
1.404498232435831
1.2485989684865504
1.2140114171354257
1.2606127093320811
1.4104449413596538
1.6063456051124363
1.896491824085614
2.1751546285935164
2.3973103269877436
2.5860920090793647
2.737762897426433
2.7459667789808484
2.5504547629193643
2.2891043778192866
2.13949449571722
1.9151461465026962
1.6068507949957447
1.3642618391140904
1.258679932660058
1.226042639414242
1.3335133772427947
1.4990170426405054
1.719088366631576
2.1088485707740197
2.220562363938762
2.3965381803829233
2.6091281737418743
2.766493463836135
2.771429000958119
2.672510524488083
2.4957781173825433
2.375595210009433
2.2941134367525744
2.0362113053146937
1.7048593145911943
1.473246767056605
1.322790843642832
1.2406612006193225
1.3209292291492245
1.4060246168745327
1.5619017609890438
1.7744381715827915
2.0799093984321346
2.364584043138724
2.647576399747645
2.8346216834885247
3.0307041644527515
3.1308334389878025
3.065100612121925
2.8992171924181647
2.6739700898919274
2.5103471724585313
2.4218337220324995
2.232159838616329
1.9293632540766223
1.6205596306401657
1.4138088642346043
1.3172476864818525
1.3240305569290873
1.401574802717173
1.5733404788330063
1.8690328126556959
2.379923444657948
2.400427504185924
2.5125838067996553
2.787033992258965
3.0213782974180257
3.1265814995269854
3.1440889770925886
3.079975599169032
2.9320337416235573
2.7469433473366234
2.598308022772365
2.513955486540934
2.1931423269764108
1.7908150890352366
1.5454225504791625
1.3786595803538553
1.3447504152573715
1.4058215064970112
1.4666974093187584
1.6392002285138392
1.9257610026789824
2.266068813388943
2.5520512629724634
2.8001705619024393
3.06056525842768
3.3975098036896316
3.474705192230361
3.4991998770554122
3.3588734291342273
3.1620851234469614
2.891376941406406
2.6706396110865063
2.6474887718439435
2.412428402320562
2.0475515282842554
1.6813581923435834
1.4739892529062502
1.3845141582690301
1.407517396216248
1.4791640957642538
1.6619690196838797
2.0234669590926955
2.624962169961824
2.5625628001553378
2.684182509083052
3.028090695544409
3.3059163413311823
3.486958114393956
3.523527890635441
3.4270553803879094
3.2200083620870688
2.9853414524791533
2.81102523222915
2.838560299781607
2.4890988977026978
2.1817865504739253
1.7958714268835778
1.5925599822734313
1.4444149207099428
1.4267772419356854
1.4953973807511516
1.5022765740425539
1.6597733383213602
1.8955278449988453
2.166897111600539
2.5650999853820573
2.516822152833819
2.798996331347038
1.8146798584472816
1.821846654779111
1.6887841053316277
1.8540914550843748
1.8775077607818493
1.8136250802441105
1.8754835485226913
2.0659753578150197
2.616039153847538
2.601925694834012
2.756850864132942
2.5394306107925324
2.142954972049108
1.745002398784863
1.537828835286016
1.4517691316728463
1.4389776038942967
1.5390074557555342
1.636691909543767
1.7977753933737044
2.1365269458403935
2.678247835505379
2.9801845841994052
2.5876905295722836
2.682721510270018
1.7513952939561332
1.7395521977931154
1.634527470417078
1.8126719305181007
1.9283941082023823
1.948621902357626
1.93097820495094
2.1321373739699854
2.7361046281373658
2.8294265469552893
3.045527114531925
2.657774366642865
2.2664311882608774
1.8385648845699047
1.6496334287312249
1.509728384443005
1.4957380653655574
1.5860130726336297
1.5808094254498737
1.7207522720158925
1.9853717517169054
2.3331883953211645
2.6701930700810466
2.549507972252244
2.4127343790930684
2.3735674286770094
2.1628971408925333
2.215035381947145
2.221516905952383
2.251812109801909
2.2723283109254835
2.332737132901209
2.3113291672419796
2.2993891036687693
2.30213099570034
2.3332331998336273
2.4404147059675108
2.4888847974421147
2.593486483495014
2.658646490710257
2.9414603166425786
2.747932416333899
2.5169984649980663
2.183040392555978
1.8133511675823977
1.6153514555441424
1.5283827239902583
1.5792850539702332
1.6599722976332703
1.6904303361971895
1.8666422302590573
2.2271288720895606
2.7946997490919574
3.1224065074062115
2.707690223657769
2.414516209041073
2.0741146321066677
2.058746341573752
2.0540360508095015
2.0468322986280842
2.1041664268971774
2.200142147740642
2.193723886737144
2.295150709420816
2.3155273668304233
2.342654136256332
2.4388091970962793
2.561076147955645
2.6626642858356666
2.8698266614099572
3.177520593179001
2.978864096679685
2.5881517579789928
2.266179634839424
1.8670373012754313
1.6950601417021525
1.5710185033092856
1.5623869835030237
1.6833806984755129
1.646739863919429
1.7599777077600949
1.9944789411132966
2.3302198150839843
2.5628121766529746
2.4417885049789123
2.3784352799351662
2.386593357213771
2.259336582109619
2.304314343870981
2.3256152607645357
2.3465041535782185
2.3893621657277455
2.423395139428121
2.496799364909631
2.48250530477708
2.489779643728284
2.4815023028611214
2.472959846578068
2.562779546703528
2.5958079776006424
2.5921388826311635
2.62934258209463
2.8874158019209597
2.6619289683033442
2.4657467831920235
2.140709025662992
1.8167151994270467
1.6446889408354552
1.5693969650219408
1.6583880270220897
1.7536021887776954
1.713046102508621
1.8817117759932613
2.238705093374712
2.8444406572735246
3.1618716767567197
2.666223693939721
2.334088829252031
2.239657909418204
2.2091635294566747
2.165243843025585
2.2129256841756986
2.262731101999933
2.3569569293473926
2.390462170700351
2.50760132874156
2.486330164214031
2.4589411962225998
2.522182894016175
2.5916237319736593
2.657145797049001
2.712382107208932
2.8761205034816615
3.1607695413243277
2.9618539687829437
2.52122132903755
2.233581823381073
1.8649733823546446
1.7085665988546481
1.6043379068933459
1.6061361584154545
1.75788147572288
1.7002390290347247
1.7883761317955869
1.9972202896669418
2.332331447286517
2.525220278731172
2.4248843995768747
2.409772592223678
2.4362417537689987
2.3885585686936817
2.4472666819563296
2.436046473270444
2.499475858191795
2.5475589850561646
2.5777107146614457
2.673171417495055
2.656224885682099
2.616806208058343
2.654845028089287
2.6784852284536407
2.664081109987069
2.6677509249284066
2.7094590913361634
2.664948787380137
2.651150853287747
2.8938974621265796
2.595119479173959
2.4296684964834148
2.119918970328923
1.8424795451916132
1.694192008394873
1.6278044850900293
1.7390061410213764
1.847826513402175
1.7610202994100317
1.9171751839827136
2.2637853803429437
2.899144429200682
3.1849785434011606
2.627816834923667
2.3567274860148024
2.3628576020992487
2.345726163997631
2.3608431310911384
2.4287722468644315
2.4517482145209035
2.507274480447556
2.606834972026084
2.6480058515223934
2.743616181718573
2.7403374794032866
2.665602367981804
2.6748663412279328
2.7351806037445354
2.749863986479432
2.740801399160539
2.8913981303804905
3.1711151212733366
2.9855637391224494
2.554089558669975
2.304144417488326
2.0124619753575117
1.7933812670454532
1.6659843082801193
1.6595010169102533
1.7764390713458362
1.8000688107625609
1.8765642439510624
2.0208747054174316
2.1997614274585873
2.3999794084723094
2.522806733647132
2.6856294498052073
2.5257902800600083
2.511512024279723
2.571367046445312
2.5944483053013476
2.7213653542613514
2.840230935853569
2.9315052450041836
3.004872354773124
3.0485731677189576
3.0942088128679988
3.194084056949658
3.1763599210272178
3.1090813700356614
3.0561504833044366
2.9659708033579126
2.9215015239337307
2.853450020000009
2.8458365697853254
2.7830115758705976
2.7561432679827433
3.018454959541902
2.7370434943233457
2.488300932489777
2.1609972891761586
1.8617020654448588
1.7142425038019193
1.6486509468687602
1.7816990206497954
1.9003854519158163
1.7711357494251065
1.9054520303010183
2.194278749378604
2.849117730936761
3.025424216065991
3.385445650747597
2.7085494130099987
2.39096647992899
2.4245034926960516
2.4224190049230483
2.4807810632180103
2.528393050275366
2.5741089512037814
2.6366065036115987
2.6732489836104194
2.759312212291149
2.8010059666538956
2.9010697567127064
2.870094118913849
2.916451057969835
2.8420644664508705
2.7789349141367814
2.8452082814412427
2.8348684916057323
2.7817177916675053
2.9349843720455957
3.2375471727141343
3.0065809757133226
2.55928676426141
2.2782538792220186
1.9776551678353849
1.8323985422339841
1.7175687595320153
1.7249949188362763
1.9167284109001577
1.9034714783957727
1.9134380349278577
2.0176459409598113
2.1661890288695504
2.40154314296759
2.573194322481304
2.7789191515417717
2.5828757504695017
2.56411636696393
2.657103470724137
2.7081551686354475
2.8227891958355147
2.922900224144185
3.0446923728936097
2.8598810485061885
2.9632416362462783
1.7792451835755778
1.716034989192433
1.4466238425979865
1.4624834017145283
1.4064023110150825
1.5598142432007502
2.020395205119462
2.662126873772291
2.8117717714966335
2.830735339752226
2.826533891464465
2.547330562457231
2.5174288749289944
1.8645388902280378
1.3088285440009138
0.9581180167495639
0.7668709164023263
0.5797538671470909
0.2194184655460636
0.25730303090170503
0.361056468435046
0.851741428574891
1.2438299181568366
0.35168683058448436
0.23424292830199597
0.1691475162554132
0.57650373105495
1.617623733984575
1.7122996446510053
2.0715293814625135
0.8713131884013006
0.9949400500224365
0.6392661628861045
0.6968626748444561
0.7720183535441162
0.9746014062540035
0.755969865802322
0.7680696138082246
0.7465901743350222
0.7939279952689382
0.8842934613442369
0.9515229060531836
0.9970637679508232
1.325870443584252
1.3862542903318456
1.5929605779893117
1.5609743477195965
1.3829986688086946
1.1317619808756871
1.1483576738984578
0.9467072254060104
0.9219111450436405
0.9049418302027693
0.8630291923472658
0.9909710214609362
0.9004212388627895
1.4938729987775174
1.2974280842015884
0.778923324040566
0.47865208649228075
0.26064349857710106
0.0941016098064471
0.23336498418116083
0.574114452868678
1.1087213269344367
0.935833668295386
0.5788259444600794
0.40854050336324943
0.23362512750358116
0.6799824164590055
0.8860016347250177
1.1738038571135967
0.6116911756818587
0.6331059738709943
0.7151573642991912
1.0040212415354595
1.0200994382113393
0.9744551489247575
1.133597554294524
1.3186559901851813
1.365419537449573
2.2199339576951718
2.21529162008354
2.0618532435784163
1.8445090681769427
1.7631635864665283
1.5844276455896413
1.5478501974660464
1.6134226033049412
1.682523384904989
2.1853450768050604
2.415521982120406
2.655381378913218
2.8534884816017017
2.775604000603983
2.7658829313802076
2.6991620815820467
2.4990093398043633
2.098595338894259
1.6922910925486003
1.7597146417479337
1.2793411609382586
0.9144821588964822
0.69911841470982
0.5228632863871084
0.1650154711340849
0.21213982124347658
0.34466972478450986
0.9288418520714102
1.3286180252533002
0.374286064053332
0.22396578882559995
0.17599410162263388
0.5690071097989845
1.6249258079180042
1.7389518843743317
2.068511134544018
0.90077928323963
1.0945544594279635
0.728572416294158
0.8431365313998842
0.9579598847461085
1.1800456265635637
1.007794583136843
1.0143724009022446
0.9680113071855487
0.9539206303826208
0.9813586174971559
1.0710681309007248
1.118146174400449
1.4016383660814329
1.4866499390594734
1.6808382532542316
1.6606385314191476
1.4750616985028786
1.2353460695030254
1.237947403795358
1.0298515392359608
1.009994070998385
1.0098151926297767
1.003091839620896
1.0804228923888557
0.9047154881610778
1.4304487257765848
1.233331234496084
0.7366881688763133
0.4444340761963216
0.28763944525016205
0.10405165913299841
0.17398755030516996
0.5759578591549384
1.149946160687497
0.987427521062242
0.6322580460662034
0.4277209306441018
0.23904752709244106
0.706105398891457
0.9388034097883311
1.2303516682235434
0.6282710988749063
0.6340489741755889
0.727478632094805
1.0278466347285373
1.037005113096976
1.0065403158923119
1.2267240348308137
1.4265973891888837
1.6832202123310398
2.003052102555345
2.0447242315158034
1.9701351427883032
1.8288980958925203
1.8417030723258554
1.7510570713545917
1.7257048875710033
1.8051529595555296
1.9122580539666987
2.2861433136645726
2.518125577218538
2.7559590374686906
2.811235672308633
2.7314118793620414
2.733974529459267
2.6412070737561923
2.4711037346954607
2.036533321617535
1.682636389343813
1.703452743026901
1.2225399606123974
0.8343786259684588
0.6347420765361341
0.4487896624646332
0.20722774110734593
0.44048131096247045
0.746265901271644
1.424986132369062
1.7971801725874728
0.7113971049612094
0.4082830260401328
0.12378708389045663
0.6392494865631163
1.8017914628149234
1.9736717851780867
2.3077947548050055
1.162973974736771
1.365971471541799
0.6938330895292754
0.7966613029809221
0.8962607599226501
1.104939189917072
0.9771948855794504
0.9986848225432612
0.9557930744915409
0.9522521346250191
1.0006854460638515
1.0968210899652049
1.1386550094761714
1.3691635760801018
1.440116456345195
1.598581312965808
1.5381860641640344
1.3640355658340972
1.1518183238991668
1.1339585121838855
1.0553736386275292
1.0693424873483715
1.088315761690788
1.071965033884904
1.3851604646279967
1.2680980526740702
1.8371811487536436
1.6490087637046915
1.0778201163819074
0.6598545358182573
0.2060576772698865
0.17774853084356662
0.34155436773615205
3.1191503639649607
0.8259657891457501
0.778420029355853
0.5745352018105275
0.5673229737505224
0.3852839528344504
0.5330927948964114
0.775234533160116
1.029975995761044
1.5037322522631467
2.231327200464802
2.578479615467036
3.1848085087044478
3.2946681179016237
3.318658666535661
3.6695829208727804
3.8965226139254483
4.150646959985056
4.323073372329547
4.4264180538657945
4.424222021975221
4.424310199782475
4.483967141136624
4.56095847530606
4.621022141016133
4.729456882616348
4.876151090068372
5.165609758841284
5.457250526175492
5.643875424779721
5.639343077461224
5.406653012552612
5.356911616490784
5.16346886542973
4.92754752107267
4.341800211365645
4.063813131455997
2.9193788004347807
2.5983535781414124
1.9486794470135285
1.2680869403518586
0.9841579671011653
0.9155012729287519
1.1202291012378125
1.0605171834689582
0.8390193126880353
0.5446975065511598
0.7470874623916979
0.6476836167761414
0.8055781748582371
1.0883035121944684
1.2871824970798909
2.0209695367770744
2.049070143965271
2.322540264815155
1.3305935072254556
1.5367913815312133
0.7458322699118999
0.7776493393146808
0.7998718559795246
0.9098995939578051
0.8905463741530537
0.9354290606891507
0.9266553269466659
0.936968596280696
1.032228022599223
1.1170911687770135
1.1220459426113591
1.2885832283992842
1.3290533754855622
1.402200104427889
1.3408733938015762
1.177393493512622
1.0635857757603828
1.0532922015509407
1.1342143472399708
1.189100157785767
1.206516098230661
1.1625667758521212
1.5137667380279962
1.4311073268721972
2.0274405125584005
1.9576945080485573
1.6790508348952762
1.4814538991507324
1.0383610493782134
1.0944602015995892
2.335620531731962
4.0081072466754115
2.152515398747886
2.2324371730064265
2.246456876426922
2.3842344722429276
2.365294774666439
2.5007564077464184
2.817164175785661
3.1171353016477727
3.8755282904994806
4.3456655522302015
4.030862495514915
3.436380206846492
2.591362579168814
1.9026386441090823
2.7864531361163913
3.3257478679218173
4.025721755161502
4.171105442136015
3.8372034649234372
3.3642893578584903
3.3292076535910633
3.910885170112157
4.5593525788223115
5.030007302375637
5.025660023327031
5.048488765810468
5.052706699193994
5.087576828564159
4.945125483201503
4.663726902070328
5.1450247223866254
5.610528636077737
5.706233464803802
5.474371551266333
5.533481407400264
4.765979273872592
4.199034204758158
3.848395283609935
3.58779725446728
4.026662149396672
3.7730377799002754
3.951775247705515
3.788331402405724
3.45967564196222
3.3422402788739296
3.176282719899211
2.9192383371795385
2.731724773185743
2.4592456874455126
1.9110184121953042
1.5896076219466608
1.9841520037576454
1.9969689990182513
2.093170204044144
2.12180149353717
2.6414239369723584
2.729681074718584
2.858860368943356
1.9345861977192176
2.0043551615377107
1.2314416449160124
1.146968456147138
1.0894279116380996
1.0324986834166137
1.0333132106392522
1.0293420547336585
1.0115119811387197
1.0193470086255316
1.0872039242894538
1.1489734391324453
1.1364757684368518
1.2604219098351004
1.288962555125081
1.3353437083880582
1.2920525095265425
1.2115911237969188
1.1913927046090114
1.2558610321333743
1.410171213947428
1.5293554549759225
1.583131771417733
1.6175765632981038
2.0092678904167682
2.065419501433919
2.618843796385333
2.580675055143634
2.4620456222841556
2.443761393606813
2.2180995706875235
2.173873661588385
2.8429594847982567
4.065045890809574
2.331059152161802
2.3174885828541396
2.381232131775898
2.595679540362629
2.74708997579705
3.0502986146478483
3.50497059765436
3.940986078397355
4.575439432418461
4.853576641776228
4.580656247619688
4.205455134542854
3.9084792660641434
3.602483636806535
4.175242701910201
4.459940842210535
4.598593522001197
4.716500760690321
4.940751871773524
5.228879790481453
5.615977311966785
5.9485304414371445
6.0858626654779595
6.011960102157222
6.137908590749074
6.2843412936747605
6.552724991897232
6.147754445863429
5.790377188017868
5.362101976780114
5.0424418000646805
4.844569697408893
4.8650029671503265
4.471648193464583
4.38829471304034
4.203573055729881
3.9322048655294415
3.78512006095046
3.8276805458472007
3.8742372312363806
4.068775222665748
3.95141207642036
3.5254925758525046
3.1586999104980653
3.42115980738139
3.2996200127921576
3.234276623340779
3.1414778312392824
3.4842629555132825
3.4870247046251466
3.498724582027193
2.6181974401540464
2.558871722868389
1.7615831008070504
1.5651517337206953
1.3871470447452605
1.2113521359142776
1.1874421453470718
1.113722632950609
1.078054566737014
1.0500503968548187
1.1090420956612455
1.1459601379334206
1.1187003177264048
1.2138657559154995
1.281955521333451
1.3383007172116674
1.236566416907977
1.3378927246868764
1.452955947621873
1.6954355494958302
1.8712120792217175
2.002677234811024
2.139165950040168
2.600618497314766
2.7642022130271338
3.3172436144255557
3.389379691644527
3.4265652937239595
3.5429756128326972
3.4361618590480743
4.013037831518547
3.4882211943301455
4.524915914093703
2.899838124227211
2.7744063610326126
2.866827298804152
3.191909553676788
3.512894646611022
4.125577546160677
4.822550253321529
5.263756094748964
5.24187342320662
5.220210911077054
5.400657209459191
5.401815086588012
5.600916878419042
5.8971920912303695
6.265529782586898
6.657987957321503
6.93371156319545
7.051297152348266
7.311171121786795
7.310591057474735
6.7082519632385855
6.325189742296543
6.27739134200592
5.847243278384334
5.316723473108698
4.938708283742596
4.659979589501786
4.533323908688624
4.538516742493396
4.467944769389746
4.135338994481
4.040162445349774
3.550032498813077
3.216824746841295
2.9635662234736357
2.7508636321794167
2.5258845031814725
2.674177067988489
2.9384861208894137
3.352025317297273
2.869174594468042
2.926690306541513
2.2948250139610327
2.032377494833598
1.7667951245130753
1.4830123461912548
1.3754564712446304
1.2507121488412793
1.1743648602986863
1.1056377075452635
1.1450530332361395
1.1554985657575492
1.1185684834466267
1.187803159478937
1.2488792190223557
1.2917635052847107
1.335710663910254
1.536174490233727
1.7151671166634705
2.0433392913933184
2.2911399749905037
2.5259377103939347
2.771485082061674
3.0434044803541207
2.9521624513236695
3.1015777846884074
3.0351434506580137
3.064429746753567
5.712515306242059
5.603598089094927
3.5376096950373848
3.3902273652856674
4.749408943171384
3.670912160154469
3.915458932567005
4.550338687748964
5.25067168959709
5.819309578373054
6.212035370598693
6.317743906544171
6.56040616790076
6.8112992149923
7.124658646627914
7.520105812893952
7.948661277083807
8.028439737959761
8.045520248117938
7.529331046628363
7.195576277046129
6.6637377580403525
5.962053862820245
5.535606282442187
5.266821895365115
5.018336797915639
4.596217418712946
4.2633777453588575
3.6856160039699266
3.1781360402065264
2.601403822658902
2.12360672126748
2.644566055515233
3.4127867399490155
2.97991472837098
3.1683610971692024
2.7216911041934497
2.412092916364009
2.1584080237989074
1.767053640607871
1.4268464706467392
1.2967606691048157
1.1963399604343272
1.2000930334815756
1.2143205453102555
1.200275534488018
1.246638570536505
1.3318417634273019
1.4840769989929863
1.7424213847033045
1.9911922039718577
2.3491945086317734
2.663568830854132
2.721441906535223
2.327120652229826
2.2094793346300357
2.032101489283399
5.29131391339224
4.951938829290441
4.176111537771888
4.014722898441997
2.595957812727981
2.608788885191575
3.7559623588080244
3.315097712321239
3.810000205157527
4.359274850280056
4.827075204657445
5.213006843620632
5.691108380914943
5.998514710383066
6.334496531384816
6.550120549851811
6.345761170063847
5.8974624020765605
5.273415975709331
4.567047395142201
4.203217155737726
3.5850882930999965
3.1483532329476116
2.5522648260658887
1.888475326410919
1.482187186413598
1.119597234860277
1.6107738334680164
2.0934569023641734
1.4694539173585923
1.798027693053399
1.9227840817764812
2.2834665444000772
2.17376989203871
1.862468421398247
1.595709350887614
1.404940875700697
1.2632610901407852
1.2634578136028018
1.2871395104758114
1.384172286227404
1.6199098048917355
1.9145320497283254
2.2063598880794952
2.555966527925452
2.7542126123274997
2.8167871391493566
2.514439929482678
2.7147954054243524
4.573690297816694
3.6491022415627383
2.7452408697715724
1.7289040017419892
1.847052901276694
2.5522626635240053
2.96633867407099
3.2722125462765543
3.61206925013178
4.132313152232439
4.6338443804563685
4.797732566793955
4.772615605674474
4.2193040057666815
3.5232600605858986
3.35836735197291
2.922925996701177
3.022049336711733
2.5837557600016625
2.2416480790319695
2.0983248187306844
2.4983968441459488
2.075416168751791
2.4178031145871244
2.5818266692725413
2.5323337707556264
2.4138251203241112
2.123532212454258
1.8105118594970577
1.5410761700479991
1.3692727467956365
1.3333497768644302
1.3595521636154917
1.4812789331068033
1.7872597337241607
2.161029819574374
2.491854483351398
2.840036849812367
3.077362775685816
3.152204685813889
2.8473778003456918
2.327269239319671
3.3469485176066662
2.399825597197946
0.8089603719532511
1.0640423286111207
1.499206122432903
1.9651188190436573
2.603296430721107
3.2463087804954385
3.5634178208015745
3.207085728225914
2.5715254953737676
2.6528805589556717
2.4352165761577536
2.8155643345080263
2.7951290281557473
3.234661639289286
2.8797529027873483
2.930752417789383
2.7800327249186543
2.572791269307941
2.29589625518071
1.9078583175416128
1.546915460664252
1.4788069833549056
1.5132995158542575
1.7135817292417046
2.2237291695691916
2.3461753852105116
2.379019954667908
1.7336248292852108
1.8163892481035921
1.1819470158438057
2.2707155708245312
2.052788782993984
1.5939342760231234
2.0008730440131886
2.17517979038919
1.6877116560868133
1.4376689527156743
1.152813622883022
1.066611820047421
1.3811822024665776
2.058538271017371
2.6570984367605317
2.6584160028787287
2.5029781228973866
2.2123626607094047
1.8901359337660577
1.6354600257893988
1.5678102929573123
1.6599646082764954
1.8401700069666311
2.0793265659174494
2.139003753685089
2.1112078376072083
1.6487632919298467
1.3510515924896411
2.2524015169914566
1.50981743976394
1.5772921012306635
1.5233640804444764
1.543610981193403
1.508373823667738
1.910585690471642
2.233675697446168
2.1795136541318474
2.011016952203
1.8380093605086347
1.7611721014185209
1.9878351020761111
1.9712110743609403
1.9569491092404718
1.7761285145322567
1.6555559763000467
2.414880509508763
1.8475277282685862
1.8460735945611613
1.9385499966047273
2.174359099932883
2.285189672752185
2.2998131059702325
2.117362338503641
1.935605080871071
1.8728274755011314
1.9889009197559446
1.8785753341442888
1.8478535269621597
1.785077873047114
1.7206051366797235
2.3096875107187906
1.8522898192735981
2.0424590477040248
2.1374492921463486
2.1939908724598167
2.2101827822975935
2.083248457956609
1.989383137284525
1.930000537212063
1.9922419729692566
1.8576776648810118
1.8340457084621666
1.7804177612886973
1.7692731877151615
2.3497691244382937
2.3581713371598747
1.904063418193876
2.089957671503571
2.118768232154842
2.143173403836874
2.1625960515037725
2.0725251353206597
2.0125173127406177
1.9533011800364075
1.9920093620232318
1.855751479609506
1.8286236412194765
1.7963747861194685
1.7966355391787707
2.370763881454351
2.361269468673214
1.935104712421383
2.107754299487991
2.1020767999604564
1.1082303226615047
1.1504124246531766
1.0595415596095914
1.0165334764621499
0.9779030699746941
1.2092198169220076
0.8458317614252158
0.8580550252256142
2.068376134283034
1.93230621215242
0.9534035796523657
1.185268974174859
1.1082508657601124
1.0865788225678092
1.1476836892241877
1.0542763064074474
1.020232905739315
1.0016331081149403
1.198320901471915
0.8538906390928245
0.8667691853951118
0.875257775839078
2.1014194599488962
1.9352672251197571
1.945541057786875
0.9590577279127431
1.1761315316896435
1.2136171716235278
1.1348436652624179
1.0747801605695728
1.1437102513481086
1.0486384741020047
1.0191432258745707
1.0077100894010749
1.2049915601003303
0.8631209513641235
0.867904400808538
0.8779940468758144
2.0145881931243945
1.7048062438159581
0.9664178266612187
1.2592134795431313
1.0818987440747934
1.069328312694736
1.1542326006389934
1.04477246100424
1.008624597849797
1.0584889787562242
1.338371306609015
0.8918534583372651
0.9061979742901733
2.1383789552851895
1.808987916726506
1.8136422497803968
1.0139457332384898
1.343154224337949
1.382372007157853
1.1743328391142585
1.0883458756679587
1.16308202652371
1.067569603215564
1.0631641205818896
1.0831237029707184
1.3858177478393634
1.4155100148835376
0.8811004302688451
0.8877167659423215
2.554160068447693
2.123771574994567
2.1130772037102483
0.985254851581271
1.4318568666503413
1.4903836459833113
1.19140396683427
1.0447952516443224
1.1806425236865152
1.0646884360133124
1.0965532424786535
1.149265654012136
1.5423843677491125
1.6081246015995452
0.9163324818353342
0.8997054692629456
3.0937790705820865
2.4944038340535957
2.4327002129144675
2.451426153443225
0.9441927512917241
1.4738377455468414
1.5372829456114845
1.605061451459665
1.2303806256658794
1.257904807500389
1.0368793826727423
1.2563019785225136
1.0623200402337452
1.0474103458988588
1.070977872232432
1.1227175117662433
1.538973616897041
1.5730876140735461
1.637393577334811
0.9304398024441585
0.9227943185727915
0.9541673991251071
3.148954127332401
2.515946267651649
2.408282869144784
2.389898895237234
0.9868766445379995
1.5366508643568857
1.6348499353088553
1.1456506670709943
1.214991984918903
1.0611563893235276
1.2735537290700365
1.0687259576221282
1.0666397689683278
1.0745290104073677
1.4616179322949348
1.421385819242451
0.9672627954981834
0.9583158016966786
1.065337980189082
2.2242162357228588
2.0282539022002877
0.9803252735918616
1.4044297325105533
1.5095619086656387
1.0928878984495878
1.2309706506044682
1.072351400381447
