-0.11937881261110306 0.25 0.44999999925494194|0.0 0.25 0.44999999925494194|0.2499997764825821 0.25 0.44999999925494194
0.25 0.25 0.44999999925494194|0.25 0.0 0.44999999925494194|0.25 -0.2950928211212158 0.44999999925494194

1.119378685951233 0.5 0.5|1.0 0.5 0.5|0.875 0.5 0.5
0.75 0.5625 0.5|0.65625 0.65625 0.5|0.5625 0.75 0.5
0.5 0.875 0.5|0.5 1.0 0.5|0.5 2.0 0.5

1.119378685951233 0.25 0.5|1.0 0.25 0.5|0.875 0.25 0.5
0.8125 0.375 0.6000000014901161|0.78125 0.53125 0.6000000014901161|0.75 0.6875 0.6000000014901161
0.75 0.875 0.5|0.75 1.0 0.5|0.75 1.052837610244751 0.5

0.75 -0.11937855184078217 0.44999999925494194|0.75 0.0 0.44999999925494194|0.75 0.2387057989835739 0.44999999925494194
0.2387058138847351 0.75 0.44999999925494194|0.0 0.75 0.44999999925494194|-0.2950928211212158 0.75 0.44999999925494194

1.119378685951233 0.75 0.5|1.0 0.75 0.5|0.875 0.75 0.5
0.6875 0.75 0.3999999985098839|0.53125 0.78125 0.3999999985098839|0.375 0.8125 0.3999999985098839
0.25 0.875 0.5|0.25 1.0 0.5|0.25 1.1417282819747925 0.5

-0.11937868595123291 0.25 0.5500000007450581|0.0 0.25 0.5500000007450581|0.25 0.25 0.5500000007450581
0.25 0.25 0.5500000007450581|0.25 0.0 0.5500000007450581|0.25 -0.2950925827026367 0.5500000007450581

0.75 -0.11937858164310455 0.5500000007450581|0.75 0.0 0.5500000007450581|0.75 0.2387057989835739 0.5500000007450581
0.2387058138847351 0.75 0.5500000007450581|0.0 0.75 0.5500000007450581|-0.2950928211212158 0.75 0.5500000007450581

