1.1193788051605225 0.25 0.44999999925494194|1.0 0.25 0.44999999925494194|0.7500002384185791 0.25 0.44999999925494194
0.75 0.25 0.44999999925494194|0.75 0.0 0.44999999925494194|0.75 -0.29509279131889343 0.44999999925494194

-0.1193787008523941 0.5 0.5|0.0 0.5 0.5|0.1249999925494194 0.5 0.5
0.25 0.5625 0.5|0.34375 0.65625 0.5|0.4375 0.75 0.5
0.5 0.875 0.5|0.5 1.0 0.5|0.5 2.0 0.5

-0.11937866359949112 0.25 0.5|0.0 0.25 0.5|0.125 0.25 0.5
0.1875 0.375 0.6000000014901161|0.21875 0.53125 0.6000000014901161|0.25 0.6875 0.6000000014901161
0.25 0.875 0.5|0.25 1.0 0.5|0.25 1.052837610244751 0.5

0.25 -0.11937856674194336 0.44999999925494194|0.25 0.0 0.44999999925494194|0.25 0.23870576918125153 0.44999999925494194
0.7612941861152649 0.75 0.44999999925494194|1.0 0.75 0.44999999925494194|1.2950928211212158 0.75 0.44999999925494194

-0.11937867105007172 0.75 0.5|0.0 0.75 0.5|0.1249999925494194 0.75 0.5
0.3125 0.75 0.3999999985098839|0.46875 0.78125 0.3999999985098839|0.625 0.8125 0.3999999985098839
0.75 0.875 0.5|0.75 1.0 0.5|0.75 1.1417282819747925 0.5

1.119378685951233 0.25 0.5500000007450581|1.0 0.25 0.5500000007450581|0.75 0.25 0.5500000007450581
0.75 0.2499999850988388 0.5500000007450581|0.75 0.0 0.5500000007450581|0.75 -0.2950925827026367 0.5500000007450581

0.25 -0.11937858164310455 0.5500000007450581|0.25 0.0 0.5500000007450581|0.25 0.23870576918125153 0.5500000007450581
0.7612941861152649 0.75 0.5500000007450581|1.0 0.75 0.5500000007450581|1.2950928211212158 0.75 0.5500000007450581

