1.301708279317776
1.3135557612549043
1.349370004228386
1.4098088127219277
1.4955193785171734
1.6066843484768465
1.6963717630083328
1.6216711352803894
1.561968400638566
1.5175422273193182
1.4899520192797442
1.4819019348330513
1.4520908999540334
1.3662703706601398
1.2833800772612993
1.2046485081073464
1.134504485516725
1.080950499515789
1.0455244574244207
1.0138699063558587
1.000588955613682
1.0039058839717963
1.021871366326944
1.0566247842426693
1.112108235215548
1.1926934404788438
1.3017082793177754
1.6324994373031612
1.6892827511458766
1.7709701030155667
1.8885441891210348
2.0627385282114594
2.2850184176909
2.388128614513553
2.2577008184563887
2.1284760790027826
2.081767516960212
2.0404622106693795
2.016332778314274
2.0050746686509062
1.858864888440041
1.6984140132019037
1.5377317524867624
1.3872130288857991
1.26316559796588
1.173679969881423
1.0992886344819992
1.0414875306141462
1.0157256758815145
1.0183850731841402
1.0355901804836318
1.069272302144293
1.1484326540378489
1.2934088477927395
1.5056207215119828
1.6864286469781178
1.865141474263169
2.006502114486802
2.1815106604046752
2.409849921568972
2.6660524497640563
2.9857428384922775
3.032694082965301
2.8217600525937026
2.6317215712028115
2.5833773395401898
2.555731049320952
2.5488743662967175
2.4186813096533624
2.2020063025149073
1.9684302136663607
1.7428929635596353
1.4668715623551685
1.2887902882803133
1.24610544050108
1.1071191934493778
1.0456166920907297
1.038200146117571
1.0624264792830656
1.1052519288050624
1.227914525480665
1.4954952604832112
1.8203017216819852
1.9962147473252398
2.136929058040862
2.2628796665633777
2.4243660011149455
2.673478029834126
2.930631561295902
3.220702387498278
3.51702317197327
3.693110110460316
3.522073200743281
3.3080704713606788
3.1146242963516966
3.0773128164392927
3.0750876016471467
3.021673054557159
2.772529042407358
2.4868266044122045
2.1776343874894932
1.873088999026826
1.5581117654244316
1.3752718058413944
1.3581766593830236
1.1784698385954542
1.0885390233589223
1.0706229571365586
1.0977672987258607
1.1579737486470616
1.3291760631439575
1.6966828356109214
2.103966849585114
2.214573312793267
2.424832287453372
2.570256742103854
2.7982264165673167
3.1605917034406654
3.4828809949198507
3.8299155589627984
4.1455312650690725
4.357473023248273
4.19958511622888
3.9303310266491573
3.8344453360660875
3.6901894896957055
3.645553136811523
3.554419498818044
3.4482638605666427
3.3203399576272434
3.047412571481277
2.707015946820581
2.3353810771769687
1.9830087176021705
1.6590891430858634
1.461697702027669
1.4508865429809634
1.2501397585741976
1.1402404858024142
1.1132634428696349
1.1423438367875858
1.187855506360509
1.355651377501913
1.6943027398399244
1.97485183772196
2.5199031447853395
2.371374131127
2.6086964891808115
2.8005545495518787
2.9641065202645165
3.238506240133929
3.688523794342284
4.050551254584904
4.426426105814579
4.708559979980193
5.050521091658377
4.894693907827122
4.654536723643869
4.369928231599542
4.305325668800097
4.208854879072162
4.156223992916076
4.013450886597386
3.736097962591471
3.5784974628961277
3.266445274559579
2.878786426330153
2.465173585914384
2.09480781974594
1.7639945451406929
1.5446392591427933
1.5398902757408457
1.3243109057030635
1.1974564016198035
1.160218759174915
1.184297590153256
1.2517913717517526
1.3995200101099892
1.7858981591291914
2.157930477069043
2.8809852598687797
2.621839919087299
2.61788220420017
3.0961396790178863
3.2966943482784545
3.6675151844113323
4.21164857353368
4.606956790547236
4.996811670681625
5.2122830678013585
5.756690309385376
5.6008268700449975
5.370848408364163
5.093841324740238
4.819584401058075
4.778186465938653
4.705928908670014
4.658049010899104
4.3134316746805235
4.005059285882237
3.8036096587418036
3.4476639070010515
3.0224618101780223
2.584314797903268
2.2060889914058777
1.8666550917596016
1.6230659807496595
1.6270089081842707
1.399339298782776
1.2575945924059317
1.213354705328924
1.2354855937209297
1.3097688976754414
1.4578003248890101
1.896198573847898
2.233045334150642
3.028484887392576
2.6176826478831066
2.9711990675184934
2.677059385091536
3.328050913839249
3.4650478859526386
3.632575549019495
3.9481389357223455
4.248359051593839
4.859325188679612
5.206942280334678
5.534436750644938
5.6729914424068815
6.469697970372806
6.3129667590943255
6.0954755405761105
5.821722883455894
5.533773356025452
5.276429137306875
5.25222935869776
5.192666079233539
5.064753655906645
4.608716832128894
4.246832241608843
3.999041225768549
3.6044232954170807
3.152108564066909
2.699658314346481
2.3150342963842654
1.963128281092552
1.698738617601374
1.7140454959477132
1.4755330302583278
1.3209722182138144
1.270702785062211
1.2906336956184552
1.3688206031648664
1.5179856624166235
1.9879264548173459
2.3725088616724275
3.1935712708723742
2.790294294546064
3.165878362618818
2.7606574947081963
3.629378859005366
3.770369610394263
3.9597409960914676
4.334005847075121
4.713918417481585
5.455324143446285
5.721718744017873
5.888681981005033
6.0120935449189
6.6333913532061555
7.026966656178293
6.845633682360176
6.573295499230336
6.268513876446197
5.9783421525924485
5.741112769680448
5.721671270246369
5.6767989724568295
5.381188960880492
4.874751867182231
4.458854312849856
4.171964096573839
3.7468854068190183
3.2760259171166592
2.8137337107376665
2.4203486121759923
2.041847852506419
1.7729521997821593
1.8028991205767924
1.5534326881998661
1.3868097723615715
1.330789914966069
1.3481921896344062
1.4284298877479749
1.579709867094636
2.0799579724276964
2.495894830051281
3.3759234248466448
2.9324977909923007
3.3644281044503384
2.8973832095797034
3.773868275909589
4.078728746926538
4.281751347290631
4.718476935773569
5.164484692920276
5.9823000852048835
6.201414908321161
6.259193159141916
6.3653943997108
6.786113901630126
7.975151026168339
7.55201458219011
7.343764006004225
7.034996378099395
6.713531218978737
6.428237602859671
6.213323301660993
6.193413595540048
5.947528795937855
5.679244870644795
5.120560108249338
4.651523000467537
4.331606839085494
3.883150334062721
3.3986388912448926
2.9257966150183914
2.5205172781187497
2.124959881002648
1.8463600450171689
1.894173060833071
1.6330838918754564
1.4544864910708242
1.3926573308787475
1.4072841156264784
1.488811215930343
1.641998196928204
2.1714573807331847
2.614659776889608
3.5586367517047046
3.08182281397994
3.6019574982167413
3.0524336251178994
3.7506929139693814
4.391193536116143
4.59757095520494
5.087196862403339
5.586534927064691
6.463232122390427
6.628853038316522
6.712497250019622
6.768160864058219
7.181485088949639
8.097986750849476
8.620565244306436
8.051189981933648
7.820699396409271
7.488529440160212
7.194453324672945
6.972746139628909
6.755726490320958
6.669309230463334
6.480727235570652
6.147510974014737
5.916586500917308
5.324597054165885
4.822478232022085
4.4810003536784695
4.016662783476998
3.5208140219306614
3.0337646520425703
2.614827005380179
2.2059772624176155
1.9193917437916783
1.987620751459449
1.714229177422809
1.5235990917173872
1.4557494297751348
1.467494716010762
1.5498199021513404
1.7047590813988378
2.262983893897458
2.7339567629870882
3.749122305753208
3.154270624307121
3.656010881652888
3.0505619185081874
3.3289664644862853
3.7655640891399598
4.628560527882827
4.751880596143343
4.9264211356597505
5.413885869376491
5.894282047815209
6.7517650936782525
6.8693019405293
6.948279352812121
6.973472781892102
7.3438858541657615
7.903991706058355
9.02006598422265
8.741471245039353
8.14574584181592
7.893368117275669
7.563598427241962
7.283460754690263
7.068695967018876
6.829848865007902
6.716880161580421
6.129725682922105
5.9929587612492625
5.767072770825257
5.207809510120035
4.731019872385831
4.386661378734329
3.9454250732916347
3.481616260598659
3.0256132770299304
2.6317371226440502
2.2634982478422514
1.9809136181554525
1.9832801600511558
1.74083642672084
1.5782484773506233
1.521668141125115
1.5423823504309497
1.6373193851966499
1.7588854176246538
2.188165468513476
2.593715235697981
3.455525526829313
3.0452368164664767
3.4607234044280926
3.3703003055261727
3.6357744635037035
3.912272379257072
4.595040802489585
4.734368293680895
4.908918189712841
5.33719283104406
5.755887906980137
6.479205657662187
6.589702542680009
6.738175902101901
6.8775746313040145
7.186359259371653
7.505415752564468
8.53501879578096
8.424605315736455
8.237787876922106
7.821882225720541
7.65394782071626
7.438821630871514
7.2580194151734245
7.1145299621846485
6.968043979358421
6.711490583464036
6.354083424143278
6.150721754627371
5.868142753072211
5.332767300694762
4.7893653905543845
4.351937022322949
3.8855450636261
3.432674107474478
3.009035535903068
2.649786133221214
2.2997560497231264
2.029066945398804
1.9532355334315847
1.7564748856579202
1.6270934002269546
1.585452109627334
1.6174555392422385
1.727637194780525
1.8213884431548448
2.113633401336595
2.4499899746215887
3.164650177525513
2.9320026349510178
3.3033322882319616
3.631994108640972
3.8841344066276857
4.194157066601005
4.729580802415315
4.760445414591554
4.935622866042774
5.345543895184575
5.771271628415284
6.452040243776527
6.660823895168283
6.907002874218024
7.270970322190822
7.587720999680442
7.911969838950075
8.67919146555903
8.66853071694645
8.515655801167318
8.32588826341509
7.963943092499201
7.780297791319581
7.563885940856618
7.370959959438294
7.212492945460587
7.055702336504489
6.775059562378452
6.504573464126972
6.223666152759989
5.997482789661702
5.701233120654093
5.326492044944342
4.988151006185523
4.650569789608761
4.292064556148966
3.838347613699225
3.387967412388438
2.9947260589891758
2.644162664787775
2.3582854769085366
2.0962002145112875
1.9928436476770113
1.8053629978788672
1.6807307123219823
1.6425886585438538
1.6747717780486122
1.7853002533059692
1.8841327110501336
2.1498684305827345
2.4209381103570933
2.925689209694921
2.741964551884319
2.9559344294018732
3.2168824651513446
3.8914498212269373
4.112364896008252
4.417551045132119
4.6238339938828465
4.903988108129685
5.009863217287175
5.2645043681916315
5.581572957435611
5.89833940176177
6.403388669677024
6.555495378971895
6.784731069200079
7.192754390443941
7.420178844014329
7.660890960726363
7.93637137768146
8.327129177175632
8.13589690506472
8.040673993784662
7.913506782416644
7.676213208867049
7.556740872972478
7.4208929265209544
7.304249258496643
7.2098279812239765
7.153935201212458
6.97783749894475
6.771843996162052
6.53117256406114
6.221809327422191
5.885223533903046
5.424897792350744
5.000693920505791
4.594038808753069
4.1632701595179
3.7754080953534523
3.412562825456902
3.05527385049789
2.692651359367045
2.40573332066524
2.1457441116578013
2.0320767225518748
1.8529337538620614
1.7335439882613226
1.6989206276904132
1.7324668263474028
1.8424635087660453
1.9389188645746374
2.1752705725403447
2.425552417319177
2.8885678217748483
2.784292766740005
3.03880534196207
3.305626384595381
4.124132530929898
4.418432918481523
4.770554760467385
4.918790189009811
4.957221055435905
4.939816722529931
5.0913113098307345
5.43409121727335
5.835505707394796
6.406005854646329
6.738536862889736
7.186770366821551
7.852767436024005
8.117202234735249
8.36085806711894
8.616723772507415
9.310925332597316
8.640319882124357
8.558644933255788
8.469798496847783
8.401356139890975
8.317611054284093
8.197029017002647
8.08350481373566
7.915210390186533
7.765092202514184
7.635249472528531
7.561556965096478
7.396044033732338
7.17868714997104
6.865611873796114
6.520807093115731
6.040095594592329
5.623897077617824
5.301371060730722
5.000832239016809
4.691452359512415
4.244764132338473
3.8414873474513955
3.4470566195670704
3.0866695537442914
2.7373482609760553
2.45392088930191
2.196366835284707
2.0714130430520568
1.899880351875831
1.7857907284225651
1.7545721070603835
1.7890280461846597
1.8972597112570155
1.9908691686887878
2.202383063890328
2.438685583487041
2.8734577587649044
2.8206124316277137
3.0728161317433202
3.34098410486815
4.143205263973536
4.474853083880501
4.892578766356465
5.177150809041072
5.271837387806869
5.282321718358141
5.348993139961273
5.508004059592817
5.668315456051378
5.905349791245009
6.282836350622419
6.512422724323271
6.890538747324759
7.436232875406125
7.763215161259823
8.005737925379487
8.243253893312232
8.525683689846012
8.642633532520364
8.296394644247018
8.213541710293724
8.134115020656594
8.04116522898606
7.928014243941305
7.7886563201840815
7.665160944842265
7.547125982929114
7.443343448930952
7.356657704043876
7.387125920058921
7.180680227473665
6.050803880942744
5.842999392427433
5.60657543198585
5.101162203731785
4.693781107122201
4.427587471902152
4.101932163891118
3.708039179239786
3.24346692285154
2.8456226192729206
2.4713503097526117
2.1156934173364466
1.7773428491277936
1.4955910101419152
1.2432561768432997
1.2331209527450606
1.0409980605571834
0.8910363299331031
0.8507426127518363
0.8768840363429642
0.9882479587156545
1.0388192872752302
1.3011719333126448
1.5585401122269054
2.1136499180067174
1.858475988936961
2.1173718786762565
2.4129662211294622
3.2045124713362605
3.5255456423717537
3.9426939329893087
4.228444040866509
4.2734538288071935
4.324872290151539
4.4131299486718945
4.701604957219615
4.966630390517081
5.249624570267364
5.610702992381998
5.727211166512061
6.033509611485849
6.552446846257931
6.7828145386020315
6.945009033794381
7.111159412546821
7.268832492741876
7.524082098829979
7.037671426253754
7.0006509998081246
6.958669605309944
6.909308757699424
6.8413510671786
6.764487580688447
6.688252789342
6.607958285568459
6.541636077073691
6.490303550608532
6.4605534446426605
6.605728750605663
6.392730732947252
6.393282993292258
6.264665185321107
5.981433056958368
5.345313649079154
4.823935499939259
4.473572313060013
4.122311783216564
3.7355454654874443
3.262513103750863
2.8629014883354964
2.4941488830128304
2.1457352160073917
1.8212373192087876
1.5437719896306994
1.2938129787298847
1.256873339919782
1.0750728157582374
0.9342254824263359
0.8994782810327208
0.9279674494507478
1.0387092338525101
1.0900851784500645
1.321215784437992
1.5681524067759898
2.0944389325879915
1.8952239425600588
2.155973399717235
2.452262188339115
3.2311372734543666
3.553521158582716
3.95416439618064
4.491376139805308
4.365423628399858
4.47302715469487
4.76466377495087
5.053875246694799
5.368717691894459
5.772715413870147
6.079314223006908
6.523474114365666
7.149985850376132
7.3358618251602214
7.486881811069122
7.6052073555899655
7.724301729105018
7.747624708359192
7.260883449863985
7.105414884034343
7.089257978639544
7.102718510274025
7.111741897817004
7.068592022486129
7.037210227985923
7.066028385466839
7.040233410486746
7.047475450069957
7.05119748230163
7.058244501721855
7.032034905424073
7.184041961086336
6.838993165768609
6.72723435803971
6.43760913593103
6.048336517155768
5.375608225082845
4.837584491214347
4.501944386053829
4.147337537050573
3.7617111531267295
3.284874234101906
2.8841668176305846
2.5184712563512486
2.1763285513147776
1.862352477482493
1.5919380797501388
1.3441133180444937
1.281896779115646
1.1093798670428652
0.9777629734321698
0.9478285609241642
0.9783739309895639
1.0885600254144991
1.141220419976154
1.3465806954488193
1.5848278961013496
2.083403040768289
1.9356624210243774
2.197659751567518
2.4929076650457143
3.2632771578744064
3.611659427720535
4.016817289596956
4.4665311373580385
4.399550187136341
4.529670677193275
4.83561980944942
5.148995740401399
5.481348169422791
5.881679123152528
6.1710677655891235
6.641504590886828
7.319559696652855
7.685349491402393
8.043733327661686
8.229819007868086
8.403942753828856
8.551218436467916
8.212968103810148
7.7461680328856755
7.662543954136301
7.648927527143235
7.660108797872797
7.6646838266717685
7.58905433357598
7.528118292577195
7.539260206386239
7.443920410546467
7.328239131390878
7.219577720422203
7.171663720032741
7.254319323269363
6.880142209712614
6.756208324088386
6.455706122007829
6.0844422530566415
5.408573677235862
4.8651803970188885
4.530596198138858
4.174790409460026
3.788889251567832
3.309774066856978
2.9081317489152125
2.5445832626096476
2.207941038039646
1.9009043217002006
1.640516841330721
1.3948349247512617
1.3077946677800236
1.1439197897243816
1.0213899714101786
0.9956539174925089
1.0280484355680484
1.1377246830812378
1.1922582848749006
1.376578414470373
1.6074187481250193
2.079317100704239
1.9793557796799193
2.2424103833757947
2.538132310213884
3.313463295564325
3.6536916677842117
4.112432448189195
4.466760983259606
4.560102267274125
4.898874724795554
5.235378197474379
5.582203377850742
5.982081704141022
6.284842170155345
6.764023599576009
7.432791255533935
7.77116565649873
8.085531672378549
8.324101510981686
8.523833802922924
8.579755387178816
8.006498000862265
7.801402815537256
7.764356625617172
7.773929465295515
7.777134536437175
7.696597923784959
7.628102748573603
7.62651201577993
7.51921646835339
7.419060710697668
7.326128268630056
7.256550376414383
7.356529387545435
6.951460885007441
6.801938702192044
6.495949191693763
6.121022418008203
5.446463317802768
4.8991134199580495
4.562425239229792
4.204844571046908
3.8179536030146677
3.3371257599146564
2.934506249768688
2.5724089303405973
2.2402134295174965
1.9390888173670529
1.6889201040622144
1.4455250826803072
1.3350553123740498
1.1793956459799149
1.064990307539969
1.0428907528862874
1.0769865589419685
1.1862183231029375
1.2432475653875361
1.4106017896778895
1.6350837464494654
2.081388598028196
2.026495666589398
2.2919192156441404
2.5919191214497346
3.3683000937624294
3.738685534067981
4.4217375424586525
4.461965058889918
4.603418124146846
4.962614886921422
5.318042852124672
5.678489485330848
6.082783660264735
6.401252928963669
6.882440227094164
7.530628908204119
7.851889554972765
8.157296530069184
8.429554294663612
8.638192199865765
8.3706556171571
7.937011498687806
7.889256062107516
7.887831046590215
7.89010621691775
7.802855373392556
7.725032778189214
7.717601834191067
7.604982843224605
7.50468262393512
7.41338829289794
7.295089168480424
7.027818815378262
6.851011314977861
6.5491838443877155
6.163694546310205
5.490556969072714
4.938643641795585
4.5982611802806
4.237959466431812
3.8494234739124153
3.3669504728147377
2.9630877025304763
2.6018166007630743
2.2731254091059685
1.9772374186247537
1.7370404973516251
1.4959614814092705
1.3639895820483634
1.2157644517973132
1.108588717820763
1.08958970613167
1.1252585132267292
1.234136890701164
1.2942648916493726
1.4481527987373244
1.6672601421207438
2.089362220482524
2.077816867378642
2.3480068356517716
2.654056407755753
3.4536168559637668
3.833239736814946
4.416326102269986
4.4602238414687685
4.657088456682867
5.030211584263503
5.401015997565987
5.773859643769448
6.18391364559503
6.516097809902833
6.995618847928375
7.623998463400914
7.942922556604098
8.258384369021373
8.532792355958454
8.69283601115447
8.237019274136125
8.013914110792577
7.994709543616878
7.999462744485948
7.907334557568582
7.822190380998534
7.811540991930054
7.707367294000897
7.590546239856541
7.541055005283087
7.416506667568334
7.3414072728763795
7.1364612299547625
6.929959180589812
6.613837775797718
6.21828625088454
5.5423559354367535
4.984306120076401
4.638764660973552
4.2746481743037466
3.883673899615666
3.3993205461133096
2.9938156178983872
2.632769496183282
2.3067439881767204
2.0155195921853784
1.784851856130824
1.546018983623507
1.3946784402108048
1.2529775868520374
1.1516445662527666
1.135844408405751
1.1729828587842686
1.2816293168920463
1.3454223670897556
1.488887892645276
1.7037278358683856
2.1036367955011914
2.1339701184919666
2.412259626061197
2.727450084931665
3.5325941971393213
3.9781545779044225
4.50306044986514
4.679649592997099
5.085299913858303
5.477520083541671
5.866029444494571
6.2835845923914695
6.62835340252768
7.106473226228714
7.716672271866738
8.036756631791564
8.368211748243711
8.65134220292246
8.586299635837479
8.131467267001533
8.092391421491508
8.10365882049057
8.009841174313616
7.920860749095895
7.90794520314839
7.789554341640015
7.679591960829652
7.61889567252133
7.481390481607806
7.338145115997088
7.028267882400627
6.68297092315199
6.288626648724485
5.603340298383041
5.03745405147246
4.684816402864792
4.315514900239233
3.9210940099894853
3.4344095057658697
3.0267573485586894
2.665319660430384
2.341174623180032
2.0540626531598076
1.8323528783911194
1.595639082103205
1.4270775237662376
1.2910199655725818
1.1949810793685116
1.181764126103655
1.2203021870278539
1.328877843715126
1.3968742398675922
1.532641007647978
1.7444558043119796
2.1241373839102584
2.1965726150600213
2.4840208945211404
2.816032741649882
3.642994018796164
4.296704098712987
4.483719712789369
4.718710254913155
5.141568533095957
5.553193372554468
5.956246184912335
6.382028165073206
6.738786576791281
7.21615712703449
7.81727482618684
8.15752903278127
8.50018150043232
8.771536410883927
8.779301733416181
8.274365621762877
8.2102879492363
8.211348310595106
8.113627875571746
8.019272957403947
8.002510169524715
7.876888920829453
7.763757692916506
7.6922434241904325
7.5276164817817275
7.368205354972722
7.136572951900435
6.770820199313344
6.36825943371583
5.674114883346494
5.098597934636772
4.737084894141293
4.361126423456095
3.9620984962100154
3.472467789328578
3.062069056396028
2.6995853360133646
2.376553231575677
2.0929908300603848
1.8795675040424622
1.6448077810609876
1.4610849144704552
1.3298744521501211
1.238658042469962
1.227470247335628
1.2673704453265915
1.376085730855682
1.448824413397502
1.5793738062305405
1.789568731140171
2.1516584766002813
2.265523620991719
2.564694729764375
2.90659165205767
3.7544856779475633
4.308869880421586
4.479878206723837
4.770051230684845
5.2034708704178
5.630813661744718
6.046261697597137
6.480425255143323
6.849550988403672
7.330030341745311
7.922534985705186
8.268749637604236
8.618147072706508
8.887874053923195
8.519531715645293
8.336265805368035
8.312990364904254
8.215125659228425
8.117033782418718
8.097125217633378
7.964578354111112
7.842446231346625
7.758071912916764
7.574572258530631
7.412868817204679
7.170664830478285
6.868309035708067
6.449308151510219
5.751372444553246
5.16778644694371
4.7959643084157
4.411940817608214
4.00709160351695
3.5137865864612525
3.0999625046202413
2.7357325548988536
2.4130439344223986
2.1324394247557934
1.9265485962052564
1.6935465208240632
1.4966050148009282
1.3695260839125385
1.2826932530185908
1.273095742670244
1.314364912003221
1.4234916640471933
1.5015441778048289
1.6291790385631018
1.83934655589723
2.1864079562606045
2.344122577931176
2.6640197123195617
3.040998171491565
3.9367980547373724
4.509149510228777
4.785326531362783
5.251943732042294
5.702172969034793
6.133545887925541
6.578810693334439
6.96128718651719
7.441953839274058
8.024559804224147
8.39479166577132
8.755734857631971
8.798944070020038
8.452169171125504
8.404131312273828
8.31168404342
8.212824095943345
8.190522724424538
8.050215577600566
7.9175714911563455
7.8186225173588575
7.612117576534452
7.451338158238027
7.181280394781061
6.575941000562241
5.848989541741113
5.246565631901984
4.865712096813421
4.469959977742507
4.057135811264927
3.559009225494699
3.1408411940638423
2.7740347810582673
2.4508689022911145
2.1725731584299477
1.9733799942021069
1.7419026447476054
1.5335532546046684
1.4099590387603835
1.3270951253330994
1.3187805146714096
1.3614855314533152
1.4713613436318869
1.5553198600898182
1.6822188500723263
1.8941795829999024
2.2294387885793485
2.4297197526066094
2.770460740664799
3.173607005430258
4.278178714101044
4.490037781955371
4.821675592638515
5.3029191494704335
5.773405098002939
6.219911308741345
6.677334247026045
7.072437401637316
7.557331235398079
8.139415406248066
8.517373280008155
8.883551388927991
8.575866625099941
8.474041251492322
8.39409462004927
8.301628415915117
8.279935431509621
8.132303716739452
7.988194156713329
7.880860003638046
7.664508541415736
7.476896968551321
7.160443715650845
6.695207651349605
5.954924742701278
5.334906266554229
4.945232482903622
4.535644737102737
4.1129067411043385
3.6086966105814513
3.185135951170417
2.81481834579458
2.4902964278172663
2.2135881836558826
2.019542554136385
1.7899501680484853
1.571842747771565
1.451164451174336
1.3719154945688212
1.364669233388371
1.408935974323453
1.5199786886183448
1.6105432821982304
1.7388859270493022
1.954631533777934
2.282109425026027
2.524499511546823
2.8850515348336256
3.310067672130938
4.303606525465677
4.4928072467951505
4.8722040544565015
5.361047729337214
5.8476117496873785
6.307233865000352
6.777367380841253
7.186335140311721
7.677564535752013
8.254282489253908
8.63621008623307
8.80067569521841
8.560404952379796
8.44218660326913
8.37510767459867
8.360334789442708
8.209398894283924
8.057233590201896
7.940405515273728
7.7107789500342445
7.508497763026664
7.142795274194937
6.806189194525949
6.06485120644668
5.431333427711208
5.03292967619783
4.608912332622048
4.174749443911431
3.6632590323412844
3.233231567387998
2.8584054144857034
2.5315379071528343
2.2556617773047285
2.059012689073478
1.8377450706462377
1.6114321413727497
1.4931554514128131
1.417197057948986
1.4109185775435966
1.4569480123255603
1.5696857101729036
1.6676058110846312
1.799462738877875
2.02085760763771
2.3468345545815614
2.644225170498285
3.039200469839244
3.7330137221226822
4.516214088888165
4.882063110284855
5.404854523995415
5.915907849157759
6.392843721154713
6.8787667147264235
7.30267150969473
7.802190998626715
8.383258573140278
8.74073617288182
8.928567884937028
8.687395861052027
8.531304260244946
8.45263629595423
8.439430950554707
8.28408330411259
8.123954802030452
7.992790806706831
7.735076197728
7.525944721092046
7.100822932385764
6.233299118819634
5.558378706024623
5.1345478801047575
4.694061319502546
4.244691045341256
3.723886788481517
3.285865666505726
2.905349835346461
2.575520874620972
2.299276282886364
2.0976849490572094
1.8857124048840614
1.652136917179251
1.535884046892862
1.462984484135397
1.4576776623146477
1.5057582498809798
1.6207905896001382
1.7268996172401643
1.8646768981665305
2.0954370547576002
2.4211522382540944
2.763581999207194
3.194711516505254
3.8387891520699045
4.502366403428508
4.917544788773605
5.452609670470248
5.985025175526597
6.478691204357788
6.982088431232334
7.417980642239866
7.914005979453995
8.498375186603921
8.875169791960149
8.83608067504238
8.649182873642882
8.524134415866634
8.514732294017652
8.355322157103732
8.185585192397166
8.087330622846292
7.802865429038694
7.690967172396491
7.386869988563946
7.082846131359694
6.364023437831044
5.679540980322383
5.242800012663904
4.787775605626665
4.322368760973711
3.790889472247899
3.343594073704347
2.9561944255595587
2.62218305154512
2.344255866686224
2.139808536456677
1.9335908268328674
1.6940969727046513
1.579435210742891
1.5093748088994912
1.5051212619321046
1.5556168025862407
1.673718130414082
1.7891857500400559
1.9350157581015222
2.1769700997509034
2.506200286940019
2.8933209723058475
3.3318712239818713
3.9331343293653593
4.509168365334621
4.969436863607275
5.509286900785469
6.0584719182619144
6.566446346205054
7.085262750617787
7.5330654374542965
8.035964072620578
8.611961834488794
8.99766804094447
8.742744411785349
8.564186949002758
8.575124592789013
8.422817558342677
8.25445107267918
8.128998666033716
7.872917492615421
7.7562239760296485
7.431003666167717
7.092089106730088
6.462146616334531
5.799714689133574
5.352475916241129
4.8877735093174355
4.40699154000926
3.8641903840162284
3.406616350230799
3.011152756413698
2.6717064976376976
2.3909301530597187
2.185347991002288
1.9815476991799332
1.7373215261965151
1.6238742958471042
1.5564489505976031
1.5534504461526348
1.606844484887551
1.7288702034787626
1.8546536782384377
2.0105676711871285
2.2706315202465506
2.6143231298827283
3.063712857969387
3.6314257902704843
4.525378176965697
4.976131724039198
5.550820059870082
6.126001369502096
6.652194937038094
7.1892405022119865
7.6531911639218295
8.164952200123288
8.7015528384618
9.016890009697866
8.909981000525889
8.698034689028335
8.64282303563717
8.489484151868355
8.317911127357123
8.187621373304998
7.934684960707535
7.812102944509321
7.480750120450871
7.138919833620164
6.527456569935104
5.923140800037779
5.469788089315636
5.002840040361861
4.498437284176562
3.9438059192437467
3.477454374021358
3.0822274943335244
2.7263963413896892
2.4073501524706735
2.061538767034084
1.815284011156158
1.683256564621033
1.610197589403981
1.6058618906755129
1.661158591640528
1.7872997115004707
1.9247740178081494
2.094951276806086
2.3713145776218467
2.7314271958280525
3.236172250839726
3.854089355495778
4.530073249830093
5.012905490453692
5.59752760263586
6.194651020123097
6.738231675833958
7.294440011362374
7.7646973799873145
8.261065499537334
8.793034310915141
9.013100915314002
8.814325224482944
8.688523670919434
8.548764503728142
8.379135212371565
8.248284522796565
7.9934858359630825
7.863143192798905
7.512372168004909
7.167979293707587
6.469533250904171
5.6674771177375005
5.1456044716284
4.611710169325192
4.038538367808906
3.5552020578470342
3.135842494772214
2.777802716187374
2.4536988529948704
2.132536443255787
1.88348056376367
1.7451349732343857
1.6675510799043947
1.6619044077873248
1.7190829087928845
1.8501214472423633
2.000057188785055
2.1854390147105884
2.4886000765631437
2.8826477171924694
3.4351042292536356
4.135436177907584
4.9318670306028904
5.586722861201287
6.239199184030481
6.81235483182802
7.386378176721673
7.856089669169896
8.38623823176934
8.911334945159647
8.957161288597606
8.73212119642015
8.596061150537505
8.435157325742908
8.3062015702149
8.047401528036849
7.913831194632461
7.5550378131180285
7.186112575732184
6.490647402339408
5.827147096093004
5.285010153029946
4.734269421337389
4.140554931585359
3.637251358876539
3.200341688716319
2.8363867081074785
2.5113104711482745
2.194784345551999
1.9454516271795075
1.8056543044039106
1.7265747406686023
1.720568008856966
1.7804937524717086
1.9173866186762516
2.0816049688374445
2.287378612747171
2.612361530789273
3.024524670662964
3.621555384311839
4.297797784761896
4.944900052776709
5.610170667398827
6.285793234840138
6.880289339681552
7.480962884672939
7.978228789347565
8.489561409931088
8.969007674297291
9.060019961409328
8.871263154801904
8.659492448592303
8.49670738772353
8.36538762010194
8.101695673220457
7.961103806379619
7.592574240124103
7.216183883423715
6.539808035281949
5.9582785102834555
5.422393967108341
4.882278142082573
4.247381963993849
3.7251323148811784
3.2731438362758443
2.9011889955060357
2.5727288871610674
2.2561354465180297
2.0045129112263993
1.8650214803549972
1.7866835124510427
1.781315987307495
1.845279488823155
1.989697447261589
2.169477234155124
2.402957740111666
2.7740549973274087
3.2415274004645007
4.050795061886515
4.860179597181973
5.584447881890039
6.312726427191345
6.940311367629878
7.565653174067783
8.055883019309363
8.575193445115895
9.036554048948389
8.964443094654044
8.712369562353375
8.550922438573116
8.421637350139745
8.154263371165369
8.007206092116789
7.6339582232051395
7.262558747521834
6.598823152409362
6.040642519833691
5.560010133964711
3.934555179196971
3.290716518904091
2.7659107243873016
2.3147094268530823
1.949466817337319
1.6284215685360746
1.3079771079477056
1.084073071577855
0.9419131633931113
0.8571109466129423
0.8602776555057333
0.9318663821260245
1.0908610552564164
1.2671224584198844
1.5012258459745764
1.8945024992772004
2.4117959695668474
3.1531852718296176
3.823771396856901
4.533025904892164
5.256037295862244
5.887749197179816
6.513884481743193
6.993966193712152
7.501960950732997
7.877889818439043
7.688286679020711
7.43385836015999
7.334514852334266
7.078035450820626
6.938623927391846
6.569956974687255
6.209258189196862
5.548715105988055
5.006224435123466
4.597853463800193
4.062454304315575
3.4042017621720766
2.8620762185217017
2.397577907849503
2.0224542351736714
1.695021793520781
1.3714106441064442
1.1370816647620645
0.9981066506644821
0.9192917838825408
0.9238998495331194
1.0022854420165288
1.1716339556859845
1.3701707295035221
1.632774561836588
2.0560539354597838
2.56993776663443
3.2679349350643467
3.8872870130805097
4.5768619987152555
5.304825063192683
5.93943200789188
6.567171855085978
7.096245321651903
7.579691246190345
7.769923280062205
7.500907116402641
7.357845958437756
7.114967416035745
6.981180487226962
6.616932808244519
6.261973097058161
5.606924575637715
5.07932048553474
4.700006401096842
4.192430870571618
3.5395468026652317
2.96215428745963
2.4847246449716884
2.099027613496547
1.7646282132614148
1.4372250484277247
1.1914896798905643
1.0554989982101406
0.9837112460914208
0.9903351417178643
1.0769053844423944
1.2583488568677759
1.48865624537332
1.8040669800990206
2.273166348007722
3.0611426480143367
3.82342409878022
4.562442215123691
5.329643219513876
5.989377959713475
6.655289453559806
7.1586854197017376
7.589178384082739
7.81938261400635
7.649347744892834
7.3988208704191205
7.158660735014871
7.027072646380231
6.6664514696253905
6.3167104086474435
5.671596479195986
5.153967883280623
4.781735501240083
4.324696145805833
3.6649278170495228
3.06571690635856
2.575534995868621
2.1789103135777865
1.8372678255393238
1.5058331087594197
1.248936109573095
1.1148163409941192
1.0493583545330607
1.0599647793159748
1.1572190141622245
1.3570679109227701
1.6124679730882474
1.9589671650068048
2.483529096523682
3.2950306772599234
3.8592673763193073
4.590356404560112
5.366500522965406
6.033236229294506
6.685474855901524
7.198164034387275
7.596384833577864
7.711103178844179
7.433150194857957
7.195108209449832
7.071557728461548
6.717682239734546
6.374197272427908
5.738077551487169
5.227058667446335
4.870460474147512
4.452286805284721
3.7938128966264606
3.171423270690721
2.6690917931138576
2.261663523143283
1.9127995374514817
1.5775109595327061
1.3103712113701573
1.1767129650088102
1.1168836381435037
1.1338161886381428
1.2431557531552713
1.4600869789716104
1.74388964972492
2.121987894390912
2.6643589524862135
