1.301708279317776
1.3135557612549043
1.349370004228386
1.4098088127219277
1.4955193785171734
1.6066843484768465
1.6963717630083328
1.6216711352803894
1.561968400638566
1.5175422273193182
1.4899520192797442
1.4819019348330513
1.4520908999540334
1.3662703706601398
1.2833800772612993
1.2046485081073464
1.134504485516725
1.080950499515789
1.0455244574244207
1.0138699063558587
1.000588955613682
1.0039058839717963
1.021871366326944
1.0566247842426693
1.112108235215548
1.1926934404788438
1.3017082793177754
1.6324994373031612
1.6892827511458766
1.7709701030155667
1.8885441891210348
2.0627385282114594
2.2850184176909
2.388128614513553
2.2577008184563887
2.1284760790027826
2.081767516960212
2.0404622106693795
2.016332778314274
2.0050746686509062
1.858864888440041
1.6984140132019037
1.5377317524867624
1.3872130288857991
1.26316559796588
1.173679969881423
1.0992886344819992
1.0414875306141462
1.0157256758815145
1.0183850731841402
1.0355901804836318
1.069272302144293
1.1484326540378489
1.2934088477927395
1.5056207215119828
1.6864286469781178
1.865141474263169
2.006502114486802
2.1815106604046752
2.409849921568972
2.6660524497640563
2.9857428384922775
3.032694082965301
2.8217600525937026
2.6317215712028115
2.5833773395401898
2.555731049320952
2.5488743662967175
2.4186813096533624
2.2020063025149073
1.9684302136663607
1.7428929635596353
1.4668715623551685
1.2887902882803133
1.24610544050108
1.1071191934493778
1.0456166920907297
1.038200146117571
1.0624264792830656
1.1052519288050624
1.227914525480665
1.4954952604832112
1.8203017216819852
1.9962147473252398
2.136929058040862
2.2628796665633777
2.4243660011149455
2.673478029834126
2.930631561295902
3.220702387498278
3.51702317197327
3.693110110460316
3.522073200743281
3.3080704713606788
3.1146242963516966
3.0773128164392927
3.0750876016471467
3.021673054557159
2.772529042407358
2.4868266044122045
2.1776343874894932
1.873088999026826
1.5581117654244316
1.3752718058413944
1.3581766593830236
1.1784698385954542
1.0885390233589223
1.0706229571365586
1.0977672987258607
1.1579737486470616
1.3291760631439575
1.6966828356109214
2.103966849585114
2.214573312793267
2.424832287453372
2.570256742103854
2.7982264165673167
2.9514735750288965
3.2453517005064505
2.353043016846192
2.425180475533734
2.259656522415338
2.2352754204167224
2.1593793353567787
1.9140019030277649
1.79892233157378
1.6753811139023256
1.6746432267752076
1.4927257475630973
1.7494130044779344
2.150304982143683
2.4081865499860666
2.3945030613524256
2.2218292529708505
1.9379767212348527
1.643591636073147
1.4554600127552584
1.4475618066889318
1.2488834108255353
1.1397806108615673
1.1130876897867161
1.142279573533783
1.1878478102510057
1.3556469703438236
1.6943015109145414
1.974851534140906
2.519903072412157
2.371374056961958
2.606368799543458
2.7932231895244435
2.934518932256203
3.160561863517184
3.4171559581606945
3.47740237422654
3.349139449454328
3.3084612901880384
3.4669147175672785
3.0570266740585472
2.8665717823898205
2.7498031360324617
2.7009107397372403
2.444774805308113
2.3179628974337314
2.191052858686351
2.1010503792078126
2.0365430121482597
2.3423836675702088
2.6690463880677613
2.379205202040968
2.3814326537525927
2.234752898961366
1.9894356534948927
1.72125999577914
1.524787493317208
1.5279958743871473
1.3192709480467542
1.1953857241050678
1.1593661722622872
1.1839457759785936
1.2516385830463188
1.3994680414385854
1.7858856710404376
2.1579067221967048
2.8807199878900045
2.6203262420942357
2.6116582490475215
2.891658452535358
2.61415459239824
2.0108468562203243
2.0907029871783274
1.9509676084943333
1.8525131337967422
1.9644975561844091
1.907467161769523
2.6743689806485094
2.6085616669260974
2.874798238417897
2.9994697423765695
3.115853283582178
2.915965312891878
2.8087750865928247
2.622216885480833
2.5786011626615144
2.530665687441544
2.787852934755954
2.968020020893595
2.4607329513227025
2.4104501868273043
2.2614748197079955
2.040803951602656
1.7918240946833943
1.584311952813388
1.601483906961762
1.3874708127526454
1.2522700892732062
1.2109794230748188
1.2344140202668725
1.3092566184039318
1.4576065199842474
1.896113559597789
2.232951802039276
3.0252496858879527
2.607566816933106
2.9416446300994394
2.7628636984799604
3.0648784394705486
2.8105259561119778
2.584249391699598
2.5688904796345975
2.6397787986197643
2.428254527248723
2.360553627957807
2.5525508097951892
2.6906797121342954
2.6991876176565994
3.5016901803064258
3.5783019618041334
3.4169800904879963
3.1950412046991663
3.3555110733759426
3.514921060418904
3.366371927439444
3.2894563016407514
2.965712617699582
3.030531818418633
2.954882972748533
3.1351655792260056
3.1944663846947248
2.562308221832488
2.462790021369642
2.304521092677386
2.0951527879631016
1.8403502511861607
1.6380910944253757
1.6709769878726326
1.4539321072424067
1.3106033896598799
1.2657283037082918
1.2882365803564544
1.3676062103176327
1.517464287030068
1.7252402678901317
1.7083011882596122
1.5808809941817599
0.809900345979208
1.0816355000847133
1.4021214639651987
1.211791958296172
1.5788656015735698
1.159785545354605
0.94272170133862
1.113533422420278
1.3132159896098397
0.9561504753454326
0.8731845480798874
1.0344590965796683
1.2892427748573083
1.1083292721885394
1.5809466653803461
2.4691561571594063
2.395115172283274
2.0027682010146957
1.6986772410859878
1.7989588607301166
1.8509408626681372
1.9735309423029208
1.882014350339841
1.8709200582281953
1.6180071186760066
1.3691395731938392
1.2430548901579686
1.2854903097856227
1.2142674659177448
1.7071370923098281
2.1980683346474033
2.1522614944804745
2.2777881329134306
2.2620329473562126
2.1111623620043427
1.874072476675319
1.6824830006040572
1.7360500175393367
1.5182380856132454
1.3692198643620057
1.3217935537040721
1.3418892403645564
1.4033025793848795
1.4579522160637843
1.5599904676689869
1.4279741054848227
2.0260626515904265
0.9133065869031509
1.2847790370565695
1.5356791036660824
1.7515299093670686
1.3049640949946495
1.7286291940066194
1.4313172350924996
1.2639677060309853
1.5122510670873692
1.7441706869611162
1.4412536864989829
1.3138092551981948
1.4927408386583865
1.866102341844294
1.8567114536124905
1.8373466803087184
2.326582979267807
2.2301411245228513
3.073924508367952
3.005317433946696
2.6155071593578167
2.209961885762327
2.2933203750443005
2.313734007594899
2.4132832396760637
2.345415653048751
2.2842287688268734
1.9854998603771286
1.6929840383833668
1.5363393419537577
1.5932353531664476
1.6340549452974196
2.2039650251749774
2.6004661968113103
2.07097788820786
2.209288256749011
2.2229688201459235
2.1133136592516393
1.8950053525775346
1.7179517529590689
1.7964350334848216
1.579662857032632
1.4267949416424286
1.3743781128117463
1.3794282902183137
1.4079179687667367
1.3871092306769208
1.4702713000686305
1.4082276336591848
2.272174106319449
1.1845953091217734
1.4971538641653221
1.7542812990014343
1.942461126712874
1.4959895518981594
1.4037211595835672
1.997745945173872
1.6853100586491487
1.5843670691044254
1.9054983162661356
2.1725861671813527
1.8923068674372705
1.7662550312769774
1.983263020137052
2.334045149768037
2.4694670746525453
2.482864744551028
2.6118985041490497
3.093416638302635
2.9384821460304758
2.763473162482542
3.631316309253289
3.5846115810300025
3.179247060241445
2.7253078657897394
2.7820289439045687
2.7814050629783496
2.8482189188502764
2.6089283247732418
2.6889512759669145
2.3416741876141813
1.9987921179074788
1.8305907878685956
1.921833017678004
2.0070550096373116
2.55638831353244
2.8181794777714946
2.1125327364343214
2.2038524543617757
2.2086801110746395
2.1047554427225696
1.9106368507833635
1.7476011641204234
1.852999130662652
1.6375759641086958
1.480559696486704
1.4179224463624873
1.4021661201278797
1.40415260751536
1.3440896808028175
1.4392221041314677
1.454978026329428
2.4680738707815633
1.3735230715015714
1.6898394309749847
1.9521006274790003
2.1884869950125245
1.6043202844277744
1.52919125548537
2.1359883227299963
1.9513717183230546
1.8712899832563517
2.207745563306804
2.478167474404394
2.207924717158051
2.095241529729566
2.2865972937899675
2.6443401759819904
2.708347608305599
2.827645886656559
2.4683759041032696
2.1784498582013367
2.1234560168342913
1.5982541530167975
1.1736667965587113
2.1050592901908796
2.325789563930416
2.250721189129591
2.4293628959846543
2.6964692030271564
2.819984117798693
2.902235799750879
2.7159044989406125
2.75694863447979
2.481483998029985
2.2441364048077435
2.115883621348558
2.122421030260647
2.16424459480269
2.535383087422308
2.700235894767377
2.2553175087560784
2.260931149971414
2.2115799572759767
2.098531824365282
1.9426563223394977
1.7829150559426614
1.816893949339426
1.6410335353009133
1.515148288924255
1.4548843943262415
1.434185802536162
1.442887208610959
1.3523523327762441
1.336805601613842
1.326594813932953
2.141095149032627
1.2764432003515094
1.4754081446151097
1.6236953238356295
1.78671879219937
2.2610495119813
2.274385569391809
2.123863833800322
2.381246564213494
2.063789296760707
1.9674712029412635
1.9760834576787831
2.229738434766389
2.4102744708938606
2.2178062150893654
2.3128177553550713
2.4065499740764666
2.601046550877986
2.6741159124260077
2.740742337811678
2.8064698685287133
2.688553164997631
2.453080871220096
1.9388353907259017
1.7286056907254426
1.4262766042049833
1.286799279863079
1.8292426851170538
2.170677912816953
2.0117275940917043
2.3927310387969696
2.6044759753072224
2.8213162991447143
2.910034354920722
2.9731255029827595
2.9387504868755605
2.8966216241491503
2.793801458158809
2.675485636884277
2.534836569910701
2.3716687280296456
2.204422767998795
2.16859192561995
2.3315352602365773
2.446243879388734
2.423156213138591
2.343983635559861
2.2224886338295926
2.0991767251078555
1.9801540018450365
1.8233739011576846
1.763191849627238
1.6342360866703087
1.5368309645755887
1.4810256071524184
1.4582677527927874
1.4727895810069602
1.3725088235343463
1.3139070012716458
1.3178624506329464
2.038327631656281
1.3188778010902895
1.454555646019237
1.5562935930828798
1.656966888178589
2.6760299536999153
2.7291716207032306
2.652470979208497
2.6284226337029066
2.253654893770703
2.144048591241439
2.154678396287668
2.302744881186385
2.4294259775248865
2.318707551066596
2.5356498812380868
2.5555959378330897
2.598671080930784
2.7141107108388787
2.7508050940815676
2.7637705280249167
2.78138512097035
2.8428511947363178
2.5418270348091205
2.296770737909211
1.9092279125517586
1.6181923755351368
1.4917420173385554
1.9821846836068764
2.3035829413625257
2.216658217216994
2.3099135248324303
2.140597325799782
1.5464067755529425
1.5138483522111108
1.505435206912422
1.5578921086139543
2.0174592686737878
2.420420529136505
2.575116754846296
2.6793751058395037
2.6084175685891107
2.3768072543221974
2.292655494923537
2.30184224683614
2.363934664214562
2.563848889123666
2.4310305826201764
2.270901565343256
2.134962645635537
2.012946961025544
1.8486727480402452
1.7742485615812846
1.652173443995705
1.5553987124169333
1.4968100690767119
1.465744194901193
1.4735652690615064
1.3779189018759919
1.3296384932018999
1.3466683721006452
2.0277232045483906
1.3695871319689068
1.4949012354499194
1.5925589893577903
1.6918849030119059
2.6599705813569967
2.7494263170937496
3.101675402023983
2.6513969490873484
2.3058541967944732
2.2163968948981267
2.2420312284854127
2.420238811947575
2.589191813703937
2.6101555561136864
2.911455000125258
2.785047848263613
2.4059838339984663
1.6705612662710572
1.54870153175086
1.4816429373443925
1.6362936462508584
2.0810774975030606
2.23362679434545
2.2070340957899783
1.9401381948505867
1.7663042054627964
1.7045438902560703
2.1076511774203346
2.388992228819194
2.2261984472397627
2.2177844647966576
1.9749197818248965
1.7956367622185019
1.8414152089136908
1.833097704977376
2.245975448691125
2.297271241921228
2.4902120800349876
2.635878041677888
2.611940082980898
2.4107047538103274
2.330870197837548
2.3202352419453076
2.3618435486572094
2.54735792048161
2.4058999750677477
2.244179879509359
2.120548666241458
2.0086839317508263
1.855813141222623
1.7803940171597432
1.6654703276080176
1.5697087999363284
1.5098069000777588
1.4742134741104846
1.4791281945103694
1.3903219652596135
1.350128706647097
1.3756922295170602
2.016341829799822
1.4164082095121273
1.5351044115199888
1.631726730852715
1.7311118324504204
2.609790393225462
2.699132422241836
2.7671405745336637
2.375368413192095
2.2931206970085434
2.3418522265697677
2.5297861075524715
2.6978152631493613
2.6877344701242962
2.8849988724488935
2.6915232218298493
2.3263232637265867
2.050652608804582
1.8872982689967874
1.8994040012815703
2.3875104921064954
2.1844428410541434
2.2188617903495245
1.9897217075470868
1.900966402759454
1.8901165281173553
2.205754722824658
2.437440483087952
2.2326972076505665
2.1893675787866975
2.0594687099222844
1.979889680566008
2.0720212112170993
2.0816160249644744
2.388874564644574
2.3003805338183074
2.467950446862983
2.6187083818113646
2.6167282704743298
2.435553896664697
2.358838002154385
2.33248951648451
2.3582466742446475
2.5329644120241577
2.3842321442211913
2.2246806234555407
2.1122088295351045
2.0081422298472926
1.8630777456964123
1.783874253957101
1.6752988555278874
1.5810938195024646
1.5214159040215418
1.4840887299650212
1.4883793683094886
1.4073194126467994
1.3736098582403296
1.4050826555202205
2.0056862772169435
1.4615176756823867
1.576136623907437
1.674073278077634
1.7773219708437318
2.6298027287955548
2.7480823236974814
2.783435171227677
2.423863705999062
2.3702363276929512
2.43955216815724
2.6265250961714304
2.778910757055458
2.73931102673488
2.8724420138712285
2.6878712455008427
2.4169735907407377
2.2935412030261846
2.2022074564874696
2.214860368131844
2.249752899619811
2.2779413098303647
2.0659635955839883
2.030491455941714
2.0476737644180405
2.2825622876450713
2.4693511197129663
2.2587500319219536
2.2096391915355005
2.1719241527861413
2.2072577009674577
2.490125140329677
2.430361776553843
2.3161306779409108
2.4718761223177643
2.618323853978486
2.62601080360357
2.4572718460350145
2.3814046353159855
2.3413524480423105
2.3542622945386342
2.519992349091439
2.366066627938984
2.209812357078028
2.107996729924776
2.009917847644727
1.870201683129969
1.7857417925328598
1.6827938873337729
1.5907081907301155
1.532481632734809
1.495356117369069
1.500400201675559
1.4274215523354052
1.3991829508524887
1.4351225709780426
1.996779390896125
1.5061575408528562
1.6186367821149361
1.718703363496099
1.8247127802968197
2.6004115228541975
2.9694814843089334
2.4962207653718975
2.450205133091891
2.5294743944316305
2.705144081754534
2.841972900995685
2.7873714870526602
2.8966268571330898
2.740205842488591
2.5422047069922886
2.4876128550693104
2.44855710183944
2.380970031491813
2.380830139186356
2.166686829754011
2.158910207834889
2.186507525690573
2.348846143809179
2.4985922213806258
2.302532490100793
2.277167141190947
2.288118393075436
2.357261068261689
2.396480464004935
2.761209421365677
2.5769090616351784
2.386765686801964
2.5095055306034433
2.6392859564082944
2.6442423565616644
2.480188710547842
2.402141651760157
2.348944772685678
2.35074467266531
2.508608167401372
2.351197994078304
2.198734131248616
2.106682093778038
2.013209180570377
1.8772138902915587
1.7867177582754066
1.6888835616369398
1.5993983558176441
1.5435009551256225
1.5078741047330981
1.5145182297211035
1.4497118874152743
1.4263960000410996
1.466081562790942
1.99038016397733
1.5512433141286337
1.6628684678597134
1.7658800549091638
1.8721548143585898
2.63736562055276
2.914900473608536
2.5371256013738512
2.5214077215302333
2.6102866702555207
2.7738512946080935
2.8984277489717853
2.843216501020604
2.949279424595979
2.8289053744152395
2.690126147636989
2.6618304064089098
2.625136262633408
2.5121349063975846
2.3029955875768686
2.2877363361089196
2.3155142776223423
2.4141848944141877
2.535332397159436
2.368641789701946
2.353706297270798
2.4028631932533937
2.485583282683581
2.5966621694292984
3.1144333458895446
2.4234252615137453
2.532227474796109
2.663853786324451
2.666092312955054
2.5048046097464347
2.4228706862564113
2.356823923673671
2.348405995966353
2.499097757786816
2.339388228594208
2.1907618216895064
2.1074678814190597
2.0175530301946356
1.8842097016976551
1.7873548739126486
1.694282197383147
1.607753681077936
1.554766710802742
1.5214929589668211
1.5302735005751413
1.473634815251261
1.4550317008891354
1.4981920426662447
1.9867646479545045
1.597288247852734
1.7098241431636327
1.8189737751499921
1.9555533520921822
2.6153655777748135
2.5962298851646524
2.5895508200986206
2.6822743006856267
2.8336852998469095
2.953340510661533
2.909659818133981
3.0232518705680707
2.93796196764162
2.838106964498311
2.845370797872182
2.821127242674392
2.697568870056644
2.4539958598201004
2.4227840480507425
2.4448731728389723
2.4828198750023804
2.581481155471714
2.444222241469477
2.437708571644533
2.5243040128452106
2.6275329548207074
2.748742186563296
3.2114408859328236
2.5145057980603602
2.595254535728582
2.7074975101951537
2.698339191145174
2.53371708915191
2.4454289805397864
2.366108484862866
2.3477941916373375
2.4918092409021915
2.3304814741002375
2.185425607492271
2.106044591930605
2.022686774169044
1.8912991253555236
1.7880806239093894
1.6995264691867282
1.6161786946197023
1.566457361085479
1.5360953568055171
1.5473687358721553
1.4988706339629694
1.4850055055853815
1.5316415214385022
1.9861025008504403
1.6456989760741385
1.7612542796524029
1.8808449012038464
2.024439805509766
2.950070433584104
2.6257527373081664
2.6456131260274898
2.748136249933801
2.893486916202756
2.8425472482222505
2.369211723256644
1.6352040002643258
1.3195167958307144
1.1572397791184506
1.1266245406900386
0.9761429354606468
0.9181349164532115
0.7485453273676514
0.6610521174771932
1.3843994217194036
1.6154970564392204
1.1495002361484796
1.063568731395629
0.6528779104741012
0.8433031159435322
1.2021052107692276
1.965890417826879
2.1462998017892123
2.4481218464813415
2.6767630810190037
2.7017427714275755
2.5519481147740475
2.464261945713763
2.374917192654891
2.348221286522682
2.486717583478732
2.3251187630943697
2.1825021496271115
2.100054800930894
2.028686379082721
1.898958965204402
1.7891188600753483
1.7047743177577
1.6249425432453106
1.5786820179065957
1.551602008040231
1.5656287044724315
1.5252642206613705
1.5163349223025715
1.5667292611395762
1.9895353349324525
1.696656123081793
1.8160840395700129
1.9374415562193326
2.119764620774837
2.9228262062129797
2.653681306501169
2.698238435736111
2.7856394000311155
2.8416161001002296
2.730868234074072
2.273093256817674
1.9589129472071156
1.6643763618732894
1.3838631064274998
1.305499846910333
1.2015213626650696
0.8946014145928247
0.7870086190715356
1.3404644312936211
1.561675574872963
1.1405440448020585
1.0616763570290946
0.8091439096022817
1.078216818752805
1.4639673415267798
2.141765962661695
2.083654297799736
2.3939558437572344
2.649736528796926
2.699264087696989
2.563711028904137
2.4793802311395723
2.3825030080325713
2.349037031363809
2.4838354237234292
2.3230570071954415
2.1813981291616744
2.0935587802989497
2.0353588140329624
1.9073970244201395
1.7906726384174996
1.7097968747985322
1.634230258549092
1.591508423547737
1.5679685491575601
1.5849712754251215
1.5527813142584987
1.5491293048049306
1.6037705508510323
1.9970749918011454
1.751979844485474
1.8776430877881582
2.0237474042443915
2.4480899625887704
2.6875994221312722
2.7286141296339075
2.7853371211138214
2.796913545747199
2.6935899030691117
2.3247474271302178
2.1509190092784105
1.885892436355556
1.5839645623012322
1.4506039615484942
1.0941709642189952
0.9515393789142828
1.3236317552357493
1.5191537372821389
1.1458161668517624
1.0849681470833161
0.9991440037815442
1.299433802069446
1.6514392981214792
2.196977908779585
2.1426489882820072
2.400069052615462
2.6463999207349773
2.705127441830827
2.5764758594035646
2.4937460228528745
2.389733225808677
2.3502985051374323
2.483067216000116
2.322888833357006
2.1814879206668927
2.094480572503435
2.0422613583824902
1.9163294811156222
1.7930301341334838
1.7155817978244607
1.6441893600427546
1.6049814903844015
1.5851810650647762
1.6053735360577224
1.5814423668376223
1.583536417923324
1.6430926814706686
2.008528855122002
1.8101661527223276
1.9441740447914724
2.099889217006188
2.423818226363255
2.697207512350714
2.7399894208458444
2.779875552817352
2.783026338086867
2.7027513156440084
2.404844531062701
2.2951783575219618
2.0587817634101024
1.7529221026871569
1.5040386940350123
1.200693067841558
1.3924810874891735
1.503285115982823
1.1805585883495753
1.1442487698896946
1.1927921867444315
1.5009385845430874
1.82969568673345
2.3732181648519353
2.264735456549774
2.5473287226208043
2.6676946470110354
2.5746615139314235
2.5023388867992358
2.3959250055911125
2.351914481881822
2.4835378826895798
2.3239943114403108
2.182678996562847
2.0962359785131577
2.04936955843903
1.925634784042255
1.796383162152293
1.72224000543926
1.6549303570782468
1.6191786006355378
1.603269919348782
1.6268744894729215
1.6113856367078923
1.6198290969109845
1.685035571310977
2.027563816131929
1.8807643948480273
2.038826542521475
2.3913664695675707
2.750774238742108
2.7457589385504324
2.7798916105752065
2.788873387781233
2.733844113909185
2.488493328718583
2.4213068267130025
2.162342575358768
1.839315761182125
1.4505869284934607
1.5254924165961568
1.5252399776000176
1.2508468517818667
1.2381242692426477
1.3856866751934271
1.6847824187845086
1.9878070677370105
2.4886342789528206
2.3291063850597165
2.5535245737804226
2.6699387558930816
2.5829186814121337
2.513785922366341
2.403123039090132
2.354580773744231
2.4853036602159593
2.3262975828062604
2.184987755587251
2.0989328735477923
2.0567055236848373
1.9352245997284325
1.800823439219118
1.7297862628843508
1.6665296115514205
1.634187244038852
1.6223083087954047
1.649592111658518
1.6427930146714356
1.6585141141169237
1.7314492712667446
2.0570777609165125
1.9501858922661028
2.117649061521005
2.5401952975112168
2.8554175968806628
2.7020846905945817
2.78529759758247
2.795551547682467
2.8275877459349505
2.7844904554691485
2.5762523733934874
2.52241564900831
2.2979416853181522
2.0009393636482886
1.667103497121962
1.6317118683597303
1.5881876465152676
1.3447958778720097
1.3540659292893293
1.5736973615325525
1.8621714772220268
2.1508097947447524
2.663986780579692
2.471123186966986
2.5854498527192487
2.5532177821879416
2.515778502691218
2.4092642707818364
2.3581097157634128
2.487387550608413
2.329467829331424
2.1883219780380427
2.102557768196606
2.0642658825869002
1.945071665075966
1.80638817359316
1.738283016176563
1.679044301291277
1.650090246899696
1.6423972495151693
1.6736896941723733
1.6759862389561175
1.6999443611461942
1.7812281369940695
2.092230490509402
2.02941250461539
2.199338142709404
2.5505492327895283
2.717854025540657
2.807957862013051
2.8233456063557747
2.872978328800999
2.8447881815238696
2.6610848650010213
2.6227052778317863
2.4085131834369458
2.106897208213162
2.022140429083996
1.7235813072267367
1.4720719468690593
1.4905915717896587
1.762200471154745
2.034891250216146
2.3025230272893173
2.775120178131695
2.524384968762317
2.597852329160427
2.5605580952247347
2.5277798002519667
2.419008899300246
2.36221180577842
2.482399148945886
2.3583270003906973
2.198714918910518
2.0390816408309154
1.9415795792329666
1.8202752332757952
1.750975040652011
1.693466744421608
1.6676000818079149
1.6639852633054817
1.6994980216992885
1.7111025409953322
1.7444045219317428
1.8380919580558388
2.141449374761327
2.1168636595735153
2.546141285298422
2.7202546348104164
2.8233401683220727
2.8508396520969104
2.916857009481027
2.904565352092099
2.74896737972631
2.7270792896711673
2.5470940344842354
2.275687891962805
2.231602848921049
1.8579617061196265
1.617251619631687
1.6406382703192575
1.95150412780969
2.2041864822520503
2.4422600166096413
2.851091419141404
2.5756312346913197
2.648685328765336
2.5934819007310916
2.5537218004480158
2.434653759512723
2.3706436644650037
2.500168691803541
2.3749120583377716
2.203546579506173
2.0451048491063974
1.9475558834323743
1.8350085486880219
1.7654525280260256
1.7096100917748887
1.6867808246880789
1.6872963209041272
1.72731675664516
1.7488659252100012
1.793444199355665
1.8972489854832673
2.1958253019569876
2.1969064822417073
2.671738114498056
2.7242916208726657
2.8378440986347204
2.8828254303813976
2.9645313893808045
2.9684268770893145
2.8352668706619704
2.830781063931779
2.6648349389659645
2.3984677329364614
2.2268336293665443
1.809075722344839
1.8104862818561607
2.1420921746759385
2.369476827151355
2.580178619592504
3.0015371018464596
2.700433810304726
2.565944059099172
2.5428462389414594
2.451318786578048
2.381396480874081
2.515150162333188
2.386358041419611
2.2093714810399208
2.052171797632352
1.956660367831608
1.8488541752947205
1.7805884788857491
1.726968247471089
1.70747120695998
1.712439446324308
1.7574947989814529
1.78916487438281
1.8449001062221908
1.9587343620802764
2.243068641728543
2.267245249371897
2.595096361614948
2.737238793988374
2.8571239676565896
2.921416027304013
3.0180402614825677
3.0297237935607177
2.9087439419885133
2.9004625524478396
2.7124914843586523
2.6502210200495706
2.083442784929442
1.9963876633575488
2.333344286828662
2.4872000965706067
2.6318230653641015
3.014742972234851
3.1306115378173693
2.8218944762147724
2.628905798053047
2.5794133172989877
2.47150066865144
2.3986109551371873
2.531269538083403
2.3972427348389793
2.216750406165046
2.060507573517006
1.9674168167088095
1.8621044122063726
1.7960964517499334
1.7452667410097094
1.729572801069234
1.7394261536561584
1.7898833986300762
1.8318436452091709
1.901572339583308
2.0307856833229097
2.3234074961837554
2.4486095474578766
2.7751774519573456
2.873305511080002
2.9571600602111583
3.067708172367512
3.0909439076307343
2.9812737394569577
2.9646228227377533
2.7947230495609507
2.414755793743977
2.193226198188779
2.506033554897065
2.629875583259932
2.727911869364075
3.101348381860843
3.2124943501948424
2.9027089631239273
2.717292307954601
2.63685338394996
2.50015655529932
2.424701740304314
2.5516774767309407
2.4105151451099704
2.226665125007265
2.070609122945314
1.9795927177840782
1.8752842528471598
1.8120641637671187
1.7646731800869175
1.753046112715785
1.7682256537061478
1.824869418511097
1.8787313796200196
1.9596109993340882
2.097127589014389
2.3735578577086525
2.5855923165664683
2.7840505280101135
2.892738651894527
2.99472756024516
3.1190725283862255
3.1592192889115993
3.077008487468005
3.0714369885865818
2.9493335499905653
2.705895558439777
2.4239577918391797
2.69425157697721
2.7791016292896886
2.8485503254076567
3.19340171327719
3.3568082343220755
3.03853234235727
2.6599629652790986
2.522971109206741
2.456806668159417
2.572474234100894
2.4257133662907013
2.2391727972194646
2.082704147221823
1.9932220040852253
1.8888938376806585
1.8286916191310238
1.7852514965195903
1.7779624434342354
1.7990685625490572
1.8624142423548256
1.9274460791795063
2.0228363852038314
2.1753852745984994
2.587795434219764
2.834228431154386
2.886331295864273
3.0149239759984514
3.1642416634244706
3.2230995723112166
3.1541705356138925
3.171264055589367
3.0747081541912227
2.7712883874595198
2.9546661358527766
3.049886790144709
3.229529096986948
3.404835743440213
3.098066143721032
2.747236817039652
1.5370857788407657
1.467075068545905
1.5727410474722439
1.432980836924733
1.2403785675474863
1.0833886814684333
0.9965458104048741
0.947371768097148
0.8750182477670994
0.8161003746399593
0.815216120309568
0.8394241318260797
0.9105361736734353
0.9704121236196558
1.0927328192366996
1.2973162684050459
2.1026287533404764
1.8896364713328462
1.9602058659393766
2.1022589756524734
2.185758752034249
2.117567619886576
2.17542624851049
2.052733116342903
1.8370110686465755
2.080202857705218
2.149031737057271
2.2618781967779102
2.4254853845325903
2.0588278239925333
1.7510946732994828
1.5783399695192233
1.4958128273630515
1.600379376326705
1.4522441309662564
1.2574881227375927
1.0996826074034127
1.0121227598018054
0.9589570301815293
0.8910924838114632
0.8385999841953139
0.8419969917426335
0.8729291228921336
0.9514934334981157
1.0243469037796575
1.166231635464119
1.381306055261474
2.2408568351245903
1.912575203200284
1.915655048636384
2.032969892539272
2.1841504061126367
2.261512816147039
2.202651927478351
2.2710618937767597
2.13711276091023
2.281529723314589
2.3111865596313605
2.369917922002825
2.4901841480232907
2.113915805300385
1.8001911640592603
1.6382358375501103
1.5298624448217084
1.6368973289416098
1.4781415748828948
1.2792624556021048
1.1190332202225786
1.0297909759863453
0.9716436931535878
0.9083711544383307
0.8629288705956112
0.8708720232774183
0.9088910404205561
0.993930457785795
1.0863152480379472
1.251672698705038
1.471897647232882
2.101860220745264
1.9243878122646607
2.0674844382538544
2.2383341500874026
2.3198509803272875
2.2992861574851657
2.3328865254285907
2.402487936196633
2.447441301384516
2.477645742302783
2.561188702067513
2.1729388680275767
1.850802223740611
1.7358144089335719
1.5790809178752683
1.6808884619013507
1.5104736309966758
1.3060171955015991
1.1419781274575638
1.0501698938545605
0.985714449193107
0.9271449854095394
0.8893387469485394
0.9018103075877671
0.9476576000582431
1.046100125376512
1.1617129737002734
1.3615021972678778
1.7828768769277872
1.918102613160507
2.083659088791195
2.278380724995679
2.4011113554013446
2.3953582877219155
2.4418634009519273
2.4959017077000727
2.62216877848716
2.6093904493175057
2.6469295496505736
2.2401458754745818
1.9057107016847457
1.8164263347007235
1.639147320847078
1.730984108566479
1.5485820333727158
1.3378280960065068
1.168951496515123
1.073758190062213
1.0015228446786575
0.9476769361033637
0.9180968673845313
0.9353442015837987
0.9661078165965681
1.1003908162293565
1.166974309693567
1.2866473192724948
1.4856767571412455
1.9644504951503465
1.9229627096553799
2.105555736359433
2.3244747527870904
2.4554399585570743
2.486402500595221
2.5257102133826903
2.7331127329826854
2.713582945607181
2.73104700253928
2.318079066213546
1.967018958422001
1.8690077252994948
1.7107764771214076
1.7885430811965037
1.5927768646656781
1.3749932108044136
1.2003681611936643
1.101045782230475
1.0181753602734607
0.9701034747340699
0.9467985263545229
0.9655756850261552
1.023432008329016
1.1467350822177078
1.2194887839688515
1.3642914442148
1.6145808666793944
2.0225295510995953
2.092678759314452
2.341420168969357
2.5237949346334316
2.5634096952886027
2.6139652933554154
2.8131971374003815
2.8535308578963874
2.8322658030030468
2.4055757396133832
2.0326279939216567
1.9246047009895708
1.8014465844109189
1.8762614383335596
1.6417597966069484
1.417195038515179
1.2364054205147845
1.1323726414781436
1.038600426881799
0.994084886755463
0.979040640713108
1.0019490976086594
1.069563040926892
1.1977166747924342
1.2916371195856235
1.4687617404771165
2.101560255489084
2.064568734678982
2.332108309890065
2.527969012356194
2.6268646955180865
2.6798762352302408
2.932478690755387
2.9135750386642534
2.491951314761967
2.1021281634115394
1.9841781364518907
1.8821525263269918
1.967854710885357
1.6935904475892494
1.462680423834384
1.276580018964691
1.1675012681600117
1.0636023116427469
1.020745644265629
1.0143355611667733
1.0400541784180686
1.1160956182710788
1.2477745253724966
1.3633973337191514
1.5716648782869367
