-0.03101895411226221
-0.03069917278381377
-0.030373734570274747
-0.030007917224030418
-0.029347452691855888
-0.02818228067017954
-0.026669932178362193
-0.025533000347017807
-0.026073530672352616
-0.028061342486694698
-0.02943344873916228
-0.02731687620043045
-0.02267825493006398
-0.018705535916250335
-0.01596021394443128
-0.014072264123014249
-0.013242025355360369
-0.013486904110671594
-0.012910025498898053
-0.010183196316241414
-0.005946879727701118
-0.003020031381242196
-0.004375113665868963
-0.008038406623044793
-0.010305732081723178
-0.008316285181828195
-0.002696733063495924
0.003069835663195003
0.008189028780902774
0.012724218917114243
0.014914251513145625
0.01311399845697271
0.011799780482044109
0.013944159340934775
0.01857379563109548
0.02259961888855391
0.023347721363973
0.021936193288848337
0.019878062448170298
0.017554525463326788
0.01521065414443843
0.014456363933941261
0.017105389373451556
0.023159626155582494
0.029113894407262524
0.030471441015701296
-0.15780425562922182
0.04698454161961574
0.044532202975323704
0.03959754888830396
0.029297390396914164
0.017323256005057155
0.008827433534770314
0.008991770398642289
0.01969398383856686
0.03134165887901287
0.035721802410477926
0.03364509620612717
0.018944420277788046
0.008922743042891854
0.007571749207286903
0.01520961202662041
0.027648147977481788
0.03558363862546474
0.03457972770462901
0.02445273535759766
0.017783153102324093
0.018972503842074377
0.026631318674158955
0.03293643493218805
0.03419771261476967
0.030422548052221624
0.023427827067836485
0.01800594069617653
0.018231304461081108
0.02688226465549128
0.04185131535007883
0.05470874691055567
0.060264102343296155
0.061971345826817716
0.0639444630047668
0.06868219972107756
0.07737863288518625
0.0875339780381917
0.09700636906374195
0.09818416191205795
0.09260950189479977
0.08741873934803235
0.08523656977881021
0.08556635380966243
0.06986056145422055
0.05897968116463468
-0.027451544958202977
-0.030964996711059917
-0.17355903269519352
-0.17606610133954137
-0.11849775626856436
0.02149378756749329
0.04493911371991882
0.0581872376254883
0.07011438539243778
0.08708108797123744
0.09822557943513237
0.0973074477258989
0.07793651621423575
0.050943324332152984
0.03468550956889899
0.03234342387925085
0.04276140765270308
0.0596453460009666
0.07312607072452132
0.07696726081107487
0.0725077615891064
0.06778301898803224
0.06969264050900935
0.07928848895065226
0.08518390027980441
0.08181767675814351
0.06613825433002
0.05011908054955879
0.03771748061806693
0.03428897434318926
0.04215153093665109
0.05902259869907715
0.06261958280567106
-0.038197377493079714
-0.1805679558301398
-0.1785699781750127
-0.11466063938816781
0.05586429718071279
0.11172069315853869
0.15024025756396886
0.16071937746800816
0.019923999446745583
-0.1464388324050131
-0.13453215987610723
-0.09157920191489734
0.056175099573492725
0.08039092099542955
0.08355618357057605
0.06577393405911079
0.02182634052365269
-0.019609770151100252
-0.06666326573144989
-0.05442578834728004
0.0022323158022639652
0.06763627930023457
0.10055393114026093
0.12403174803983931
0.1282588123780652
0.011606079406064845
-0.15411898996255993
-0.1416116748842042
-0.10711666698713813
0.02066360848342918
0.035230733873268506
0.04201359855547452
0.04841503575405725
0.04965206816476471
-0.055432300415288425
-0.18718348429819312
-0.18554888188174468
-0.12216621156978653
0.043944179599823094
0.0908127649414645
0.12331119311003348
0.13590518828499418
0.13219807875034534
0.11754577843497867
0.0964645210784639
0.07558555124314924
0.05935630641642552
0.05258728016191639
0.05501645976529712
0.05305022039832319
0.024542780972173966
-0.0399757816549412
-0.09129930203080926
-0.07628357665610426
-0.0020442257856201677
0.09907378372186616
0.16441941092136111
0.19024960499410482
0.1609385292822107
0.07514436946922305
-0.007365944255279712
-0.02150648887048157
0.006239175794185294
0.06300406726509741
0.08518660419854887
0.0889212184681486
0.07607591975727095
0.04978191077339417
0.02611134369501173
0.016785441540581265
0.04814542448836268
0.09466555147757143
0.13973405201109576
0.17232871669100966
0.18500127413492162
0.15365646187515694
0.06335528355808688
-0.02875568783461418
-0.05460779530723916
-0.032905383503248994
0.011500312893194432
0.032568408254523624
0.043389357840216004
0.038931282608340376
0.006191459701970933
-0.05939969423224947
-0.11372974924065218
-0.10069881973688168
-0.03355853839761296
0.06680167544277213
0.1384595912288888
0.19157541622656826
0.20224148815165688
0.20488564737860454
-0.004508456966177279
-0.17939066178453977
-0.16107237895663096
-0.13175117812183398
0.0006581900252947954
0.029222669331774635
0.043635389746716796
0.036848856159730145
0.011926701982959843
-0.018806506265300563
-0.04589075454005778
-0.12316610449326734
-0.18286928573618377
-0.2085875376579341
-0.0777161103575248
0.14937922853181076
0.20415470498107335
0.1963041929372726
0.14837102636866223
0.10430286566189484
0.07867778017078242
0.07860995541274082
0.09227125472151673
0.09794090084105725
0.09494348921129837
0.08594493938661152
0.07562356492970235
0.06296170375414069
-0.041052777507993195
-0.15153545805630614
-0.1618577729430952
-0.0644895979658609
0.14116439645685294
0.21126817111838864
0.24158964854019283
0.21559585560769298
0.13917890153509438
0.06104606050659309
0.01986213217656714
0.014782180152593935
0.026205870711636346
0.035543601643097895
0.03769146975565691
0.024203384672269127
-0.006947982126790309
-0.04466265442159099
-0.06113813770052806
-0.034092778774947576
0.02955128541054214
0.11844462369602168
0.20249553881748614
0.2651343483787938
0.26482043420434703
0.18336986794120033
0.04443289639056044
-0.059639054702878225
-0.08957719791817954
-0.06326660475524512
-0.010236284050478632
0.0182168255661148
0.03004903737790188
0.025050617340376682
0.008331222900648902
-0.017973824282351898
-0.05496125389279153
-0.10140844573123073
-0.11711159104461435
-0.05731854501670708
0.06523899399007438
0.19536260469854194
0.24980446007739515
0.2666190061166671
0.06402566372184029
-0.14104567344048843
-0.10501895877531732
-0.22922166444275788
-0.20542442752384307
-0.2346022449266937
-0.12775919851371886
0.025574053456863057
0.06067197414898522
0.0772765880347253
0.07360641716095226
0.04279435668149912
-0.015504437104030265
-0.050449345850467335
-0.0703287207884863
-0.03727710174968035
-0.08704672601425584
-0.12172734651358766
0.014955434347987307
0.2290538573544098
0.25128716230426107
0.19996808579093925
0.1277649668106779
0.08848706220039662
0.05503949273768336
0.043537935125780594
0.03938908922414568
0.032628781536513184
0.016493180700667114
-0.006433686413709665
-0.023968590182863066
-0.03910950658532099
-0.11143088167342424
-0.22457985622069246
-0.2058937789914992
-0.20534642611709084
-0.08439680337542024
-0.14830553390534856
0.023225129149744575
0.20207751579261565
0.1642104481402975
0.07777011996357865
0.002540233703005862
-0.028799673811075174
-0.023486682125062
-0.0025464006003857093
0.01469173776476775
0.021680308947557958
0.016540343453392052
0.000926252492493856
-0.023572910948231197
-0.050815435605434535
-0.06303408240283118
-0.0832777463695512
-0.07143970491896579
-0.16022981942048256
-0.1456732197455021
-0.14160043048254412
-0.0738991914468799
-0.1029054866614125
-0.03599254882113238
0.024605426038297216
-0.043541615081369216
-0.09562326555658332
-0.15055800361722005
-0.16570120273709257
-0.1399157285628448
-0.07861017358441207
-0.0030438627582829118
0.03760381175616288
0.05836556684401936
0.057374655068981636
0.04062003893297861
0.015899969924832218
0.005676605144586611
-0.004512107357426034
-0.0035164869087459787
-0.005917199410217478
0.05854149581395854
0.061765395309333206
0.15762468170593139
-0.05060936197925979
-0.02927454932689758
-0.16468492490178513
-0.19341249837231284
-0.20662621660828467
-0.13460396581598336
-0.009783771732332096
0.014928472110358975
0.026796759324536262
0.023829038827158366
0.012494772298516463
-0.0032539264969640726
-0.024139005756194522
-0.05973989213151685
-0.1144558258860983
-0.16348915749809495
-0.175295680011405
-0.14752469865758963
-0.08423085645659159
0.014806369629881655
0.12250583548575202
0.19934218413357985
0.17055056673843805
0.10646406880837606
0.04658635375257945
0.014300865634435143
0.006362243809170027
0.010062792225354986
0.0163476328834875
0.017549337755323254
0.010243185672399653
-0.004535646635837152
-0.02379203101791186
-0.042168708082770956
-0.05380173343425407
-0.06408894074666542
-0.06770507493294604
-0.023887178386078345
0.08966431190189197
-0.07778297217428022
0.0004979790504983095
0.07418749204790101
-0.03416752181423412
0.03105118462411003
0.10610945984901946
-0.008963013931741122
0.056926505207400536
0.13706006494744297
0.028210240228717227
0.10427570592916552
0.15439686896828175
0.05967383352510624
0.09972341466713372
0.1684336414827888
0.0071292184257195045
0.05485267502207598
0.09721495258456453
-0.04700376487234507
-0.00304908030484307
0.03888606509962445
-0.09927180364254462
-0.056693550994740986
-0.024196882645319925
-0.12222565932333268
-0.08397029982797016
-0.06032088092018106
-0.10818848945058503
-0.07622720068151645
-0.06282607162268977
-0.06251550211231421
-0.039941566937746295
-0.03822570314205608
-0.007576651676424249
-0.0022956151570893537
-0.00550991588123077
0.02852860053725494
0.026695464472294882
0.01857446482899731
0.04740076140677412
0.04749144157865239
0.03647134723390716
0.05217881871528342
0.051750405732968706
0.04738636113529168
0.045635751039686076
0.049944682196973386
0.05304310113500935
0.03490084865279065
0.04775010666898263
0.04857041712235829
0.034663329010680435
0.02499949072948929
-0.04960759820656912
-0.1958288470962035
0.0391169802532351
0.09695820136453102
-0.17290761215445302
0.049370421348137475
0.10473370028541477
-0.22491310505367842
-0.15131532967508451
0.06785513737619424
0.14298384399427883
-0.201629737216219
0.10963546220692101
0.20595316427250546
-0.035396757343571304
0.16321321936918617
0.22641367169652776
0.19501244894237815
0.35483032301966877
0.08563912297686849
0.009761332144326871
-0.08726935288627374
-0.13314847829992296
-0.13055736107806754
-0.08990387310291528
-0.03292898374774115
-0.002769493292423264
0.01253239792177762
0.014476257451581652
0.007237079159681067
-0.00759207666286745
-0.03146360395512794
-0.0658000120283912
-0.10417236793749672
-0.13027623476263245
-0.1277932826531609
-0.08917902250264208
-0.012142143315467617
0.09579408657919694
0.19464169002144632
0.2337739331286776
0.1954125160509933
0.13941977119301852
0.08400041581899044
0.0493591009303557
0.030520422589162412
0.023278725185769056
0.021046159079470238
0.016371751257722687
0.005873675650043296
-0.007614811377494671
-0.02304274787876357
-0.03712296144156367
-0.048745937781700534
-0.054912404442888585
-0.05586974085219435
-0.0755716979072925
-0.16744409664636598
-0.16454576500184545
-0.1210093985194472
0.06865970593330298
0.13216266708076388
0.15899518211318042
0.15551544061487482
0.10683654639237923
0.05459426614020706
0.00433089260636621
-0.026995828909769988
-0.03477227940813265
-0.024090843991521907
-0.005058590268050719
0.013708850123390983
0.02980522099072056
0.040085854855527535
0.035086050905472996
0.001552637733885234
-0.06575502207700935
-0.13326368081793957
-0.16706251616301396
-0.17827773478476527
-0.15247018952875033
-0.07681182157203327
0.043359722640776144
0.17227610557103618
0.22236161778425692
0.15926227368501814
0.08057377107659076
-0.017006658130319326
-0.07144842824433029
-0.07411331401555914
-0.06040534896809622
-0.03343960475754532
-0.011666026332114148
0.0017349846298215983
0.005330925506212966
-0.00021327992030398092
-0.014414213484314877
-0.03695382237396666
-0.06511070483067218
-0.09086165610892821
-0.10212406220270899
-0.08672994618123916
-0.037129352315823205
0.04838662321163044
0.15118847178409378
0.23741368384673875
0.25978283109856176
0.21810585819887435
0.1641238458381665
0.1110402010927738
0.07355875072335442
0.049486473440336985
0.035669068494699877
0.025698233247649114
0.016291093037354758
0.004557846486745372
-0.008948221193255014
-0.02282659595127735
-0.03492554811060889
-0.04405042209979487
-0.05488169333202472
-0.07283221137654759
-0.09526443955433146
-0.11341684056942958
-0.0836023985350606
-0.02079660035590442
0.07568467753827993
0.13491002387577408
0.1570831262345648
0.15090783683013798
0.11544218432641988
0.07104352307699337
0.027970430010719225
-0.0009783316885880417
-0.011513576871572818
-0.011163866673045891
-0.0014900583103745722
0.01150861037438725
0.023597723509475407
0.029901489026793557
0.015540172237487994
-0.020664684297981815
-0.06825653510596676
-0.11231093651521237
-0.1369056117326187
-0.13605767440439315
-0.09907869956233288
-0.02300149385243781
0.07758912479511604
0.1656663945991007
0.19984727081708203
0.1665579021175075
0.10556011756497422
0.027597104836929287
-0.02150669417144228
-0.041644445535048716
-0.04074724840323144
-0.028609399456057474
-0.015205101416666728
-0.0054438799066969246
-0.002510513267135505
-0.007445582220193013
-0.020286266823410504
-0.03948158906984571
-0.06087653469069048
-0.07663171130768322
-0.07675679395092873
-0.049697575195581704
0.007846642902575208
0.0950174628169103
0.18909760237888792
0.26264498741853737
0.27610304624001236
0.23723196450859194
0.1851487039577207
0.1334777921290055
0.09425427471098907
0.06630751069110713
0.04696443220249078
0.031371170470429734
0.01795780399237217
0.004438153320273706
-0.009170372783494933
-0.02228275731404883
-0.034283999835140154
-0.04603785130380465
-0.06001243627724535
-0.07451126775793851
-0.0808248188477157
-0.06818486899905431
-0.02649779940933448
0.03546632765113515
0.10183491621031462
0.14859798661626955
0.15198548983816323
0.1397963017219984
0.10669705375296731
0.06666599825328581
0.0303473948289839
0.005723409227223148
-0.0050922151057799245
-0.0050242838808202
0.0027869639498650737
0.01353288014444532
0.020975158726865346
0.01781822082783804
-0.0008170699604892146
-0.033282550905524795
-0.07111346588895692
-0.10260731278649897
-0.11598581118976485
-0.10275842606839168
-0.0558117163700963
0.017495067232623767
0.09648029668560493
0.16489443641110518
0.19371742791583277
0.17536040932073813
0.12681852300520347
0.06048441682765493
0.012084196145481996
-0.014651011384546902
-0.023663553627480207
-0.022248216669684517
-0.016935731346975576
-0.008955889487859055
-0.0072779885857470646
-0.01371304798392827
-0.025394416698726
-0.04052536575640139
-0.05432781997052637
-0.06013308329129016
-0.050349069868954925
-0.015326414283390745
0.04727786017768935
0.1341161630134989
0.22532715274165852
0.29053085484070323
0.2997944664961304
0.25824657710520843
0.20722207027995704
0.15453056820022243
0.11257676586180601
0.08062028143774405
0.05656580766149234
0.036740304470586786
0.02023397310320167
0.006901610124412763
-0.004986690810634637
-0.024414241712987096
-0.03627291312846314
-0.048442586904207434
-0.05980770213713221
-0.06324907000624364
-0.047833334955151914
-0.036420354193238705
-0.0007638657494860198
0.04802847871852932
0.0900385417126208
0.11509288026412577
0.11936102451404097
0.10529342973878207
0.08011038156993257
0.050323461609294566
0.024249385071698916
0.006491337442132541
-0.0014560539718792597
-0.0008120210888156959
0.005749952593762522
0.013484464182006928
0.016222071161026957
0.007917519403172854
-0.012511174424212344
-0.0419934752425381
-0.07363260980348069
-0.09878708279722496
-0.10764351950216766
-0.0915375378962666
-0.04786803436703806
0.01667865748826044
0.08685221592457365
0.1460743945485175
0.178000146452821
0.17200772176176735
0.13638665700528965
0.08163368105746245
0.036827866865003854
0.0068110384772310725
-0.008906404508129144
-0.014570059979812807
-0.014575026805022094
-0.01260446473115083
-0.013369536968265606
-0.01898069161345227
-0.028433789248116462
-0.039267350437202315
-0.046930083908364825
-0.04518676433581849
-0.027374351276487578
0.01245773643129849
0.0753924888639388
0.15483712297866023
0.23252227823664764
0.28175252418117785
0.28792418268295766
0.2564075245255238
0.24278903189941084
-0.009805209206005281
-0.18769782406450672
-0.1635782790608522
-0.14358000018608497
-0.01530409897912601
0.0039638341379862625
0.00841776665707943
0.001009875905284922
-0.010399739880205457
-0.02431338920697807
-0.03656648922744333
-0.04721053153322395
-0.053763627857098796
-0.05295011831649889
-0.041936714664730264
-0.024285963221948148
0.0023124710213629916
0.034534530294319354
0.06304467842327835
0.08376608285265152
0.08694771213967742
0.07528543434546509
0.056690041883151444
0.03486714292191387
0.01664035367743239
0.004582447908498396
-0.00020769580846242565
0.0013625600440614664
0.006846514520227135
0.011817393344767946
0.011059859352698669
0.000016638982795665304
-0.02072355923710281
-0.04769070007193137
-0.07516153763852133
-0.09600269868996626
-0.10111028246935265
-0.08444077248960627
-0.04516966329296529
0.00871938599859747
0.06421792974135587
0.10646893799193176
0.129782053506912
0.1258345167722606
0.10711120026368465
0.07531699997667445
0.04364811017258663
0.018134361874285805
0.0011697310426255017
-0.008254433050408136
-0.012474103608796768
-0.014218814105348648
-0.016903819921294885
-0.022161827107612907
-0.02938224929392898
-0.03610923322694137
-0.038127692452104206
-0.030061070743347795
-0.006582049052007465
0.03573519596886529
0.09589886622723093
0.16604003966423134
0.2303542309597986
0.26992389361472097
0.27722936370763124
0.23838063990434954
0.15356619656594936
0.00979273284528508
-0.09000811510500697
-0.11624502229610983
-0.08930806935505098
-0.03751131866929459
-0.013284332505554143
-0.004248132272994841
-0.006753774793707324
-0.015201096455262384
-0.026216373339371164
-0.03663458679949961
-0.04442721424970963
-0.04772047812309907
-0.0446958597648237
-0.034804236124368795
-0.019580439646897242
-0.00042638947701610066
0.020183618738893704
0.04101211212067964
0.05628334981123074
0.05809348094308706
0.0456870155829821
0.029386354209814617
0.011913486552680168
-0.00036585697298543177
-0.0064830569267366285
-0.006504650416307238
-0.0017199900067545425
0.00519697228816742
0.009926717338870463
0.007744433145597055
-0.004948872058337677
-0.026548144009010854
-0.05268207831892664
-0.07827481758304333
-0.09590361181884113
-0.09720847069637838
-0.07752334199953793
-0.050382477947659675
-0.004852726477127925
0.0393092929951286
0.07115992210674378
0.08999362206032283
0.09154646346491141
0.08313046665850078
0.0669060896203612
0.04511477187968371
0.02449537327164777
0.00808756768904602
-0.0032881254367686354
-0.010362778417705491
-0.014665472035203877
-0.018632235973235357
-0.023421061912806684
-0.028422349048617138
-0.03131058151509416
-0.028355866514053977
-0.014875447897257333
-0.011320368295010295
-0.07126245614442521
-0.16533107510009437
-0.183248133036668
-0.06984258465499045
0.15077390957322356
0.2226718000016082
0.24283170704602666
0.2043037437237701
0.12473698956675562
0.026914633729568923
-0.04357786833634012
-0.06908681228656274
-0.06032478764495252
-0.03712905516488634
-0.02032602111736252
-0.012606798780514418
-0.013358303877793104
-0.01958190776793277
-0.028191067923181417
-0.03618517774622935
-0.0412328397060268
-0.042103726285788894
-0.037825331414896655
-0.027257290285140835
-0.012541898854790987
-0.01983888111622243
-0.00789793786780173
0.006784588346903097
0.011639730022428997
0.006082073122699136
-0.007671386367133492
-0.014183781439231099
-0.02300490903430681
-0.025511166058874286
-0.022928890864483326
-0.016497082960836358
-0.0076564930653975
0.0011849814281083787
0.006207696011187313
0.003365823925201376
-0.010329304406990725
-0.03246566687897066
-0.05848060407452158
-0.0839209970482442
-0.10268088536000451
-0.1091710445527457
-0.09943660334020733
-0.07437921634109314
-0.03543839649214587
0.0015136262086336853
0.029057751953224176
0.04792697444384711
0.05523695091157302
0.05506603236315955
0.05145534792819745
0.040759029889870166
0.0264046483388672
0.012231365208704093
0.0005677055243659004
-0.0082534055260014
-0.0146649670943729
-0.0196210292229692
-0.023889265848019064
-0.02673896776019878
-0.026313847864806988
-0.02265785166869907
-0.023408507114952404
-0.045120360019834986
-0.09043691216551088
-0.1265341899246094
-0.09432126728614891
-0.006198309687524549
0.1079627195415889
0.1715817895294213
0.18887424501874056
0.1612978705693479
0.10291982076927624
0.035145077540926446
-0.016277912558264735
-0.04038665607452748
-0.04189670256342582
-0.032338167790619037
-0.022756395068076373
-0.01776397543310754
-0.018319812945464677
-0.023012737949248963
-0.029432053360640892
-0.03498331661236022
-0.03783633828936865
-0.03771364790099723
-0.035558962092835704
-0.03708264010016034
-0.044471143286176726
-0.057383730386591954
-0.05127875838348855
-0.04419095756202166
-0.041749941123085256
-0.045890852641297004
-0.04881453462014795
-0.053120955492756285
-0.055187011577760486
-0.05026822792224729
-0.04061302827280301
-0.028496955167207006
-0.015872091330806096
-0.005016424843901569
0.0005770312403921072
-0.002593392202329354
-0.01710979574885206
-0.03966760936747667
-0.06551733646470811
-0.0907107716878893
-0.11144404425641527
-0.12253074228867442
-0.11879135630954016
-0.09971710660768883
-0.07133587595580232
-0.045643917150430056
-0.027680518739237537
-0.019589080902073033
-0.007587887005056571
0.0005955692240769906
0.014569499167840129
0.020640880904637178
0.017998503147899764
0.010458132224486216
0.0012851032817777905
-0.007336644928581887
-0.014312935906484485
-0.019435014929508446
-0.022934011753784
-0.024403692933633803
-0.02411651941007933
-0.025401231007084107
-0.035024263449249506
-0.05737487538731254
-0.08295689352022385
-0.08866118174135253
-0.05464233335796068
0.009421304438273752
0.07758487975288654
0.12427826788168812
0.13930829159641228
0.12301210858828798
0.08466295140774707
0.037881723791923026
-0.0001138847450347026
-0.02168395080419187
-0.028255561416279055
-0.026164926490944346
-0.022072597596748497
-0.020057382091070178
-0.021435157166178966
-0.025285360830998468
-0.029910104110564432
-0.03344338252230973
-0.0354931514727964
-0.037451966448499116
-0.042474976919837856
-0.05453361958853251
-0.07165841882612502
-0.08888264902705686
-0.09441535455626145
-0.0951718777991627
-0.08839116458694464
-0.08678455998890365
-0.08782140372942686
-0.08923339610168184
-0.08664580844446601
-0.07650336710865294
-0.061400384767200306
-0.044309958405469745
-0.02775368112392667
-0.014186819162730966
-0.007179464305018909
-0.010043407115317213
-0.02535170133784965
-0.048761061247987014
-0.07518682939832824
-0.10015781612811857
-0.11945232808826582
-0.1353473198015165
-0.13940533743709407
-0.1272728322084649
-0.10780754552807806
-0.08980725471051844
-0.07889709572036055
-0.07316570773103623
-0.0663477915063963
-0.04515234599808665
-0.022576084049521557
-0.004659488613796313
0.004547210659542431
0.004476434163840326
-0.0006817178553295163
-0.007597154024777283
-0.013941172539217873
-0.018572632847419925
-0.021447520470947314
-0.02288172948180054
-0.024483507457368752
-0.029585856440771188
-0.04126422801997399
-0.05781621333157078
-0.06948971332957975
-0.06323290581622104
-0.033376522521892084
0.011639295854291118
0.05548310485792932
0.0881164744952493
0.1026593533319247
0.09405079707430093
0.06998501618672094
0.0378265979406765
0.009678333666223138
-0.00886195929279377
-0.017637303566515636
-0.020113721935522997
-0.020166840046709048
-0.02066201493124093
-0.02279440002996373
-0.026167351561710277
-0.029653218641778282
-0.032347717577362614
-0.0352435533676321
-0.040973048793288065
-0.05311883179752713
-0.07759273763050441
-0.10983426449571976
-0.031625291422682056
0.05592112695062496
0.25209450733568217
-0.028966027639961436
-0.07749648060449241
-0.11312898083183935
-0.11598323536267809
-0.1044534535562131
-0.08470227019929796
-0.06278604676131097
-0.042260507375407874
-0.025962892752411173
-0.01754047974027467
-0.02002721724111667
-0.036013673179459166
-0.06007015123554302
-0.08818564926757493
-0.11612395795468616
-0.1402611877098924
-0.1570472294558829
-0.16514370956788396
-0.15954712646024152
-0.14417513724521958
-0.0516973160627489
0.06931461415726088
0.27750738496566835
0.009710030155082872
-0.005715596039459056
-0.010357290584318099
-0.003565525330268483
-0.0014573905767447724
-0.0036971553303750877
-0.00860720790138632
-0.013874118584750347
-0.017892373957494125
-0.020483539887366408
-0.022620172711421464
-0.026059666050486666
-0.0328108973668192
-0.043286846188496944
-0.054019948540442675
-0.05791780660781809
-0.04852723390253754
-0.02597447450689441
0.0025331817468358694
0.028455962074095495
0.04979681679410929
0.06544131512146428
0.06354492939245321
0.052125804869200945
0.03201937672215327
0.01241698976345116
-0.002235932498912995
-0.01116736683528437
-0.015691436819696456
-0.018064869765887732
-0.020162434565259794
-0.022855521088645327
-0.02600159065241179
-0.029094888691511327
-0.032305205971472836
-0.03822114396651016
-0.05106425103804869
-0.07425040903379708
-0.09814828713743934
-0.10463140172679802
-0.05949257560604522
-0.012145820961492911
0.01951120505118469
-0.05926663887098746
-0.10530423568849194
-0.13550861204272438
-0.1413481062884971
-0.12903132064351586
-0.10680286984659601
-0.08169327555620513
-0.0583112951666796
-0.04010714898849688
-0.030807096357992676
-0.0332735136650582
-0.049214213517230404
-0.07371250055810538
-0.10343823670268716
-0.13458221655041117
-0.16155402511585795
-0.18072055271222848
-0.18745313842370437
-0.1836589412527621
-0.14852239463569025
-0.07101491395620692
-0.0010187385528403056
0.03608897485148937
-0.033447517453286925
-0.040837071929105254
-0.03579470977070718
-0.023266296867048317
-0.012832170762325887
-0.00989637895574465
-0.011344597358441367
-0.014616772290605134
-0.017699327857108885
-0.020209133093696638
-0.022920621409392373
-0.0271173032269653
-0.03411306014952441
-0.04261113555834812
-0.04937554274525073
-0.05004864197352328
-0.042301665180296114
-0.028328115029896076
-0.013660159333990424
0.0003603066475996991
0.013814816942645785
0.03028822552184291
0.03471105359220862
0.0336289655482408
0.02347940253145092
0.011390657947761153
0.0008412254859125758
-0.006963670072312532
-0.012103410270014438
-0.01563083646917821
-0.018661417777113276
-0.021920490867601086
-0.02531657105210501
-0.02893869546101876
-0.034422254865634445
-0.0452822761609215
-0.06473809746928963
-0.09326626463859879
-0.11937309704269534
-0.12870603453413812
-0.1056948399958067
-0.08495703756473796
-0.08710493928286644
-0.1145693294367607
-0.14444850651522237
-0.16461632189794778
-0.1673158320698074
-0.1528017314737557
-0.12899059733781112
-0.10198937441567447
-0.07677984580255366
-0.05725888578413597
-0.04724620594151806
-0.049498379619549136
-0.065167688349207
-0.09015110025273805
-0.1209406331900784
-0.1532948525062459
-0.18304265315546442
-0.20431430449462268
-0.20960491797488826
-0.19875340529192848
-0.16812944672097918
-0.12069272828440535
-0.08716492554211193
-0.07678823715172278
-0.09165678439012205
-0.09068114840205238
-0.07111063195639836
-0.046373959529266866
-0.028926654638039558
-0.01934832821158299
-0.016100945216118875
-0.016439532768944602
-0.01818825894625662
-0.020375983119033002
-0.02335392339077395
-0.027716637267743
-0.03368260980988175
-0.040195912990814216
-0.0449233512010491
-0.04518336362079323
-0.04120978837936511
-0.03494010134917608
-0.03013974228567143
-0.022181852410885217
-0.014438200103025113
0.0020683939346948363
0.01106882891206238
0.017150530034800125
0.014520822156037096
0.00864625899506402
0.0019225329305422964
-0.004092754635629949
-0.008839386425746169
-0.012793836479106237
-0.01684072296735868
-0.020637835735160634
-0.02462602899795646
-0.029928033069970432
-0.039072602948942534
-0.05581299779737415
-0.08473705702572785
-0.12235742409065252
-0.048643868731592224
0.11099528413020074
0.23450696134515625
0.11740340928445296
0.23662293337752613
-0.0792812740554161
-0.13392247372680846
-0.15614646533831655
-0.1426839098924421
-0.11984998154774648
-0.0956728532182298
-0.07642763389464836
-0.06655091809249339
-0.06854014673648058
-0.08398915897491215
-0.10935449800942706
-0.14149176141004607
-0.17636521938120395
-0.20841364110995622
-0.22825426316452002
-0.23073313475941304
-0.21460320799934174
-0.11909207612476504
0.013547839296965614
0.21986217124974322
-0.055261167721959104
-0.08221349445071706
-0.08688126327442162
-0.0667606006733
-0.04676289929878351
-0.031189386040955176
-0.023218433392732496
-0.020217468216985758
-0.019923230457138952
-0.021085312887326603
-0.023808710944577552
-0.02789387691604949
-0.03298670114533513
-0.03816626288082586
-0.042242385670578655
-0.04416206916540857
-0.0447945753752203
-0.04552607347806299
-0.048368289901046406
-0.04599987146778241
-0.042030129013606914
-0.025504395122740293
-0.01343936780233603
-0.0014068713552381647
0.002280206466197336
0.0026689032545356606
0.00022959292939508117
-0.003234649054384093
-0.006868870749125324
-0.010967832968176258
-0.01502713908703157
-0.0192686167459
-0.02464710121519948
-0.03276182123434517
-0.047042413249365034
-0.07091829427441304
-0.09532974822827202
-0.09847188887151802
-0.046427126580696115
0.02458931050444587
0.08084062483478538
0.06491321942354822
0.034516347241516546
-0.08747714040512365
-0.1406993887445359
-0.1614676295979306
-0.1548406970521768
-0.1361124732397859
-0.11466816610201999
-0.09717101833710713
-0.0884630560156466
-0.09028106176020452
-0.10557669804048721
-0.1310804050835653
-0.16381225086619475
-0.19935333462153063
-0.23132881355179888
-0.2500310566370379
-0.2456915680149119
-0.20696067671184992
-0.1337641497915933
-0.05846389907018474
-0.022440495348660987
-0.09106287409250402
-0.11709033905451445
-0.11825135071629173
-0.09810683359820901
-0.06879272735510705
-0.04755486741554411
-0.033751111243294316
-0.026300766334173584
-0.023131800222449504
-0.022708433007594852
-0.024259307568801965
-0.02749253047938921
-0.03208481593052024
-0.03681282237209554
-0.041429638288042206
-0.04600509621118553
-0.05123952832336232
-0.05789438518989844
-0.06584548496791157
-0.06768542887017549
-0.06572728819045816
-0.0494906963278306
-0.03507926783646913
-0.018666150453970385
-0.009749467598381165
-0.003987098221184358
-0.0025917848411980676
-0.003195310915208076
-0.005785631280519506
-0.009134104227033887
-0.013148783871816392
-0.018641809407638096
-0.026218141160067533
-0.03837712991839016
-0.05744215315552375
-0.08208824031242479
-0.10271648987897668
-0.10662605511529062
-0.08149639639682583
-0.04377460698115571
-0.013191151518467196
-0.0248897506866016
-0.06061583772362753
-0.12565595959616038
-0.16313756646114166
-0.1758838012320092
-0.17031594119803825
-0.15245970732244885
-0.13087250793913405
-0.038585120293323796
0.07919068393004827
0.268464297364888
-0.04912315808351435
-0.12932413496143233
-0.20033437419881298
-0.24256845492669682
-0.2638858802750812
-0.2591658083167971
-0.22029133170285445
-0.16103664073747567
-0.06967811322165196
0.05097886763521568
0.21392169930966173
-0.05103349222832885
-0.07013831744228567
-0.07320498143494515
-0.058107360144205686
-0.0426289243968737
-0.03221016170926036
-0.02691454966935866
-0.02511260207094115
-0.02525647889439927
-0.02725265662990061
-0.03111102631932042
-0.036232481244366184
-0.04220572713897278
-0.05006771741970587
-0.05940704608811425
-0.07063024034983606
-0.08048804553847785
-0.08578825969972337
-0.08502310109879249
-0.06950040291972302
-0.05362278438307799
-0.034482246053261646
-0.021645227062921442
-0.01140822263841147
-0.006326827143236219
-0.004273101644801625
-0.005057064614861968
-0.007582841063008713
-0.012316475979809775
-0.01899548695118109
-0.029499297724953175
-0.04584116965161863
-0.06852929322537667
-0.0953880742421554
-0.11777413747376282
-0.12803999197041532
-0.12359021069284148
-0.10110345094760272
-0.09037299462516817
-0.09654181948881535
-0.12741656083004593
-0.1683847028156725
-0.19000941632277507
-0.1961325692713152
-0.18784984571813348
-0.16341144911794256
-0.11560788622543021
-0.031052036788628553
0.04295419027655671
0.05899186716729865
-0.05390783033021269
-0.13600392178455495
-0.2055232975348511
-0.25238039797479533
-0.2757988624889022
-0.272131580484942
-0.23908169198965754
-0.18111792364271384
-0.10011452303842319
-0.033217880735088544
-0.007247071167943528
-0.07152494102538418
-0.08818546906731238
-0.08797436440238895
-0.07054049558644539
-0.05490492829352332
-0.042045266915094956
-0.03304868713254798
-0.02823217331858131
-0.02657411582449995
-0.027849948059676076
-0.03113225334443323
-0.0372684262099364
-0.04523004091573112
-0.056662042916566346
-0.07100120119532652
-0.08725982250174169
-0.0007216144061771747
0.10272707690780414
0.31149064998138637
0.036648808634587464
0.008579730035249145
-0.011869689980821796
-0.010155925993734721
-0.007116322288193503
-0.004858159400606834
-0.004448837433933996
-0.007282276089020721
-0.01230186273210081
-0.02151354150602038
-0.03573162002575112
-0.05679902434436462
-0.08409992876539667
-0.1172374602759885
-0.14577022555611868
-0.06634384330571341
0.03000084514292929
0.22382554373719662
-0.06007824021864825
-0.1295389317527468
-0.18420215229608713
-0.20806669334908684
-0.21318673370703417
-0.20103611867473248
-0.17009167187778673
-0.1203201895953101
-0.05926379156365457
-0.022504704582759605
-0.03222656124443906
-0.09252323829987957
-0.1584831948765477
-0.21946419128127376
-0.26450481540601645
-0.28799452918474067
-0.2858353672251574
-0.25686136285834915
-0.2074983659458015
-0.15214524479587402
-0.11447942345172467
-0.10857153218783575
-0.11985235071963701
-0.12298629604984943
-0.1086124159646161
-0.09011561815379474
-0.07149894491220671
-0.0536443835977329
-0.04074594667094053
-0.03254633623633987
-0.028689616506164625
-0.02889583482896529
-0.032149285040970504
-0.038894839201781856
-0.04934951345155937
-0.06323845084469974
-0.06871108972362286
-0.0512371124694281
0.01752856496316023
0.08351194580216534
0.11819660611885328
0.04564602927942921
0.014462686434800883
-0.0038572951224995614
-0.006672809847037357
-0.005047071173780938
-0.00335137717584967
-0.0037563499737650213
-0.00655529330724524
-0.0137740014041143
-0.025683970628879105
-0.04469463579830308
-0.07098638691931718
-0.1025277762304583
-0.127541065843839
-0.1283539841019548
-0.07570881204449176
-0.021530579312793972
0.00007434809520387605
-0.09352113773388328
-0.15872187663479062
-0.20189660300856113
-0.22476478449830015
-0.22782216497070415
-0.2127678999035386
-0.182647827558635
-0.14111850387230387
-0.0986662040449602
-0.08114714400996607
-0.09382890289807318
-0.13527504752913216
-0.18757464413986774
-0.23939662323001337
-0.28162635310854944
-0.3035601614983971
-0.2108211088838308
-0.008620271907380631
0.12869298225661202
0.07898143716372338
0.23947471895417818
-0.04215995951394651
-0.07607903250090227
-0.0914096065973132
-0.07884899474624386
-0.06358139117401439
-0.048088897680530936
-0.037272624462452615
-0.03186861705839924
-0.031009684385499718
-0.03425403499646559
-0.04151855458471674
-0.0525147040978533
-0.06224538471944664
-0.0592887992755743
-0.03691225873597649
0.006030287032171402
0.04141321057000827
0.05047573011813783
0.027424949622831096
0.008761328159163508
-0.0023967627733403394
-0.004759811253119841
-0.0031147746857039605
-0.0013598873183021272
-0.0023341489347748845
-0.007323126613710948
-0.017151195823485257
-0.0325005360821367
-0.056399883294008794
-0.08619924272772325
-0.11694855848830255
-0.13453188958420856
-0.13042089699440299
-0.10194062471268422
-0.020079550656884604
0.07044551316349962
0.19973661488617075
-0.11651865520480194
-0.182458396482972
-0.219174156526764
-0.21644917463684363
-0.19066388870872691
-0.08872684995924245
0.04786440770276819
0.24462158016702218
-0.07313588641930281
-0.1617798621205086
-0.23928262927676758
-0.27519926305184594
-0.2630848339973227
-0.21567998315304196
-0.08729245737624937
0.24316859786571016
0.05816191500124229
0.045859646534401555
-0.00939278712192195
0.08462816532235073
-0.0014446065038549367
-0.0014784410901139621
-0.04675531504907159
-0.07188156254306681
-0.09927443607770974
-0.09374998929444994
-0.11038932283169123
-0.13235114493913536
-0.10769695244394538
-0.12079540173958131
-0.14100110785157463
-0.0970927997792563
-0.11229573410137673
-0.13207072327051225
-0.08015399465151013
-0.09436648126900794
-0.1108672145740196
-0.06114163928048118
-0.07330734491569264
-0.08550355582738706
-0.04556295847578498
-0.05255651743537282
-0.06000813846255183
-0.035046614254589686
-0.03936396361547787
-0.042277563608535046
-0.03156813081330948
-0.03342734831804165
-0.03396337731001534
-0.033849290981259356
-0.035065708593338386
-0.03502965789113436
-0.04185954607535239
-0.04411598117281501
-0.04538929833026417
-0.05419510142307714
-0.058697173398121874
-0.06029893400703916
-0.06474450391320077
-0.06902503374485643
-0.07395041682840275
-0.06283230616720768
-0.0676558710725668
-0.07356801668127172
-0.04394934539295785
-0.04910070305628749
-0.05753209815982243
-0.010351215652466581
-0.019406006386953136
-0.030731259835401578
0.019156115867569535
0.0041964128869345476
-0.007316068678443019
0.02650919241257465
0.007119537416547249
-0.002186592003375996
0.012782531329764243
-0.001670235361872986
-0.012194070102525757
-0.001364047974088531
-0.011371273628737693
-0.01837488477569577
-0.009483584753779547
-0.014250141359813525
-0.018878906606629425
-0.008731814039698778
-0.009799735764186872
-0.011519873200766952
-0.003852011017251267
-0.003017477885950186
-0.0016017122996954646
-0.00022524666424860628
0.0013107326722208875
0.0037856445897160207
-0.00041004698172328487
0.00039424315602599926
0.001561384757132777
-0.006687940381889343
-0.00791011815968696
-0.008439866691526996
-0.019604751714160387
-0.025390332681576862
-0.030716567518979433
-0.0412205292322833
-0.051682984917543875
-0.0630491856573354
-0.07010614152487434
-0.08818453280785989
-0.10172114573802168
-0.10522864001305188
-0.12231146638307296
-0.1412026008026634
-0.13521843095053132
-0.15502633754524137
-0.17282119863361148
-0.15406662337456364
-0.17290993689884152
-0.1921204104563201
-0.15306167050769667
-0.1703478193076158
-0.18861476618056836
-0.11853606875606436
-0.13497577167817945
-0.1615417832760228
-0.04981755290642575
-0.07455695581514937
-0.0997289187290718
0.030459319017632245
-0.00581895372415594
-0.06966998384466536
0.07057806136199103
-0.009439869926761973
-0.058386452560249866
-0.017877611523804272
-0.2288192375089413
-0.24914914351569423
-0.228225480063777
-0.17772188319753776
-0.08739478266669186
-0.008118785359837715
0.012401538951725523
-0.09742588019874575
-0.17592611652429113
-0.23894940578810414
-0.27075840847459903
-0.2714788693547046
-0.22759427888462935
-0.1326066719437062
-0.04048651390793095
-0.0539951113220749
-0.06602974050579129
-0.10783309127423717
-0.13175983014359496
-0.14557308933769736
-0.1386997238735222
-0.12357326675869244
-0.10037267518883494
-0.07690988137376678
-0.05614357516632943
-0.045469606714540964
-0.0455501665699006
-0.05402893690103118
-0.06620579619777084
-0.07461261909190932
-0.07156814346250948
-0.05613147382096231
-0.03602878255013682
-0.01956208845644765
-0.015524853354606514
-0.020280000283002187
-0.023767751806566866
-0.02212926793745423
-0.015159271198162502
-0.006907426790363621
-0.0033164758259859053
-0.007825650616006197
-0.022728955689634255
-0.04991450439642797
-0.08576448742901588
-0.12273407092108174
-0.15811424268232574
-0.186176752168493
-0.10184282154339706
0.010823347323508679
0.23052712506613518
-0.02753731642142487
-0.08434285474043479
-0.1594907480750139
-0.2385281612333947
-0.2561562271312436
-0.23171248744594872
-0.18381789592390713
-0.1253942308127102
-0.08692900622854559
-0.0935575991616399
-0.1468845806996337
-0.20598230724663544
-0.25121838056462353
-0.2792466369134951
-0.2812497981615254
-0.2451459980973024
-0.17963832860331197
-0.12555236303574477
-0.1078470235611329
-0.10712984162694175
-0.12073457362301636
-0.13469873543547092
-0.14603950751908223
-0.14638438517129948
-0.13492186924155367
-0.11745214664980332
-0.0929692417287861
-0.07055475740584584
-0.05797577295847122
-0.05601436334267896
-0.06195760671313943
-0.07104133105025465
-0.07626070965063748
-0.0717060139125038
-0.057333762671301046
-0.03970360172186147
-0.02616789328750538
-0.022678672289596535
-0.02593340505575091
-0.027934422488201657
-0.025291903292899952
-0.018553615621325886
-0.011723512942991924
-0.01079215241336509
-0.01965927363562606
-0.03988520397853631
-0.07116686273120228
-0.10670887063271522
-0.1421728935509047
-0.159408920419389
-0.14445287338139953
-0.0706775274872459
0.003771579376210695
0.03845886661187821
-0.04856359634843468
-0.11676190165103228
-0.19118311315576678
-0.2409651959157996
-0.2530409749266738
-0.22951163798228877
-0.11625092367094439
0.10863147518760613
0.21423278551262143
0.056267366228381806
0.12712589396887278
-0.17552830738434194
-0.22996064534693614
-0.23609708475555857
-0.1945211239097889
-0.0900626024347861
0.05075461776404767
0.2513299490855905
-0.03976113280037666
-0.09479299516134294
-0.13258859058802275
-0.1387176393101112
-0.128204227740094
-0.10663900910424974
-0.08516001996809316
-0.0708093571350424
-0.0663189606354013
-0.06979907367263495
-0.0760423896048288
-0.07857837248109047
-0.07254484113151807
-0.05835145964240023
-0.04154781868343847
-0.0294332789737932
-0.026293614462554637
-0.029157592946770845
-0.030507125787249446
-0.027480234692613043
-0.021258615644835905
-0.016571305001085036
-0.01897101057332912
-0.03162769581966684
-0.05716931041477416
-0.09184016482500289
-0.12687103097848298
-0.14975094922513962
-0.15211926221998123
-0.12235310094650478
-0.07129613729305383
-0.03388509255391388
-0.03753557544063891
-0.08922497546948378
-0.14945109333191794
-0.2090703591634218
-0.24516459878024646
-0.24606859739665854
-0.19787764483275505
-0.09631990767229788
0.009005816447256699
0.057132681397516934
0.015300553369097882
-0.03334270177419244
-0.15778216704736966
-0.21830459644366784
-0.22364485834280626
-0.1753368406673832
-0.07752682541984895
0.01938642684672071
0.06121345469177964
-0.025814368511382014
-0.08226401924828877
-0.12345295683053265
-0.13873361938487005
-0.13489050086298351
-0.1214504036488381
-0.10192577526959191
-0.0865410019861535
-0.0802161842748285
-0.08103499090907335
-0.08421553091939053
-0.08358930130803563
-0.07476842530662674
-0.05902819858582215
-0.04192689543787464
-0.030499747140479556
-0.028174676986572444
-0.03120613963644338
-0.03370884679147952
-0.03313148924792384
-0.030436549290092357
-0.02866092142738386
-0.034628987915966136
-0.05183433828475097
-0.08021897377753723
-0.11410651657167817
-0.14205974838021737
-0.15475424498901477
-0.1439948986218136
-0.1153827300228028
-0.08066127207717223
-0.06663820259898814
-0.08167640517970184
-0.12383345054642923
-0.1767417184626727
-0.22200489216676267
-0.24709026737053041
-0.23915268675038073
-0.19206176656610183
-0.12488588950864213
-0.06607422171107363
-0.043302768195495084
-0.06553313073760306
-0.10960441793484219
-0.1768750781094898
-0.21663369334498572
-0.21659873324795356
-0.166867046805185
-0.09225771489863456
-0.031910384394293216
-0.009984185895513498
-0.04103902985580547
-0.0820214678238425
-0.11917761163728743
-0.13891865848829668
-0.14333446892727333
-0.13490463128747937
-0.11712639071256548
-0.10136374166657658
-0.09344680159156221
-0.09185249228155647
-0.09220907575449593
-0.08867927133349407
-0.07720872815681525
-0.059433494616677754
-0.041352209857344134
-0.03007488439484954
-0.029464046615459653
-0.03369053451747842
-0.037404471677314394
-0.03874571519882809
-0.03856729803355663
-0.040339530913978974
-0.05071506914690555
-0.07253803484989332
-0.1037487882490336
-0.1357166958207983
-0.15523589454747283
-0.155961936969254
-0.14120022464783952
-0.11406986754084518
-0.090997645349187
-0.08857079080966977
-0.10978994887295994
-0.14953462961516475
-0.19407732817465673
-0.23082390199179245
-0.2474129004572489
-0.23130602978261744
-0.18997692890455084
-0.08115081375757498
0.06533770230784189
0.26299433417929585
-0.057453778462121186
-0.1424932846631485
-0.1975281550141599
-0.2007988482199099
-0.1650746567975546
-0.10869291798417782
-0.06250307014400615
-0.0435691369942643
-0.057403598189561596
-0.08894631725478408
-0.12113420974748117
-0.14345994294867032
-0.15232084903445783
-0.05679119492652752
0.06993162156336714
0.2841779864452209
0.00036118943434520064
-0.04342108169372386
-0.07191425741956936
-0.0696082860334204
-0.05547487259112432
-0.03876959577231916
-0.028822971998600313
-0.02978920673237158
-0.035613526359860134
-0.04107083573086253
-0.044508340481576716
-0.04724301090634257
-0.05281445952945571
-0.06741674305840097
-0.09361292053678416
-0.12478872951970545
-0.1533353939956799
-0.1666931611825687
-0.16042266186622203
-0.13900665451211558
-0.11195509821395186
-0.022881941357605184
0.074379967483584
0.22650621848262348
-0.10075061114990644
-0.1795965532463448
-0.22320308660246482
-0.21736180300147354
-0.1727104404326099
-0.08486155397804934
-0.006367420808902362
0.015718004818152272
-0.08211420934619817
-0.14725710958778146
-0.1901996014221528
-0.19277845895321102
-0.16741096058425545
-0.12345215478918233
-0.08403099607492953
-0.06428001449495023
-0.07013682996073467
-0.09588405655285635
-0.12521785794422693
-0.1364507537048009
-0.1156205098939693
-0.0365252083634061
0.0468337855385359
0.08928759039356261
0.007377999564315219
-0.037507049424213436
-0.06208704200371395
-0.06238417478521453
-0.0502924039535438
-0.03551855390749347
-0.027388645135808583
-0.029919357154806363
-0.03753913510512267
-0.045716339879486534
-0.05383054025376457
-0.06244998266902233
0.015737805842478022
0.09583742878958741
0.25290894643566764
-0.06277689609677783
-0.11764851402883772
-0.14062620286664299
-0.1203221621339987
-0.07404395457389569
0.0015872282610831902
0.04923495612958527
0.03721762463254292
-0.08682730688814506
-0.16500275681899068
-0.20480702672767462
-0.20514842845729014
-0.17203537199729468
-0.12482760924843542
-0.0936118750095522
-0.09304205366963446
-0.1337320876425489
-0.17233940833094252
-0.1959878483661173
-0.19467945774503734
-0.17220334744182303
-0.1359839085625335
-0.10086025283701211
-0.08074992243451265
-0.08191160549576924
-0.1000050786123523
-0.12111322556323342
-0.12364145471392499
-0.09969180924748694
-0.04842612197650629
-0.0013790940959490516
0.013833487276962429
-0.015156067558343552
-0.0442445932960265
-0.06107399148170773
-0.05833175172927101
-0.045958639649034745
-0.03201947815445912
-0.025295242380526283
-0.029657595109256245
-0.039674038238565905
-0.050432303266783995
-0.052417205997756296
-0.033532544503734586
0.023151759130739653
0.06306047504410935
0.055246998229735764
-0.05601084162451465
-0.10674026581043977
-0.1203220320717281
-0.09666548988240443
-0.05131647334704728
-0.004631198115479616
0.006744769880880156
-0.028693214309233
-0.10149468051439876
-0.1599168761305896
-0.19492027967175687
-0.19645448884170272
-0.10160053703640723
0.022161957195828596
0.2172990289723791
-0.0756324054605847
-0.13891737737075996
-0.18209464443093193
-0.18862643754157998
-0.1706883686613954
-0.1412347584247776
-0.11093339194939301
-0.09145410117149613
-0.08992782706325997
-0.10306126269567309
-0.11699463532404664
-0.1171017075323275
-0.10043192930084445
-0.06955231966778457
-0.040168375124236315
-0.029215690466583337
-0.0407033935943448
-0.056612754051179666
-0.06470590018188233
-0.057374846055457784
-0.04315007426983077
-0.029227678124945543
-0.02354643769218946
-0.029555479458960993
-0.040910419431998
-0.04957815861733556
-0.04648344525223649
-0.026312264516080836
0.002202948034878383
0.006288969437425642
-0.02298170136888848
-0.07886418189323093
-0.10851959009007359
-0.10795194471755001
-0.08087982432980691
-0.043137789036282834
-0.01762635146794641
-0.024334245964027286
-0.0625401250294123
-0.11641290623419247
-0.16128720382085332
-0.18211939768729227
-0.16238860842775432
-0.09543962930670244
-0.034542344274764894
-0.012282596386746747
-0.09907704052633003
-0.14596899662819998
-0.17980663886428386
-0.18577708757154662
-0.17122055800019084
-0.14614748878227582
-0.11788128420113801
-0.09831726297913443
-0.09398035657527702
-0.10301419282394321
-0.11513294097967193
-0.1159123154918162
-0.1077696774894244
-0.09164191689798741
-0.07413950858968232
-0.06482857573112726
-0.06802366483394971
-0.07385697042558964
-0.07337664261618836
-0.06021513616581806
-0.04291023721199066
-0.02845101259080365
-0.023394225002695505
-0.030060866237855026
-0.041486967680124484
-0.04916119387896371
-0.04839873312314257
-0.03921084776553994
-0.03326945289546425
-0.04404593947697504
-0.07457783162439664
-0.10522798796009761
-0.11527351751556998
-0.10257065373942503
-0.07357925543494534
-0.04315879353398917
-0.03071122613707354
-0.04708161196027637
-0.08366467791914871
-0.12761201346926
-0.16173364002937396
-0.17132241739773896
-0.15638868870454267
-0.12477976484420923
-0.10561545997428422
-0.11474384798595938
-0.14401764473990267
-0.1703378870962484
-0.1872703088077325
-0.18746327807887
-0.17536706379262654
-0.15118261947375222
-0.12402665661150335
-0.10442092164521194
-0.09849128610605165
-0.10445710258589382
-0.11398971508765228
-0.11864521757149356
-0.1187014824276452
-0.11325020379421422
-0.1013643292333269
-0.09341347510709144
-0.09176309500424998
-0.09051344441414118
-0.08316515312565291
-0.06505450133888185
-0.04422989029088272
-0.028324248327532713
-0.02288735468810816
-0.031021837940522063
-0.04222327962725588
-0.05135851592709112
-0.05625620956753729
-0.05853572209251919
-0.0662083819773048
-0.08496402009880133
-0.11248047378952616
-0.12902460607046992
-0.12489674945082099
-0.10348873243064009
-0.07352868815670204
-0.04854739474652036
-0.04268403842982258
-0.06245703607824112
-0.09664391710904721
-0.13376795843396044
-0.16097782299351196
-0.16802585408963716
-0.08167887190468821
0.024157108565187373
0.20180502758736915
-0.08157367757469355
-0.13585032710921466
-0.1744885407963759
-0.1819765484737568
-0.1725557386431467
-0.151196610041603
-0.12673070343769655
-0.1084622291033479
-0.10217060859229644
-0.1071904152269244
-0.11658914143520042
-0.1253592672283243
-0.13142696474230842
-0.043927669899197525
0.07047513925240641
0.27703918472672767
-0.0027328737337293826
-0.036664353524155514
-0.04917516178058043
-0.03713445791320125
-0.025567219823491468
-0.022415226343640536
-0.031792689471792986
-0.04433988004535989
-0.05874771297527702
-0.0726972390546896
0.005101807261543072
0.09039219369355637
0.25485426171610004
-0.0440409479411007
-0.07704971022156598
-0.08578320937240394
-0.0672823472477195
-0.050841900350133494
-0.05143358196504388
-0.07335066220983627
-0.10588347462116923
-0.13800774287300457
-0.15275254850887976
-0.13491181599236646
-0.07419478180641173
-0.022674611253206033
-0.01599747676935907
-0.0986244812953259
-0.1423490159039144
-0.17080078077668778
-0.17823073781253373
-0.16626748494834373
-0.06374617575192704
0.07445408889436958
0.289255265780608
-0.007629349430640805
-0.06332877405591372
-0.0999327867367631
-0.08991907230430411
-0.027974409715991577
0.039943145041648094
0.07412131531453481
-0.0022960840121335215
-0.03163915043196212
-0.0398378730428399
-0.030889828289954062
-0.02223889479500924
-0.022870280634420925
-0.033534997368181114
-0.04893911646843568
-0.05832842738716337
-0.04841127764440648
0.004607230797668168
0.043857506339291
0.044936172592221386
-0.04708851177499202
-0.07243618826412804
-0.07569961395824255
-0.06299002477669967
-0.052806813696288465
-0.05948597216612535
-0.08211575363514359
-0.11195999679366284
-0.13617019289256874
-0.14171139915657094
-0.1241675401119537
-0.09543917881837001
-0.014103709274785586
0.07392135174084853
0.22843133957426823
-0.06908693942684814
-0.1092383279455799
-0.100458545781871
-0.015336976639291768
0.07172649245966428
0.10832962114056804
0.013208096263923802
-0.04212480944943158
-0.07356583781092434
-0.07082228330494547
-0.042564864886181296
-0.011065885164975439
-0.003952008249038094
-0.028379246100100047
-0.041208611620606704
-0.03935674984921445
-0.028496813268743926
-0.020597401983025926
-0.02342542916586277
-0.03515808138007898
-0.04886785124828655
-0.05523280381824268
-0.046507097688901454
-0.02664178988427298
-0.020585633507251157
-0.041427656061970686
-0.07746098701462063
-0.08463281651846738
-0.07728156945237051
-0.06445583077113443
-0.05728864864307481
-0.06628417250081782
-0.08799769197986453
-0.1139793383773361
-0.13236637322103897
-0.13599922672493298
-0.12082129190168096
-0.09012483003119712
-0.032355186589879584
0.011723454039710651
0.0327246585558453
-0.04969591717078875
-0.07498506718898505
-0.057667287406879306
-0.00250201521507346
0.04364775631807541
0.04886323392259841
0.006267115457349069
-0.03384386592993616
-0.059862380785554295
-0.06851003977799844
-0.06585876746934266
-0.05416362320403662
-0.05134514602442248
-0.05720724441499034
-0.05853545026276032
-0.04591104946800448
-0.03090701614116156
-0.022248525649259776
-0.025268394336882122
-0.03643220024996331
-0.04975070641623126
-0.05915296134305293
-0.06316435036420533
-0.06567431901498734
-0.07566974753776087
-0.09500402497950719
-0.11278189287491634
-0.10664956801162205
-0.08832112480317451
-0.06968370747650282
-0.06260501715079146
-0.07170300404165549
-0.0918296729865364
-0.11478405776086582
-0.1305185475219192
-0.13339493105756803
-0.12176204861838914
-0.10023612487324356
-0.07294192551549812
-0.05564571605713148
-0.04482177463734001
-0.06120311501383411
-0.06271513940603111
-0.041057694636307686
-0.0029828671188899926
0.022127813154374606
0.02082903178104053
-0.0030348970398864504
-0.03179783642363974
-0.056384129157309525
-0.0747380163317665
-0.08818351407773431
-0.08973486211852832
-0.08854455763089085
-0.08569146535778938
-0.07775182587316504
-0.056535301243315295
-0.036870461300111304
-0.026233950300453866
-0.028121463903329216
-0.038992888054395325
-0.05490476411817664
-0.07320023699690713
-0.09222764960753486
-0.016207574161463578
0.06519661482472729
0.23888134256634042
-0.02420921752161285
-0.04386551679724172
-0.05848438059781893
-0.062022818566162374
-0.07471739317258758
-0.09408672546307581
-0.11460911804165569
-0.1286946096492237
-0.13218149297625573
-0.12579501690133943
-0.029848361900171722
0.09156933972581349
0.3082947639236047
0.03044401874926576
-0.002021369087082392
-0.014423257358662494
0.00034184994895756474
0.010189740642782552
0.005699003665593178
-0.011675764294560036
-0.037196747799748714
-0.0663508403071784
0.00547342247593736
0.08688870953748318
0.27587577194096513
-0.003637325856428077
-0.03722125641874002
-0.04609981226125459
-0.03451886646298409
-0.027534735591694552
-0.030583728929793687
-0.04446599976029014
-0.06424086484033599
-0.08025161365205594
-0.0756991719128795
-0.02855473436004589
0.0158190170252318
0.0324446458871775
-0.030275985740573184
-0.045170807346232446
-0.05490139741783688
-0.062423001564098045
-0.0757888505358811
-0.09477260630312845
-0.11361598423307714
-0.126255884417186
-0.12288618882184736
-0.09242027050594925
-0.018207425938656388
0.054288016007088345
0.09715554320846961
0.03763500497433442
0.011348693806505461
0.0004437038996440989
0.003031849751552691
0.004051107042460693
-0.0033201586845148312
-0.01901624973745421
-0.03210562505810813
-0.02857490991436281
0.015599910466646156
0.055161247557848216
0.0752719846233885
-0.0053444031757213396
-0.035983300825157806
-0.04056400812812754
-0.03256909923292672
-0.02853044261116893
-0.033935221823754594
-0.05013110511598045
-0.06920978055772235
-0.08268209999360662
-0.08018989597441863
-0.0645758515685675
-0.05301493605548843
-0.05790774095352404
-0.06519920162027677
-0.06128853287845413
-0.06130259332576613
-0.06580360339426304
-0.07760025098291864
-0.09528955667032996
-0.1118980500188348
-0.11972526422236891
-0.11043165894802363
-0.08101650620256932
-0.03820066961561524
-0.0033962613971786934
0.015269111869853356
0.012164871010989606
0.005771977759350448
0.002229451876526064
0.00209403482539244
-0.0005193618853624949
-0.00829438293760796
-0.018339267249060195
-0.022416326716741018
-0.01658318257038977
-0.0057245468965825205
-0.0005358562076164448
-0.009615880979464125
-0.03825759496711434
-0.05134280565847504
-0.045577177457754775
-0.03544878891074198
-0.031992648248176506
-0.03865254015406801
-0.05561091722397052
-0.07820077104243023
-0.09779913998085538
-0.012966005257863953
0.09145838418992609
0.28371082288982385
-0.0007341714001850052
-0.028450983092580342
-0.05269497679353693
-0.0631691467510502
-0.07616566973162205
-0.09377276151013743
-0.1082883871658373
-0.11340962387475162
-0.10501403585690258
-0.08715119174698252
-0.06553674829195652
-0.050545127659977235
-0.02993993318814888
-0.014025366364634896
-0.006177689890226013
-0.0024162331568330754
-0.0026845031464085433
-0.005669239427362553
-0.01140361753261853
-0.016097101809665646
-0.018337452863124583
-0.022652134645283775
-0.03362214672395094
-0.04957290325632122
-0.06059978881353367
-0.07271154922743442
-0.07210199443287255
-0.05692855366668313
-0.042568662650841894
-0.03779274256981941
-0.045224336989326715
-0.0629342214027513
-0.07772642484086593
-0.07191286039327455
-0.02049923257737285
0.029951124240487622
0.05130487548738003
-0.02341287168605367
-0.03851670897834878
-0.05262609412092598
-0.0638281581900417
-0.07739488176672638
-0.09235104423408648
-0.10428439897465257
-0.10875023316903794
-0.10489951951794219
-0.09701593063712109
-0.08906926612618672
-0.08057227027234061
-0.057096192204949284
-0.03232280276189305
-0.016130706906073204
-0.007940695361614765
-0.006651425826871641
-0.009701523758400407
-0.013794127571666934
-0.016693692685504684
-0.02257283871419543
-0.03776748500504575
-0.06289936139844524
-0.08555291498112894
-0.09832014764762739
-0.10271297506086577
-0.09324459562259846
-0.07104990672053002
-0.052591858720850176
-0.04588617424058475
-0.05245539847785898
-0.06632139037467905
-0.0769546151159593
-0.07497066843970214
-0.057970302075882274
-0.04532433199406869
-0.052075904734706226
-0.06850109075163682
-0.065296114484738
-0.06455047226660685
-0.06953659784896325
-0.07952519370467016
-0.09140526196508471
-0.10158059148792788
-0.10691663296360623
-0.10808258307306992
-0.10803016757976065
-0.10779468259978203
-0.10123734485476771
-0.0766906272697724
-0.047503596010234184
-0.026522584950106554
-0.014971070992527114
-0.01159061625632902
-0.013163252202673963
-0.016330043648144922
-0.021046202032558872
-0.03464387872689538
0.03304315335930344
0.10145378910002849
0.2691816315045061
-0.020017407252854103
-0.053985397602890006
-0.06337819213944165
-0.05409134231962075
-0.05111510524268379
-0.057982793483824936
-0.07100039149292743
-0.0851556658176786
-0.09412179112120346
-0.010374355227763955
0.09093753987482663
0.27819095813550904
0.009769944500515864
-0.024339686387000684
-0.05681340771497093
-0.07366290638610978
-0.08812688175945332
-0.09946094783000539
-0.10807126555776247
-0.11469429734806527
-0.028250635754337824
0.07964180906365992
0.2920543494266243
0.04264705986670414
0.020070252322962986
-0.0006634966616488291
-0.00700325383241721
-0.012990038584975879
-0.0180473231243088
-0.016219479411161093
-0.0020874416544308006
0.04017625292123324
0.062178390723952356
0.06517187905052532
-0.025050531521685314
-0.05615638663053022
-0.062167988055617775
-0.05659951688434446
-0.05534471433571605
-0.06345796400621628
-0.07928628149584409
-0.09116087399509469
-0.08262629327767063
-0.027883896241029053
0.026218381342106332
0.05178472244358614
-0.010060760379081728
-0.031024457772764386
-0.05340405250699845
-0.06965748682131064
-0.08534125080471903
-0.09770422702467398
-0.09859713888368946
-0.07519233858743414
-0.006682205643169661
0.060362294106076166
0.10157980728839561
0.050000218256518944
0.028107351547227856
0.00940137788909393
-0.0020096012494037344
-0.010454479492943326
-0.01293944449974931
-0.005363185141623659
0.007047406942686469
0.015597850042635173
0.0039728514188814385
-0.021311646854385087
-0.05952103110679602
-0.07409539925330623
-0.07095733772034524
-0.0631657385320378
-0.06159863122071504
-0.07016126171248334
-0.08543251827099897
-0.09638614804313912
-0.09484303879805481
-0.07542960941653379
-0.058503833841162235
-0.052286746014383025
-0.05529644129824608
-0.05461968388688277
-0.06124577113262765
-0.07215626486045074
-0.08341974071727062
-0.08971735750811358
-0.08236399578633966
-0.05542662964804196
-0.013264617414191916
0.021140272670551706
0.03603892322631909
0.03218779992889847
0.025435186687233113
0.014716314461352457
0.0035852225710774847
-0.004314371633245289
-0.005427330513228718
-0.00022536166845166236
-0.0008664244700542238
-0.01605288994994631
-0.04470549911257344
-0.07007932609963782
-0.09255478701556995
-0.09474984168798843
-0.08433141147511614
-0.0731479750461481
-0.07021690013319141
-0.07859045559578637
-0.0951234308272553
-0.113201829091911
-0.12306430993056945
-0.03253344051737334
0.08179495911427989
0.28655296767760097
0.020237894126835715
-0.01916307352844965
-0.05573096685516153
-0.07158129973889364
-0.0771612319228263
-0.06925838408415172
-0.049628858311264304
-0.02647465048311233
-0.00874520788243336
0.0030776473199605647
0.014364301528890297
0.018651284246799873
0.015466402701241234
0.008082190954197493
0.002118946841490969
-0.0002506458402286876
-0.0031444702011455255
-0.02125535834248845
0.04400357557108782
0.11190900768819884
0.2827489608847967
-0.0048652906979766136
-0.038834563987845974
-0.06205013362448232
-0.07110940041314194
-0.08616801608434548
-0.10638072787869313
-0.12085688201506546
-0.11039072004917347
-0.047808711499266854
0.017739541917790654
0.05708849701900282
0.00393646742045003
-0.0221297600649825
-0.04718279920157749
-0.061413964409609716
-0.06620544724455142
-0.06136583031501069
-0.050380559034335026
-0.03940611775906736
-0.030159591777136795
-0.01828637119872147
-0.0005331711085702335
0.011463101314400615
0.014805316403524709
0.011715291656516635
0.006376104867767015
0.0013457356229484851
0.000659283154169632
0.006966155518874655
0.03981163009824552
0.07007114343546528
0.07961091801990132
-0.004687604739393806
-0.037646222896817835
-0.05910945123804317
-0.07287285700251728
-0.09242334435411023
-0.11490669422096428
-0.12840763118940823
-0.12225206813951475
-0.09278116447812665
-0.06035067636795268
-0.04363824364668511
-0.03803704579410355
-0.04055049241531455
-0.048976687585984634
-0.05682160380277252
-0.059935117458391064
-0.05802401476227488
-0.053665169338263305
-0.050071607182939445
-0.045410521302156316
-0.0338656322435184
-0.011772111334575472
0.005709122019057913
0.01408320155782389
0.014416949156476882
0.011007485308947245
0.008781292453584251
0.008083308775001715
0.0077892174985122135
0.011601475407225649
0.011194925026500976
-0.0007957823721161155
-0.03395841833316528
-0.053031353201328756
-0.06638217397134448
-0.07827287461716625
-0.09976775380202287
-0.12733127442952188
-0.14712438767981809
-0.055458183559005635
0.0651255960288557
0.28434780302831014
0.020177190724740394
-0.009830649674710975
-0.036911982324824844
-0.04614816671188933
-0.05197810867753942
-0.054293097861136376
-0.05576521723389731
-0.057248954283095455
-0.05404281735606573
-0.040926434136397856
-0.017729322756432842
0.0021140479060522835
0.014709791136497005
0.01900679867856512
0.018962873821283286
0.01662875881336025
0.009076281504880372
-0.004897819114388194
-0.01916330905642749
-0.03307885608875767
-0.048020918235192216
-0.06454281983311082
-0.07342821505351149
-0.07896715527740976
-0.08824522452143839
-0.11012632621534355
-0.1295288252857012
-0.12160003346795746
-0.05889941717584713
0.010319735110133196
0.05247936247348999
-0.0019405493072336343
-0.021759928990572493
-0.03422479315111784
-0.0395677304332508
-0.04574699252670749
-0.05175916944946205
-0.0574760407195938
-0.06232596846277762
-0.05964341719726455
-0.0451449446855537
-0.021955560762738177
-0.0002832650880281043
0.016280970856043322
0.024918724083205564
0.02719571955660804
0.02113388717411291
0.0028741627829520825
-0.022869681871460962
-0.04726409435224053
-0.06607036699582516
-0.07978252035428578
-0.09074141493076741
-0.09363243809319116
-0.09434630982816726
-0.10091727126266693
-0.11805885673024602
-0.1308858937629968
-0.12333295910389844
-0.09145762996782547
-0.05999994491395864
-0.04261754956259921
-0.04788541115809495
-0.04649485616416083
-0.04267569625181178
-0.03969407362893996
-0.04331216259029801
-0.05071529028377613
-0.05889779854686008
-0.06553295508798224
-0.06305662025911944
-0.04783056301038277
-0.024519996505615087
-0.0006960015388868583
0.019500683996796855
0.031540989106024535
0.03339387592078266
0.019787491913655756
-0.01245502675864622
0.054891687115778534
0.12764400654288496
0.3020208946165036
-0.00029851806249686966
-0.05118725381819889
-0.08641855815268783
-0.10468696077316861
-0.1238978740483147
-0.13762306091768162
-0.137084423206778
-0.03944792415758964
0.09034904393718855
0.3085201864494864
0.0337154989024749
0.001308553694080319
-0.023378188680603207
-0.03471989970059675
-0.046919174568589975
-0.058066405661933045
-0.06618810456856151
-0.06440355724110339
-0.04954991020261854
-0.025137307722894298
0.0015686218710484411
0.024774251052588965
0.03731139171870208
0.04039246647968629
0.03062796220212229
