0.2144991242465861
0.1267541210683717
0.03728620303601078
0.05269850402678479
0.1327888281452372
0.1974824923519025
0.25030890734159267
0.2973397249268763
0.3491783056523769
0.30868659480741223
0.2553692884965109
0.1989488158020891
0.15824926962681152
0.13768237620183787
0.12376049276291452
0.10658641164403049
0.07766020120501138
0.02920842088642579
0.02921842968677373
0.08271487466208616
0.1250358358995404
0.15887743212462602
0.19970175260710316
0.2597894781916134
0.3306405232198518
0.3965008660371138
0.4426122974895285
0.46675182557324996
0.4778712986908318
0.4840494194897455
0.49005705447369596
0.47024684636832564
0.409621598988345
0.3328116351601231
0.2532995343796174
0.17825881018041034
0.10377703152531716
0.024534166112944608
0.0625842355239753
0.15884844126784867
0.2601190342656768
0.3555993352560558
0.43778830457499834
0.40699541241315823
0.36739562677007587
0.2532448171270339
0.18457400392048234
0.10418869346892361
0.011802861215159947
0.07768090355322052
0.15622972766726972
0.22916216954751956
0.2987910136905109
0.3151498586310073
0.26363618294971536
0.21747161155091885
0.18183115319551807
0.15841125528769875
0.14367946548757676
0.13325612116188662
0.12334821521956386
0.1110511861066875
0.09169830289792516
0.05984512161291318
0.017971879681525613
0.031440591071613434
0.08660776709599535
0.14640498185404643
0.21364026210135267
0.28783620320255365
0.36079591387894133
0.4238140583458841
0.4710215049838412
0.4684600832689254
0.46157815462830093
0.4563751175215051
0.45096119068843654
0.4416077882582459
0.4213430823504212
0.38289223722850024
0.32404074570192853
0.2464134463758626
0.1552289126155189
0.05906529709186409
0.03290117640081746
0.12410393808494054
0.21820267843379348
0.31468978881227494
0.4087613954743548
0.3903775974667457
0.3556708570289852
0.3287174228352198
0.3055600490947897
0.2485911762645949
0.21722766595745885
0.16775395015050076
0.10014110383638772
0.029321194821612107
0.03800912254100332
0.10077351103914584
0.16693206469251726
0.24081297884798397
0.3270120722754463
0.4171364115801187
0.40077519643846254
0.3970110486725283
0.40265259198497877
0.41285422683126083
0.4243843383718346
0.43458211238244776
0.44198209131860733
0.443099681793861
0.4347070285410293
0.4154316928074849
0.38416098198800325
0.3405355543106266
0.2825844414734642
0.21145549754312454
0.14380685519596198
0.08922322893659992
0.04845377363147618
0.021778005521049304
0.008855464263446699
0.008086313750004088
0.015715455093157457
0.028524175485106232
0.043338336461320584
0.05777032259376956
0.06845846508715647
0.06903941115594846
0.054660093679730175
0.018102990619969436
0.043867981758079495
0.12579002344498125
0.20660417037833312
0.28058027639311267
0.34959938907100785
0.3872696942928818
0.33406195211841555
0.29336508483059054
0.2708564886030982
0.26351075632140175
0.2660931056378962
0.2731806770593801
0.2560867219460476
0.21729512548155727
0.15774632121412316
0.0790228201531405
0.010243171412085401
0.09490355690344666
0.17439483361589442
0.2579847173329055
0.34660973151343283
0.29900333787735733
0.22920247167249108
0.18296825001302966
0.15706957605439445
0.14497337833911644
0.13918018203277382
0.13413194557181635
0.12868161837322323
0.12184884944611804
0.11266890683679215
0.09826535460769807
0.07780089954747609
0.04862800470799111
0.008593123284084786
0.046688296119665705
0.12432961940594879
0.22805007619080245
0.32931846411865023
0.4074574773052955
0.44907933409558565
0.4373267719344947
0.430002053064084
0.42471686410594867
0.42102100281984184
0.41794825446871137
0.41490228363819864
0.41105404396334694
0.4055033915392636
0.3939579809344205
0.370501841105667
0.3251463728459257
0.2471731507370461
0.13314012528830005
0.009122339760545528
0.10413142425929835
0.19902388616408703
0.29118927101214165
0.3762652156142258
0.37494884257070876
0.3362418387389415
0.3149137509219412
0.30526737120550956
0.3018142364427254
0.29959936057089964
0.27042591650547837
0.2403315015494332
0.19042627846319304
0.11695162693250766
0.02900671332730117
0.055917058026644685
0.14061219295956662
0.2253304960553608
0.316274522382462
0.30986365649746966
0.2196725898397107
0.16445706816974257
0.13861306972675164
0.13143197258618677
0.13187838710490346
0.1329236262698438
0.1310539390362984
0.1273257082111231
0.12214466603637514
0.11466241135628555
0.1031205552605397
0.08709109845789989
0.06441389435158845
0.03161019815139096
0.018412559939860247
0.09044758817059793
0.19804410503422726
0.31461452623626895
0.4066307133351224
0.43588634425587164
0.4219094402017589
0.4122184542146025
0.40479577364821395
0.3971995380032508
0.389770180901094
0.3820324006163637
0.37358427855564663
0.36440109226405154
0.35421440930790354
0.34046075031788786
0.31810493188345484
0.28001358661307807
0.21392218058970813
0.10828386863450117
0.017491547228577247
0.13590023072245697
0.2318265707266908
0.3202097879173763
0.397686588045688
0.3922370478113811
0.34495496580702434
0.31002992443285293
0.28892691088334094
0.2755453190671252
0.26726017669685453
0.2595320769968255
0.23265185030638608
0.21964544318904744
0.19279373442954748
0.14595847589051075
0.08405987264159932
0.021552434634961593
0.04179075103578323
0.10738735336854408
0.1814635484385826
0.267239377989959
0.36358404986245463
0.44134903893995964
0.43814016624807467
0.43432037355209124
0.4360977173580933
0.4403191677362669
0.4444467645010154
0.4471184534316251
0.44829050087391475
0.44803562995036517
0.4462172866940868
0.44188642580720255
0.43431027915472986
0.4220939257212146
0.40309896357160585
0.3719290679659086
0.3213369994318867
0.23953389149157722
0.1344010720922979
0.04946627793096708
0.009431247323528973
0.04664925827371178
0.07058433671041567
0.08672192382965241
0.0973015693909312
0.10395020789023285
0.10759385873257263
0.10907076646530586
0.10906934990353451
0.10819305149963328
0.10705644284188193
0.1074927916411426
0.11192899967493998
0.12376095232211001
0.14959655132399866
0.2013565792890135
0.27617518278978687
0.3550759355535336
0.419215277779246
0.41066084964025307
0.3624216261340511
0.3128536859347887
0.2623925522561764
0.2264839194516395
0.20602906188571649
0.1977797690426391
0.19801779092459743
0.20420688868234213
0.2115851042504783
0.21090618527962307
0.2001386555940459
0.17778653543787626
0.139195095732417
0.08366774562120032
0.02445494223766547
0.03405667957200731
0.09644496189282448
0.16617956198451336
0.2481795038146824
0.34408284862766725
0.42727330259148394
0.4462300384425054
0.4380599031737165
0.4369299893174328
0.4394744210324673
0.443562464358232
0.4466922105584958
0.4485613654231047
0.4493470765471372
0.4488507984049582
0.44675360894701244
0.4425246315856091
0.43538977639774407
0.42359108820657293
0.4044669125526049
0.3725288803814085
0.31697714718503983
0.2280387059354005
0.11461281000574078
0.03016999217286582
0.025208975267908836
0.05856223269692954
0.0794292914518074
0.09286159148725587
0.10163759155845677
0.10715238733601967
0.10986210797579175
0.11071183258116409
0.11026171787886363
0.10897628136163379
0.10708921753577082
0.10579221379745218
0.10675492225013113
0.1126221462603653
0.12862472786625795
0.16505501560666294
0.23118062085642072
0.31423179994985406
0.3896647628844541
0.43024860433262485
0.3826040607823482
0.33333226053639314
0.2818495955466649
0.23739425723705745
0.20783061607394426
0.19307646441153722
0.18941762289268946
0.19322339738483876
0.20213727579653804
0.21145477648173375
0.21423702840063408
0.20568277769517979
0.18603407350176326
0.15085958515661257
0.09847160439518968
0.03861294659293811
0.020541373363193782
0.08285293535072134
0.1513901982598225
0.2310322993933759
0.3217374434118558
0.4111643353434799
0.4689036642350893
0.44855606722763985
0.4467441463812322
0.4483900456809688
0.45155689603111604
0.454323690571863
0.4552099401340851
0.4544869088356341
0.4523209845890833
0.4485542219858314
0.4428686515838328
0.434903373093941
0.4240746053761579
0.4088817200702254
0.38645607472969384
0.35159198644470535
0.29459803999709194
0.20219655695287037
0.0962343280147398
0.016769684366558457
0.034865954937174794
0.06871243160650385
0.09322948236674045
0.11247300646867214
0.12879410052982282
0.14331393169956677
0.15620927645534116
0.16800835786766366
0.17902804299376496
0.18962304282331285
0.1999900853544782
0.21102554066219553
0.2239287634450285
0.23964312548425262
0.26008780862293646
0.28883801368120776
0.33295344484257555
0.39150701844468894
0.45076122880207314
0.4390297507966926
0.3993422697773552
0.3611070520111829
0.3221932038702321
0.28281016563474776
0.2493204948533218
0.22456573262791585
0.20578010673712746
0.19089024471434446
0.1781978109509563
0.16649314480869712
0.15377028982479418
0.1296327786294106
0.1269858978922771
0.1205245593955206
0.10843307817479313
0.0895074494059455
0.067218948995838
0.044040915706539785
0.018216878932244517
0.012217009263577302
0.05055793335502981
0.09816349828372263
0.15131790565021996
0.19299846904509688
0.21753231845126422
0.23089177484827214
0.2375126528052945
0.23978309920443702
0.23898648570147324
0.23729843260062033
0.23646697521336452
0.2365045945427746
0.23739423019011766
0.23925061019569205
0.24215030825824074
0.246160129163479
0.2514669688090827
0.25887907730928494
0.2699545805144715
0.28730036901149025
0.31547875485936117
0.362490935384928
0.42233352393741874
0.4685944919221178
0.4630860863930746
0.4519826586594431
0.44457020669033004
0.4393725376569225
0.43556207325737645
0.4329115770720663
0.4313988274884911
0.43089313217332087
0.431299952591477
0.4323858098343173
0.433935317309049
0.4350807902871731
0.4346638349894576
0.43204754931974915
0.4258185674480644
0.41316281848725767
0.38872046240265296
0.3479310510640128
0.3058146743086528
0.26972877576702337
0.23936822230617127
0.21298657512194802
0.18869441025291295
0.16454909810847115
0.1421672505367443
0.12649229369126502
0.11755919014801974
0.11364086988368223
0.11312316197754312
0.11481754737362458
0.11783632784504675
0.1205752104021026
0.12222889439316038
0.12082143814326979
0.11636824651302885
0.10678631558248737
0.09029003413602284
0.06931327406964775
0.04653250648693526
0.021176120804824512
0.008570092283554891
0.045330365686525945
0.09329369906080298
0.14713095288622724
0.1899839975318179
0.21607476749066473
0.23049884203781584
0.2376920619353857
0.24036140039156204
0.23986100218681822
0.23778132988133166
0.23636471994435168
0.23591003964693819
0.23635566028548347
0.23772939051317674
0.2400562639531421
0.24342162268570192
0.2479279849646321
0.25409951036806483
0.2631278379163825
0.27714053511248765
0.2998975082089851
0.33834614961780557
0.39679002810300024
0.45127343528776315
0.46743097068550676
0.45419902001118007
0.44562080348534006
0.4397905158178227
0.4356087143593728
0.4325814697603584
0.43068597286260907
0.429871287012753
0.42999108077051756
0.430875324173962
0.4323653773062142
0.4341660632722729
0.4350616644314834
0.43427021760142764
0.43108153891422707
0.42375012928205635
0.40821532347419
0.37960756686814245
0.3371153295191741
0.2940683957082921
0.2576747472160704
0.22869643596922518
0.20380921999574317
0.1811696964282872
0.15947401618569312
0.14059980421652543
0.12785423972189808
0.12030063148101827
0.11604792251365174
0.11352334371883605
0.1116011235926705
0.10941253472479079
0.10599739550766092
0.10395583700978069
0.11406336968710049
0.12286560930090784
0.12944865735271993
0.13284703928327968
0.13384857296548427
0.13371540073540697
0.13227184156607505
0.12877454801455943
0.12197080309861427
0.10877024289143726
0.09139522773628836
0.07752642859766194
0.07151718985652487
0.07185687257937101
0.07651814011856009
0.0840109677045458
0.09366630653564897
0.10456653568313629
0.11431883458581997
0.12230991031567875
0.1285973176349869
0.1332350125215054
0.13630049705172514
0.13789558171307434
0.1381471436219717
0.13685336133725287
0.1333599669163868
0.1265183746469759
0.11432430382430132
0.09258485927497004
0.05821421430196354
0.02354489795353694
0.0007273502603882282
0.014654594060002272
0.02363373805094978
0.02991286499483
0.03484026044801962
0.03919988034283945
0.04324179778542351
0.04678331824849019
0.04967497950667977
0.05187069138384356
0.05343341065028556
0.05451817666428565
0.05578238427525645
0.05926688830901129
0.06523280138070237
0.07323160049757195
0.08250000387361012
0.09105392760207268
0.09363137792495979
0.08480670991385672
0.06848820524913439
0.050861613859376494
0.03503280484373342
0.019852480751591607
0.004369423266980312
0.01234267898333101
0.02846042218388111
0.03976976613931214
0.045795376120601194
0.04737964299889226
0.04538680121829039
0.04031604433553909
0.0323393089596018
0.02400439860559103
0.01626861268194571
0.018165639137112936
0.02510573931930508
0.037947173231549766
0.05611240774504686
0.07498618394221816
0.09214651745037337
0.1086273022194349
0.12542530493573964
0.1430339849992169
0.16158752007131413
0.17412389085209573
0.1757395644777391
0.17046199938419068
0.16338710423912672
0.1570197085560962
0.1522603001308605
0.14955303095738584
0.14859272718190705
0.14726938837894904
0.14487956776466526
0.14140693734740117
0.1369104334867306
0.13154091360075315
0.12550033532638324
0.11900731675458785
0.11199750521980809
0.10412353336225183
0.09482171760619157
0.08316551959287366
0.06703387696062471
0.0450971345414201
0.022047203905633785
0.003079238524737323
0.01089902378356343
0.022163086935878446
0.03165274438284717
0.04002859220039598
0.0477196437418213
0.05479895104563368
0.060982613163430614
0.06603319515116526
0.06983893498205176
0.07242318658648782
0.07392695926450515
0.07501333911449622
0.07771800570801173
0.08225330769798925
0.08807377476721934
0.09432087389619359
0.09890636239724333
0.09701130374480084
0.08503235739203355
0.06809192616217571
0.05075296476709114
0.03512411985272853
0.020078986137553594
0.004702606628974655
0.011909203859176652
0.02793869768179215
0.039238447081031816
0.04532585657786433
0.047018351883654635
0.04516579321488198
0.0402715409533897
0.03252031225360427
0.02442610966900234
0.017090619827222826
0.019160678319306117
0.026246056419983885
0.039166373758461936
0.05730362026583937
0.07607758424047592
0.09313495427180277
0.10949270421347645
0.1261168145362906
0.14353388661111108
0.16168844865345294
0.1740390374416076
0.1757736219740778
0.17070546131302197
0.16377346714201246
0.15745331408687516
0.152664603370766
0.14985654714889243
0.1487351860838633
0.14724314105153677
0.14471052325893516
0.14112884817654825
0.13655185614399112
0.1311268739691751
0.12504853164495056
0.11852655503171898
0.11148749065829658
0.10358308922527583
0.09425186997675121
0.08258167047690106
0.06643260687631539
0.04483322956978421
0.022151002069012188
0.003462595531255412
0.010425440993190321
0.0216690889887136
0.031176348937116533
0.03959547453893283
0.04734962200088536
0.05450696201298404
0.06078544292129991
0.06594975275979709
0.06988829873234483
0.07261613788129274
0.07425903123616957
0.07545527561299537
0.07820113338649681
0.08272242811531136
0.08846499312672858
0.09455208959969456
0.09882683535532803
0.09658048670166504
0.08450302526413424
0.06769276201560212
0.050643737174280556
0.03521586906745766
0.020306573607969818
0.005037463832159526
0.011473346382293886
0.027413713045032727
0.03870342287453403
0.04485289284502936
0.04665445862527945
0.04494332895527549
0.04022678238501754
0.0325867925021745
0.024097444111111588
0.022726083440229933
0.039951610893204655
0.06223809855241323
0.0907122252509597
0.12496202460681471
0.16006552036418853
0.19348882389382294
0.22637049104718607
0.25995731794231947
0.2947923497565375
0.331512084758017
0.3632178812886224
0.3829793872709175
0.39441485714628977
0.4020983906477074
0.4087591660769119
0.4157372692632355
0.4236745607775753
0.4323724891774443
0.44034886559891917
0.4471954974607455
0.4529140470741443
0.4575577755573012
0.4613549861787952
0.4645529513008367
0.4673484304190432
0.4697541907748157
0.47176485209858693
0.4734639008861161
0.4751916171788832
0.4768955388893477
0.4814102265446345
0.48762312035965694
0.0010141437777770497
0.4905484652586057
0.48897051784402773
0.48755277570718963
0.4862871857248098
0.485230661925068
0.48440147163185987
0.48359596595490967
0.4825645874376211
0.4811349386911129
0.4792398431447082
0.47692601831565706
0.4745992054122802
0.47365217299488127
0.47416745793445236
0.4750093626300404
0.4738843985025816
0.46573499542896396
0.44321223576886926
0.40096207800702377
0.3520438601024522
0.30560611529997794
0.2634703581520403
0.22292560230517391
0.1818086024829639
0.13769518946282305
0.09460265962790365
0.061880813459608365
0.040874915271199824
0.029832951519066328
0.02675744084790422
0.030287301972548215
0.03948775086311256
0.04913016029801207
0.05098034693336819
0.040287271580113714
0.01895164562045182
0.015528881674148707
0.06243738333968577
0.11157478281798412
0.1586993928989971
0.20529475503544617
0.255583299523082
0.3103184080413876
0.3690517411037033
0.4211504324210107
0.45097668813377473
0.4620997990322351
0.4645769753733863
0.463723413313256
0.46228271554959155
0.4616714838112945
0.46176677484550477
0.4614951466577299
0.46060337510595634
0.4590655763882788
0.45696207606163974
0.454556900028302
0.4521800909918985
0.45005755906283357
0.4484138775406491
0.44767338040218624
0.4487992292033343
0.4535194124668876
0.4646007195037453
0.4801799751698985
0.0027083283144102525
0.4899178753344523
0.488695077575205
0.48911809825361297
0.49036565690877937
0.49108681479436245
0.48801717716713167
0.4850339481015541
0.4824850865646448
0.480683139337015
0.47968074328296767
0.47947337051695155
0.4796153080755532
0.478976826350862
0.47749039256340836
0.47611182333982466
0.4766957551107792
0.009004159223142787
0.47055273220857013
0.4251503332910798
0.3729915196119006
0.32301640027395573
0.2775815239783061
0.2349030832929008
0.19249766404508722
0.14755916299002736
0.10280257479803737
0.0676657887066295
0.045191259242998834
0.03305596339624557
0.028995095179225466
0.0313384393239679
0.03909403417218002
0.04750562092335783
0.047095514761340086
0.0350531443347319
0.01228283833285632
0.02350619492277093
0.07123404671076872
0.12065576276713959
0.16769037415528953
0.2143958854512439
0.2637808610688193
0.31762579148328635
0.37545575722517655
0.4253133985430295
0.45153583997952307
0.46190347635316836
0.46443976356697286
0.46390592034407335
0.46276416345477533
0.4623131439552959
0.46210261152853793
0.46134241436171114
0.45991335223953994
0.457937808992136
0.45558454843599927
0.4531372715174245
0.4509197340312382
0.44915138520505726
0.44809162644172423
0.4483085034991
0.45108041064745885
0.4580691886658215
0.47224044757916317
0.4858565202205948
0.0010254043036574609
0.489145112093002
0.4884828682593037
0.4891107489984949
0.49042654609560943
0.48990786265903075
0.48672332333584745
0.48385198865396417
0.4814878765528858
0.479888011080168
0.4791166508205753
0.47901498611646587
0.4786262851938502
0.47746735318327777
0.4763065107678625
0.4767215164984129
0.01012141366519124
0.47481273829839477
0.43543623433848017
0.3833687894007487
0.33375272906323566
0.28890964349674986
0.24612238011083412
0.20405341534959587
0.16005115463177483
0.11451711698168449
0.07682979797358097
0.05175268065622962
0.037626130635389055
0.03183772531230792
0.03259849410235006
0.03879372486729388
0.04590321824310814
0.04305318178954499
0.029592641776616968
0.005372987578497135
0.0314603356582199
0.08006020200535499
0.12919722758821167
0.17519805172348427
0.22169853624648017
0.27116787331192993
0.32578209078610104
0.38498029584246296
0.432139623984913
0.45790805334924056
0.46856854302160966
0.47103370311297105
0.47014973586652054
0.468407369523256
0.4669729234192136
0.4652232515495882
0.4627497345573995
0.459492755385337
0.455547896993043
0.45119811179376335
0.4468137631151196
0.442699704868732
0.43917839878830855
0.4369321290267931
0.43723041053341594
0.4421067841747533
0.4545763041507556
0.4737820302754668
0.4877344312046383
0.004021419824043478
0.487792993525312
0.48922968146567075
0.4889150696896771
0.4833599365540617
0.47702739106522446
0.4704343569067229
0.4639802433453697
0.45798253077839063
0.4525946379559775
0.44773969314322326
0.44269884423202016
0.43663515916751067
0.4303053301302896
0.42587622958272736
0.4276247381399463
0.4414083472271117
0.007420111631671233
0.4198651336990954
0.3633940404333795
0.31220873934387483
0.2648518608035408
0.2196248103180005
0.1714426224782296
0.12134565910035734
0.07984631255054488
0.05251601337502106
0.0393220545799764
0.037159255197204935
0.0431732439478129
0.055789033978475
0.06984321044962936
0.06932651800790814
0.04167635035780225
0.0007346548880391487
0.057749552902716994
0.12967291602116898
0.19826213761637299
0.2633299212337436
0.3276634240893859
0.39277446111117204
0.011461592283926606
0.4315783761710053
0.3752841180638812
0.33726289299663786
0.3153207512051292
0.3022650220821039
0.2929993221930042
0.28462482044253623
0.2756980057797459
0.26671360788932047
0.2584269826326199
0.251051558654829
0.24448990462197728
0.23812355720419592
0.2313530575021507
0.22344368499018352
0.21323318630544252
0.1989652675997611
0.17745880533596015
0.1457315153394314
0.09933226845259117
0.05019382992681917
0.013039635764658618
0.011819277348208692
0.028249274674361953
0.03985944588574243
0.04848273628390529
0.05534594543617583
0.06125752133571411
0.06694193590112332
0.07294547148059524
0.07984843160593184
0.08764031502268643
0.09601970550571576
0.10386189025706187
0.11205006725213337
0.12372982433730634
0.14432306470408512
0.18313333753059768
0.24295176447481653
0.31599558895566493
0.3807702642616742
0.03521888238867328
0.4353754720946156
0.38382872128529083
0.32889264487668296
0.27064058260462276
0.21530129598812664
0.17170413416315072
0.14038430257035378
0.11958790697468709
0.10657516239953074
0.09986638252882295
0.09458896215263907
0.0720112673928604
0.058241697057559765
0.03062539081102946
0.016077649244954223
0.07213748319695978
0.12655649986181755
0.18012971249651494
0.23411932515138814
0.2908708267278255
0.35502398336181373
0.42027877295469235
0.4662281573495077
0.48972147863624427
0.49724097514493726
0.49612473854445593
0.49108528899085496
0.48479207659452034
0.4779474963880613
0.47043617900934476
0.4623207671826778
0.4536954792700087
0.44502784155280245
0.4368915556435769
0.4297890875866969
0.4242900659915889
0.4215507581292632
0.4235915944588309
0.43371474415738787
0.45193969191846445
0.47347707177721277
0.48653283964065175
0.49218647429326695
0.4917927431664855
0.4876657652262449
0.48103155279672183
0.47276344523375485
0.46358437603647396
0.45417039593822534
0.4451085633686546
0.43668080936996667
0.4289919017964359
0.42168090852851076
0.41446792919402636
0.40876685074420743
0.40737195815541355
0.41529572902226697
0.4389631375588355
0.00016526776919063325
0.4067009408147506
0.35494204524222994
0.3073578866040162
0.2611900674063003
0.21481290333941205
0.16475958636292873
0.11654328439062009
0.08059484542976278
0.05977157233099106
0.05057782676961072
0.05037517530279935
0.05760482793464969
0.06696593264494274
0.05621181653726046
0.022130046882798696
0.026045071041344865
0.090672067051554
0.16175826581441594
0.2297705750554743
0.2941548828134853
0.3570321271191928
0.42002698216956136
0.02303841426578783
0.4120035154484189
0.36342934233925556
0.33092047127803154
0.3100200160089893
0.29625865690300424
0.2860832051806176
0.27702445851926466
0.2686035833469495
0.2611688111256535
0.2546913287891641
0.2490926078555813
0.2433163894528593
0.2367733442677677
0.22822579852810454
0.21586638532843885
0.19819848881086577
0.1719631301159447
0.13411222480896529
0.08653617705000329
0.04173782944873462
0.008311816479402986
0.01467188184858024
0.029893292991308072
0.0401840009934222
0.047224455701452395
0.05208449592248987
0.056016849405510875
0.059984094606559166
0.0643643800310593
0.06969495128607534
0.07580155687025739
0.08224226112464365
0.09096950247925628
0.10640734516921356
0.13487423772950066
0.18184044755365245
0.2490006986756164
0.3168135712276754
0.3786819978584531
0.028374467331207527
0.42541242496626996
0.37233093384873583
0.31590748244694977
0.2577031007672552
0.20758756507604076
0.1706056561521961
0.14425647566858982
0.12597783128475534
0.1136765128336508
0.10340076564042708
0.07147807343890554
0.05352223497306411
0.018930634127912994
0.030579951996371625
0.08988167542194883
0.14613768597460242
0.19876473633200548
0.25429807675022575
0.31151641635797356
0.37516609039106025
0.4332921115931264
0.472643217396402
0.49186213454567984
0.49705609060196776
0.4939146587514514
0.4867245257880666
0.4780341301134628
0.4682301245049768
0.45785767912992
0.44692726054634613
0.43605035206177445
0.4260036839908204
0.41748800143086356
0.41154663054917723
0.410383278973414
0.4148351661043506
0.42908004319340126
0.44911767512195033
0.4685243291612107
0.47987095007691094
0.4838842191408911
0.48176297292409564
0.4754078282688212
0.46593249045425794
0.4547286689286256
0.4428935283676269
0.4309215978288152
0.4195976764841709
0.40895223374620876
0.39889963485166463
0.38999955880782794
0.38439090558131483
0.3860101657138223
0.3994704803569921
0.42780182943611406
0.0015409737208454469
0.39912165859763105
0.35201908819049466
0.30722018364489007
0.2619679875919773
0.21410458145563288
0.16388625312583416
0.12137939466693663
0.09341348506946492
0.0766803157540249
0.07059229962422757
0.0709526801283921
0.07417807389738532
0.051636607279863495
0.011305003587118225
0.04484852000687982
0.11230191811713242
0.18665627424573897
0.2539825387874516
0.3172076381734969
0.3793820696550104
0.4406080809743294
0.055642834683737985
0.3902914738069678
0.35010530533486706
0.32106563868201654
0.30131058472487054
0.2878880807574876
0.2779999026044762
0.27003477080119964
0.2638262866731503
0.2586086374785372
0.25416090593002594
0.24901364935549136
0.24226866440327555
0.23149635444396424
0.21561760295425175
0.19199652928858893
0.1608234114639811
0.12046274594149531
0.07714633620528122
0.03848468510060561
0.007652539083621833
0.01454703999867344
0.030067315284035438
0.0400242831528883
0.045944594585955116
0.05010159125022158
0.053329531774497944
0.05708041092158021
0.06173688813741743
0.06833578294909506
0.0775843233376895
0.09241495419811
0.1174383198813981
0.15544809227473197
0.2080373971025348
0.27061458985472464
0.3302784950425569
0.38597858357650455
0.017743759580769836
0.41897064383449323
0.36557096521767657
0.30971756310861176
0.2548677318397576
0.21045694508084048
0.17489586879983632
0.14681098347773897
0.12417729594562292
0.10281688070150943
0.052500685168933456
0.027336930760748675
0.012804239269571544
0.06508067140918426
0.12196137022911895
0.17603698678521065
0.22564345364653643
0.27654096888740975
0.3277196062597252
0.38197426773524945
0.4279658659923832
0.45919901465099777
0.47530661548683645
0.4792497604624382
0.47560800543862747
0.46810630708051143
0.45895884304262546
0.4488188036821206
0.43833043343175293
0.4280220770604485
0.41874184053625974
0.41164057146315575
0.4085008625335052
0.4097067975450155
0.4175574492717917
0.4319078707565413
0.4484449804130089
0.46291918911683677
0.471672798189276
0.4736922950627486
0.47049555864621456
0.4627168977157985
0.452680588648222
0.44135616727438975
0.4301429153891037
0.41930804158071694
0.4095731034927163
0.4008979335593644
0.3947131383615993
0.39303304476025663
0.39982493856307083
0.41688728042593604
0.0318443940232192
0.43030976737721016
0.38758044934679
0.3466963194220129
0.30601759171331117
0.26259609876599815
0.21618042418537833
0.1712016498905131
0.13661286083034943
0.11234549597133538
0.09537704342969666
0.0847138695684866
0.07515181738800203
0.032125769785015655
0.016904904572638074
0.0773808282117421
0.14862121915807544
0.21919999056712816
0.28510663379555273
0.3446447424457853
0.4022324510376658
0.006197049703264812
0.4313728454263747
0.39078363925105547
0.35774228102292716
0.3321628087209597
0.3129068056327884
0.2988785906646776
0.28798463669950286
0.2792029468248465
0.27184434370073224
0.2649859669734525
0.2573085290395802
0.24718325379253642
0.23209350005940027
0.209950604863402
0.1813970111083364
0.14694530010131404
0.10875536075905262
0.07171824698216728
0.03802131552035852
0.009125433116682218
0.01325345100166406
0.028949694307404555
0.03900222453649449
0.04553481912039677
0.050748096239869894
0.05567109146025569
0.06189735875783404
0.07103532342133845
0.086180548095905
0.1105452068989868
0.1448727821543135
0.18904084255893583
0.23960597383870863
0.29145246146178266
0.34307784270363667
0.39340719182681505
0.010731496424889289
0.4160424428758107
0.36435145793846097
0.30868386044019835
0.25837615805115893
0.2135214017155131
0.17436156936310962
0.1383003994562172
0.10344432641570772
0.02971151143858183
0.004849375305776591
0.04941323460587337
0.10431033110982199
0.15966595030089714
0.20806288494539288
0.2531630850849658
0.2954933247472912
0.33643004832693335
0.37816965722115553
0.4172559928443075
0.4480082881710352
0.46672763039839416
0.4727179260181071
0.4690149780298115
0.46009943060908626
0.4489848908419458
0.4376898292302178
0.4272928125427815
0.41948047392355275
0.41636034526957333
0.41778608868436734
0.42246538224895047
0.4294667508864308
0.4377278406270894
0.4477321113952878
0.45848253475899375
0.46679806451202555
0.46975074916760645
0.4662794835240538
0.45811497635143383
0.44739508849821025
0.43572122669859337
0.42463274323728833
0.4153908250920753
0.41017462504208907
0.4111806965286233
0.4182268943129722
0.43028079238409783
0.03271126045852945
0.4458373603933137
0.4128037452137112
0.38043271986309635
0.34631806260859516
0.3094840129800597
0.26749264930729766
0.22279490629461732
0.18286789587045454
0.14972130280871013
0.12151730519087635
0.09632532995843036
0.07264227734486378
0.014672759481411661
0.02298483669217734
0.06790129871754452
0.11964486705811463
0.1720415035001212
0.21797385332407676
0.25804795144751186
0.29497234093173125
0.32914185128731616
0.36301513147957903
0.3955086538503684
0.42242593002485224
0.4400811596244571
0.44665159404005944
0.44476567989635724
0.43870697541068376
0.4313295715030762
0.4238556787705534
0.4174629648665527
0.41415575032718865
0.4148361782760068
0.41873605607655023
0.42471919160571414
0.4314924334660297
0.4388807201279859
0.4477107558437014
0.45603384475283537
0.4611761100111684
0.461564590781037
0.45748912833910615
0.4506769366455915
0.44285648645197223
0.43534628760661676
0.4291821465126146
0.42623558656796307
0.4287400838669061
0.43659054979061585
0.4474849835251137
0.012553742361750376
0.437812238955592
0.4106018344762826
0.3830969259333489
0.353493586201069
0.32032723101633154
0.281772984865552
0.24081926819540617
0.2021485681422432
0.16726844577927394
0.13502739430858995
0.10397485453503316
0.07181103782618481
0.010191013474287122
0.07252862312216939
0.13848480790189827
0.20744695593361173
0.2730107820450294
0.3308020109033097
0.38030360869052077
0.4235692265224591
0.0045826120459954885
0.44920561946149157
0.42057376332424606
0.3902640161795105
0.360112053488299
0.3338109047435615
0.3145144852992841
0.29965473528293113
0.28644874945454724
0.2731237937152721
0.2575580622166467
0.23661356869387984
0.2084892683091929
0.1757514286273727
0.14281035603232972
0.11355128941190822
0.08706934669244694
0.05754230694366183
0.026178375606777833
0.0032910745341544964
0.026831097095010952
0.04338590506985751
0.056103267448465846
0.06757104496392784
0.07990903921668857
0.09655075258491458
0.12424616779265853
0.16396403351222066
0.20877016920876923
0.25111470671305036
0.28786094795421374
0.3219345858779329
0.35989397155511144
0.40294282664797154
0.013641513977235363
0.42919995891242907
0.37964951448134315
0.3279403286642267
0.27587494453378897
0.22238073466096103
0.16591218486322581
0.10508323612540034
0.011932318078990593
0.05795386262924155
0.10668169651759424
0.15815558277904596
0.20606374294615862
0.24572902658750376
0.27681047397679825
0.300544407280338
0.3211078209590957
0.34883319744441776
0.382758207857671
0.4153221560882762
0.437186160022705
0.4437074665088573
0.4400355502568468
0.4329894676765209
0.4258387569399257
0.4207841004399615
0.42153167378206563
0.42786324858257213
0.43491570313876904
0.4388227916662652
0.43858791898601307
0.43970435322749585
0.44695072933303415
0.45680147717330943
0.46395714896186774
0.4649205733564649
0.4609705445490514
0.4544841743825557
0.44761699777013964
0.44259353119432865
0.4441410644802312
0.4565934122205908
0.020973552018972812
0.4617097973180867
0.43187362864782197
0.41105589188649155
0.3961004484428894
0.3774372415172329
0.35268890830386024
0.3208017447096475
0.2824377557437484
0.24228630020428416
0.2026956378214585
0.1619923240611174
0.11818059036480676
0.0692877836128615
0.02816697176985941
0.07513088010687986
0.12198474396198948
0.1696784648034672
0.21299843420949457
0.2475937235706484
0.2729112974593711
0.28983565363698727
0.303996926447792
0.3264301939547518
0.35557187496354137
0.38509517340618776
0.40659273594718415
0.4155118009554411
0.41681761311230553
0.41599087908472704
0.4155481578316228
0.4177825457988048
0.42530660561904277
0.4346685351720119
0.4418690014758926
0.44485176633699836
0.44458464203841297
0.4480303709895491
0.4554175737173975
0.4635392717943718
0.46909147689104186
0.4715102985784412
0.47188651472115334
0.4715049075182291
0.47210985094491864
0.4766179744808664
0.0008816546110391836
0.4645710787402121
0.4337866294775181
0.4066780271258758
0.3885488850169296
0.37830941531181234
0.3647146463236673
0.34445769279007865
0.31680847186399586
0.2823999583431052
0.24532181041734885
0.20787693512125793
0.1673460596949434
0.12068766976876186
0.06568807772095045
0.04129923293505175
0.08844684783551908
0.13379642322577295
0.17915039630007054
0.21956367282922487
0.2505003827194371
0.27109533093857663
0.2823642831768194
0.29311279790258793
0.3146487779984068
0.3447765956024505
0.37705701722218254
0.40078180086948273
0.4108893161072998
0.41358456018182116
0.41436462215300024
0.41593445164369813
0.42193965630141866
0.43274938536659074
0.44245483333081026
0.4471592906321548
0.4455689198304888
0.44371533101802746
0.4484328578810348
0.457097226132078
0.46539913674140954
0.4703992323453955
0.4724114960368159
0.4723081127556162
0.4720893883580997
0.47448058320698105
0.005660619589839166
0.46839483803713355
0.43416082221495944
0.4039432273765256
0.3848596191393559
0.3784524102328866
0.37137838941316587
0.356370924311504
0.33222970228028004
0.2994692244787107
0.2625566558451777
0.22428107002723957
0.18156644909574426
0.13071325027929093
0.06887463231540313
0.03871008376809248
0.06453935549410142
0.08782278793916279
0.1109605433695973
0.1286483394684359
0.13536015817518618
0.1292837525024662
0.11140674278080528
0.09473118036296307
0.09267820854858717
0.10316982418783524
0.1198622535814818
0.12722040565138037
0.1145310618307629
0.09295865453831284
0.0700391125708199
0.050075053344354054
0.03771999999414759
0.031158570626399484
0.021257362398794714
0.0017497871643732087
0.029084821902299954
0.05821929057589609
0.07640643108681074
0.08736003597494203
0.09734961280465229
0.1127874921766859
0.13329327351793446
0.15473137001436613
0.17315549949964762
0.17982329989106358
0.16398515443109563
0.14068686499836155
0.12702073690409627
0.1295480504114172
0.1486681084008262
0.16753602104516774
0.1753073164920542
0.1716025266456441
0.1581613169138207
0.14081225155750338
0.12282588018704291
0.10085300478384912
0.07027173246509337
0.027467976692845845
0.061350511930567814
0.10833362457992499
0.15031542206687515
0.19025492772858776
0.22382261774932874
0.24646056437364333
0.25714933918841176
0.25823062994633095
0.2631619992608431
0.28104679186048037
0.30899757903557784
0.34184933970911663
0.3700885426608027
0.38477009226560716
0.39327032834591985
0.40059922095382916
0.4097469845539761
0.42409182632639136
0.43828523746442805
0.4465398082932315
0.44747138422327115
0.4429582589365295
0.4431769574457638
0.44950570822186064
0.4588147098052258
0.4679455485458971
0.4767667055209164
0.004611174989627306
0.4828130728448366
0.47271758008752396
0.45404167285868346
0.42140614798607806
0.3846599001746269
0.3552425123226869
0.3382487144777598
0.33561789620524746
0.33622349676275864
0.32810828519639423
0.3099068962095815
0.2824794264833688
0.25009255555519916
0.21578187432217785
0.17599050667750007
0.12467328070968822
0.05722711548255498
0.06962302833766727
0.11539851560840204
0.1555939316868304
0.19349365310541777
0.22478497751762083
0.24438912826163334
0.25153051146977773
0.2500010930637821
0.25599570625661217
0.2754090292143917
0.30555638325236795
0.34067994521652484
0.3697513284745177
0.3854780604529165
0.3954173541093498
0.4047330211572905
0.4171305401289148
0.43435668808088557
0.44696144343338096
0.4517440707790084
0.44763473785057295
0.4426964315632159
0.44597191859915036
0.4546249223340245
0.46471197658520236
0.4744610281058626
0.4835870822260557
0.002734718401016377
0.4784307015122102
0.46297843580596165
0.4313293341320312
0.39144861783785223
0.35725559729974393
0.33652966600897066
0.33261590103348404
0.3380137511855898
0.3349312236418964
0.32030550085082365
0.29455525923116743
0.2621443958933146
0.2275387709297618
0.18733888628965123
0.13435153267826497
0.061306403681684885
0.07615954853624782
0.1235795151132193
0.16446196309819255
0.20243955030450517
0.23232594891711475
0.24824254395857534
0.2502711267578348
0.24557434259274744
0.25313929313303657
0.27531956294948895
0.3091810225442191
0.3466029363793979
0.37394838682924236
0.3886256063332469
0.39894572582252885
0.40981655770425396
0.42717819326958173
0.44455351256296904
0.4544644999318912
0.45464643419070316
0.4475572963429573
0.44642822483423394
0.4532628378222194
0.4639531487412716
0.4747403699776171
0.00834058773959689
0.48610405060331124
0.47406338064116627
0.4568470103556706
0.42430782359382613
0.38097701638995396
0.34309369587885397
0.31885769647300155
0.3109635418147212
0.3159188523573466
0.31500367544844476
0.302288060476254
0.27822965292147817
0.24714741339045146
0.21370198483892344
0.17528755353446399
0.12510121484183126
0.05214482909744826
0.06776427271652653
0.08427646503131436
0.094501508634159
0.1022184065003635
0.10254632457031884
0.09069027806983496
0.06667724392893336
0.03786668442068086
0.019672357437670145
0.01329732253945785
0.018848491054475423
0.03612762446701115
0.04579856900394529
0.045372180778592675
0.04162823331404985
0.040429570111022224
0.042430785084290684
0.03873245917893353
0.025091609641004264
0.0005554560273519603
0.033871813458309794
0.058821537268737914
0.07438742028076324
0.08330509823107463
0.08694476383661803
0.08970729939403149
0.0921692124474064
0.08971802020378514
0.0725783543388471
0.03885666318130587
0.0187900164948838
0.018178462147264277
0.03549675722004646
0.06748607494126263
0.09440583313802522
0.10814099871442014
0.1100074535862675
0.10413278637566448
0.09600250254921079
0.0836731597946879
0.05989098651812092
0.012985016288172481
0.08388288693096246
0.12498918142544102
0.1594003003796764
0.19106476826335728
0.21461279826873503
0.2259061187073313
0.22564106445888443
0.22287458325659157
0.23200459701791445
0.2520215351429624
0.2816731311968657
0.3190092458397969
0.35098675233873283
0.37334757458771284
0.39129808749394035
0.4107711348600716
0.43375298241903587
0.44959917344026507
0.4554686569001728
0.45139379108426764
0.4461317603782975
0.44951296996775064
0.4582000297908065
0.46924854433351304
0.010138447985618852
0.4806532700715159
0.46473374774229137
0.44375689613623953
0.4101447029058937
0.3626034580149765
0.32257509930262257
0.29699315969644724
0.2872924101777121
0.29326924078169936
0.29843226289768554
0.29116857674076524
0.2715252729596815
0.2432954766641885
0.21221066662357335
0.17643739464825056
0.1279329331097418
0.053748377822520704
0.07415020292660747
0.08964892298857689
0.09853953100747335
0.1051480513842843
0.10236982618959088
0.08598615896340614
0.05685331876405508
0.026336792507137125
0.01006132713691002
0.006242732083188228
0.015362335381470816
0.035496637546271304
0.0440384211051047
0.043329290797879505
0.04115745080797365
0.043958536280779906
0.04580665814863148
0.038065405607923035
0.017576236660857458
0.015723892967599497
0.04840984411819917
0.06872682557213372
0.08058153258578482
0.08577835099228334
0.08512435746213332
0.0838049306149167
0.07851904803361638
0.0604315065057271
0.020103002402478327
0.007599563147583668
0.012192772525926064
0.00168225351686363
0.0320576984378567
0.0630178901153783
0.08095232922409276
0.08626670010488077
0.08327519431396765
0.07805501549644953
0.0695382211624768
0.04907535332602826
0.005154784976528649
0.08786761161231613
0.12371639078904627
0.15273002267441893
0.17857817009952842
0.1966037020420051
0.20421853157448655
0.20356556780398305
0.20438172969509752
0.21434387837126626
0.2319340096316868
0.25776253982851194
0.29533879740560254
0.3331078507099959
0.3627567185338821
0.3881198476443112
0.4166310065694419
0.4402300943682109
0.4520424090488122
0.45331563833792415
0.4477445097289932
0.44799502896508103
0.4543051993678119
0.46415638260849235
0.47732542886286905
0.015408947857075543
0.4548417922114544
0.42741383848386444
0.38739803001513634
0.3300959144843595
0.2879888400522902
0.2619002472828367
0.24969213874006288
0.25101851033294675
0.2563193296005308
0.2513842292192575
0.2352766467785922
0.2109582767584351
0.18371498686798332
0.152783675335454
0.10963468665525081
0.041438234961161176
0.08933887154316816
0.12471551049009698
0.15382358377930194
0.17927647788482876
0.1969049060929904
0.20369782075174467
0.20283507836700693
0.205960602647431
0.21830910219518787
0.23840794048712938
0.26748762032421686
0.3085560356087642
0.34540633295653556
0.37440007372022666
0.4014143989091682
0.43063067942717254
0.45039964949727196
0.45757389063086756
0.4543303879013233
0.45004320866864744
0.45402113412626105
0.462669917543459
0.4742770145230829
0.0010227502843774133
0.4676485847356568
0.4420478355219442
0.4060209048154784
0.3506328176823754
0.30035065263447885
0.26883315565542576
0.2526940812737182
0.25103088263858975
0.25788299651481666
0.25578461181255174
0.24130920949573625
0.21721960222455117
0.18931669538704274
0.1576532849542615
0.11459529998285162
0.04477853622063216
0.0765590213885805
0.0832918174866091
0.08389064136091702
0.08030463967024976
0.06866733027833923
0.04644411365331552
0.017538305259760065
0.006356418055452805
0.02125992618749096
0.027955855185298556
0.019664203998828265
0.001302542462680193
0.01577991239043426
0.025452472275757133
0.03787220219881155
0.04672173792314284
0.040222183010123466
0.01985739724459862
0.012175071576944935
0.04383166561143684
0.06481214518329276
0.07783984710844791
0.08051817084148079
0.07060989063878974
0.05540856422060926
0.032105999385842875
0.012301411223518494
0.05836091297162317
0.07034112046142715
0.06123217747399319
0.038485822178356874
0.007839010490114262
0.01582965483960825
0.02904432443557666
0.034171088281068865
0.03608471318428299
0.03533328905150793
0.026025614399207378
0.008934479512072192
0.08873512425026751
0.11768174094354178
0.14097600303542915
0.1606934886692548
0.17451646178043495
0.1814180652294074
0.18489249748642095
0.1920532554223554
0.20405605576755745
0.22074915885096838
0.24769111402869184
0.2939052539459245
0.3367457467883179
0.37197723350405576
0.40734678518569956
0.43772975060951913
0.45205275053794625
0.4544821687578361
0.44957737608750187
0.450911168476735
0.4573455539682393
0.46716717720575107
0.009365409693140887
0.4691100373613722
0.4373703501192278
0.39693512313459367
0.335048797257866
0.2733869382907902
0.2399346357696868
0.22250094357454686
0.21626137484118757
0.21878265239061986
0.21677782492974215
0.20473416817976514
0.18436803693995954
0.1601785353181979
0.13273112348732516
0.09617496383704234
0.03298927790389371
0.0896603551555343
0.1195236230230367
0.14330592968497116
0.1634675593397979
0.1770160559628392
0.18353767476079053
0.18745717286126948
0.19620298899693014
0.20970203832317502
0.22845648945204083
0.2608944327704681
0.31029820227020366
0.35179845785997765
0.38730295203083537
0.4236226623044362
0.44860609906439747
0.4577921633733276
0.45580388957283224
0.4530973087102285
0.45768627545322194
0.46627240591830277
0.4786114430448412
0.013053520723032537
0.45416953570172575
0.4166052027798927
0.3621039746970821
0.29002210335664397
0.2480668390801497
0.22590304262632183
0.21547061664748773
0.21518109349161957
0.21304129529650168
0.20116633475157245
0.1806103636809853
0.15573688027699292
0.12842208213214673
0.09189484160451952
0.031282947811605843
0.07359948749694796
0.07089355901373526
0.06187245902920868
0.049220298255064535
0.03125824945985067
0.009135233262793052
0.013778544297181266
0.03367169102779611
0.05053038998284943
0.060483156720199036
0.04806910356397594
0.020292995129903117
0.0023332080689271034
0.02434798418754169
0.043006916871920875
0.039599715723706894
0.019417454449781074
0.011428110356796674
0.04168264906653066
0.06343048735338078
0.0772273374859612
0.0755193955849596
0.05351711107137133
0.02358225370354185
0.021570348177620612
0.08671968859975776
0.11793737627326098
0.11245111695808811
0.09408112923903166
0.06831775017379219
0.04323091782887363
0.024094924643298418
0.01123574410651014
0.002730344097370361
0.0034135187310636965
0.0013040626811876704
0.022668101679937908
0.08581239181237091
0.10832810901597566
0.12531789844104052
0.13939735006505088
0.1505993863660842
0.16038455650448633
0.1705930400243031
0.18095568617377725
0.19177374842551068
0.2059927190054944
0.24229359735029293
0.2993988849942011
0.3472305041039726
0.39081417523721496
0.43017397978185723
0.4488644015335081
0.45321927966141917
0.45061457034754315
0.45331157547651424
0.4599164675343545
0.47008672624344794
0.0005994174095145487
0.45599591538233086
0.4132157737257653
0.3549600842662271
0.27285060654212023
0.21984759322248482
0.1974980779299158
0.1856817623127066
0.1805903916551068
0.1764163303458221
0.1663935775324405
0.14995830887191872
0.1291662585587406
0.10597585160263397
0.07437199057639902
0.020923611047376556
0.07055228609684626
0.06304476357418075
0.049894493133764393
0.03367107418628954
0.01469477667391766
0.005322765359700023
0.025103797587762326
0.044402983798281316
0.06206188391094089
0.07051000502254678
0.05042042389051411
0.020700427744321532
0.004091006761630003
0.029615696345493842
0.0419799133348767
0.030895879954475215
0.00557627423729215
0.026461768991288992
0.05221568614647295
0.0702007655699575
0.07682048510469189
0.06186599590071055
0.03446144519963902
0.003314508974860776
0.06417807577758361
0.1120329935299772
0.11461798092375637
0.09896297825931624
0.0743530377647998
0.04843425951187781
0.02813983663510003
0.01429625949935089
0.005022813973198353
0.0012854699263696243
0.00033228985275545603
0.02220668413103146
0.08559843663129016
0.10868442632221655
0.12600331044626162
0.14018387437053628
0.151485656830376
0.16149346330386977
0.1718617804670377
0.18237203123958515
0.1937658313871695
0.21092421867317093
0.2579499581651333
0.3126622165536122
0.35887623191110857
0.4033712086861925
0.43633463925214117
0.4488197390039606
0.44930833614314686
0.44892757625750607
0.45406528620066106
0.4625377891997937
0.015953098375302108
0.467956336619326
0.42586517288384246
0.3717531954951984
0.29187872299289863
0.22137637911623423
0.1918570029119842
0.1770411474697214
0.16850728869076537
0.16180169577962317
0.15090376517256118
0.13483015801685191
0.11504119541212128
0.09252196120807875
0.06311840139749894
0.0135490742904769
0.08363222108034414
0.10256458082950676
0.11540460604402854
0.12541948582980142
0.13550492048730245
0.14813877895266897
0.1608752154287519
0.16978790742954158
0.17699406617042115
0.19519586806299882
0.2535629899796096
0.31392238259542754
0.36679843033220627
0.4161802760105154
0.4421140790031405
0.4488427055636777
0.4486560960714504
0.4525504045627654
0.4592087966091358
0.4707840148189936
0.009073026870365763
0.439517977331703
0.3820427336787769
0.3023656461755824
0.20912999421625447
0.1728163748586088
0.15811927504576012
0.14811120772878236
0.13891064256051225
0.12832972908839468
0.11492286966749031
0.0981551869026456
0.07868290857240753
0.05240166329087917
0.007082105871653987
0.065923008339642
0.0495429932517476
0.02787654419501246
0.004090102525070912
0.017482761297583287
0.03466240348823141
0.05288565958353775
0.07554796551419002
0.09730523410696997
0.09631899472608753
0.06145392831379769
0.02619191530755365
0.008246901603192299
0.03207202413085791
0.025311380441779597
0.0012227537850195494
0.028589990552686052
0.054026186270710555
0.07209056091036535
0.07372760731737085
0.04612496786404714
0.005309959273193044
0.05121451308626973
0.12539451474972144
0.15508805835014317
0.14435713433645517
0.12370767432603669
0.1013531774397333
0.08016866608400074
0.06131083156584252
0.04587139438098891
0.03346321434660732
0.02757599021775938
0.03972972744035466
0.08175816565070493
0.09825513939823022
0.10927571801446975
0.1180015022190406
0.12846332031109725
0.1425404235717328
0.1552678191026398
0.1636969164272143
0.17209777007394958
0.20290218581150635
0.2662938444924342
0.32446350497996973
0.37852159464010593
0.42241987530504116
0.4410423211847764
0.4455948469343289
0.44803030732428395
0.4540873907267508
0.4636024374570573
0.007666414877485671
0.4528686711018475
0.3996975921755204
0.33055051297902793
0.23828999807235637
0.18112604016581574
0.16034179673645269
0.14838822366425286
0.1384327274095841
0.1275251356191338
0.11394652686716625
0.0970550392799949
0.07715103385414887
0.05058554584840787
0.006651702622854409
0.08198822457047375
0.09973516670262829
0.11172518538991316
0.12127030304856602
0.1325418197462406
0.14698195509757367
0.1592627297118216
0.1680625623297493
0.17999155750923243
0.2239169575635102
0.2880523674944475
0.3448885438596733
0.39810489249949194
0.4343286069917699
0.447053877726551
0.4501742550318245
0.4552567637945103
0.4633142566959145
0.02267696531054489
0.4742915088060992
0.42291805510164127
0.3587754635832276
0.26837103323626943
0.1909783895404236
0.1613740509780579
0.14676493078705727
0.1342833493629595
0.12126157273915007
0.10691175852472537
0.09011643102258689
0.07041885799473588
0.04477662777234297
0.0024386093669279026
0.06314945219711515
0.042472029512717224
0.015652701818089466
0.013072808927918001
0.03725770889393315
0.056037980124132296
0.07907006371212313
0.1068777953029748
0.1240828773964972
0.1000169017356782
0.05895608998544994
0.02125600870311762
0.013010261676534086
0.013886730573291099
0.007743976725941706
0.03485033476820305
0.05887151746687239
0.07490618135471155
0.06781239907712455
0.027580496080660395
0.026414606817766414
0.09706296016679573
0.16830175825116653
0.17741616373748753
0.15908450129985768
0.13787196136659813
0.11736838822593322
0.09602292657543965
0.07589555538531774
0.05898901477818893
0.04812892466374889
0.052469408082654385
0.0793688233152745
0.09135587444555467
0.09717738906519592
0.10166780535570175
0.11102773607286488
0.12560488680863077
0.13538026283926627
0.14071100534079137
0.15750268965105424
0.21611257196205166
0.2845972407736026
0.3452530339505736
0.400049062081912
0.42795976241455164
0.4383530075722097
0.4445013049619371
0.452275435518833
0.46473119274708297
0.0035419884084152836
0.43465692045556426
0.3691482233015736
0.28523739887627847
0.1907366358425365
0.14765978278197917
0.1308425096546863
0.11798569419516682
0.10455488494088996
0.09128938064151614
0.07667072150889198
0.0589486894125744
0.0350457148186457
0.003373771972694447
0.07991127619659016
0.09373856824974056
0.100986035309854
0.1061012163289651
0.11560114948615312
0.12916094242440976
0.13815758867314334
0.1461862963329527
0.17503787044241165
0.24170503617059516
0.3063751376912789
0.3669221736776559
0.41455450884872674
0.43645986844117673
0.4459588203598194
0.45412680809046485
0.46508148631383484
0.01366695887722126
0.45886336925664895
0.39775630569744036
0.3219055897373111
0.2270744019267673
0.16444073685240015
0.13919920831162308
0.12404376547024734
0.10958167111606507
0.09549123796147693
0.08013882418109117
0.06113428631379064
0.03623580479489056
0.0019554417050761004
0.061677172635409276
0.040241142966061016
0.011811117147034915
0.019676794114119666
0.04767893654747131
0.07187055048050804
0.09867521196629524
0.12109221993686407
0.1146510333173946
0.08072800893835198
0.04591189545981998
0.011815313266199778
0.0013395689179892811
0.011707668044646461
0.03436788964184439
0.05518612365235386
0.06553116402455027
0.04858917705378655
0.004188250854161933
0.050744118169846676
0.12083055305060855
0.16954385141290676
0.16852308476273287
0.14973570309945647
0.12957151318202917
0.10842575786386789
0.0872534425535264
0.06885768357384356
0.05650128435449369
0.05685379231512796
0.07655306633442774
0.08830331718273976
0.09239976784103894
0.09470834413400601
0.10234850372084914
0.11342743202506371
0.1195526684193479
0.13107395623445384
0.17638084922527117
0.24670459789226076
0.3123730722789487
0.37060569568869073
0.40845678557083354
0.4275644666620266
0.44095669924778497
0.4536786067263735
0.032540633252410474
0.47649870285120965
0.41635949376519815
0.34334378621187756
0.25322723154474125
0.17463729106980935
0.14051325119540004
0.12403588264182601
0.10757243976861539
0.09110770428792243
0.07518483491399232
0.05713465216980702
0.03260275446032867
0.00373397192422692
0.0572372189695937
0.032290324301030744
0.0006645045168371215
0.03593081115538728
0.06690897575697817
0.09484699977884045
0.12365584520618783
0.1396010942445203
0.12017729770911001
0.08451322167824595
0.05032239933957349
0.02245914971116082
0.019997967437500697
0.03388015966662877
0.05023570130269668
0.06087856045488464
0.05297069319422202
0.01478502345757339
0.036624219330765546
0.09761973482309833
0.15470703274967085
0.16869142850820396
0.15594158061156022
0.13640744839779695
0.11484376348921067
0.09289239988082439
0.07407938779790835
0.06144441694197217
0.05966522268894479
0.07659731474855366
0.09154857117523751
0.09725049823884149
0.09887573743228864
0.10272449678202422
0.10917038596157434
0.11866297052464608
0.14396311968412256
0.20008230605940813
0.2644822501460578
0.32388840756574155
0.37612473244916345
0.4109643559822193
0.4333540192971029
0.44985676489350823
0.46867049717606096
0.008032106245683752
0.43361859844439377
0.36782511949709223
0.2905539229699033
0.20865791980295645
0.1558040656345357
0.12810717418923018
0.10989168154125778
0.09385104663566202
0.07753908700314775
0.05765160180911846
0.031454661208385956
0.004316896768905367
0.05754814838422902
0.03599574753468003
0.0040277416023544
0.03403591543719457
0.07168297274498024
0.10488238346763207
0.12877976654202303
0.13190417750273953
0.10892734365246641
0.08027604306643923
0.051780058304742846
0.03166828732716902
0.03054354676683617
0.04108582652451827
0.05043743720087364
0.046080097567172865
0.01852736142804616
0.02544243447130514
0.07464084598914053
0.12605553291579724
0.15576236436734545
0.15773270788595753
0.14229638397923777
0.11927030871999203
0.09611354598936223
0.07750314473246117
0.06589848732778202
0.06264254226242937
0.31543643715743636
0.27770876275712997
0.27457824754023136
0.2898954043989948
0.24552795809269654
0.21419860021244355
0.2156618802740258
0.13848403228889997
0.1219694435252067
0.10127318187800677
0.018444912933150388
0.01907633869861728
0.017722642309221236
0.053387550757161575
0.05070742631074521
0.047962886177006815
0.0781222864343001
0.08350807057026138
0.07082348212433731
0.08778274508281814
0.07268675082671701
0.07773617965819629
0.06320181843802376
0.0659733256706065
0.0468171906297592
0.03828509836190118
0.04235394916463232
0.019778431260777017
0.009838023855918601
0.005520976764706302
0.016186849929647286
0.012288255849138077
0.014684782561822242
0.022926390167732697
0.039039288090571306
0.027782761838356186
0.04717823983495233
0.036298746267313615
0.03673928193941229
0.05609147264652607
0.0424362032302351
0.04369461855244921
0.061324353293777806
0.046610972700594125
0.06042009872139011
0.04884514994321304
0.050791398223884954
0.06551423022482193
0.04936096891508145
0.050764513027592564
0.06884363460112537
0.05152966836920749
0.050212573583711145
0.06691296221399533
0.04804609993561619
0.06581404463791454
0.04635097482855806
