-0.03101895411226221
-0.03069917278381377
-0.030373734570274747
-0.030007917224030418
-0.029347452691855888
-0.02818228067017954
-0.026669932178362193
-0.025533000347017807
-0.026073530672352616
-0.028061342486694698
-0.02943344873916228
-0.02731687620043045
-0.02267825493006398
-0.018705535916250335
-0.01596021394443128
-0.014072264123014249
-0.013242025355360369
-0.013486904110668819
-0.012910025498900994
-0.010183196316241414
-0.005946879727701118
-0.003020031381242196
-0.004375113665868963
-0.008038406623044793
-0.010305732081723178
-0.008316285181828195
-0.0026967330634947813
0.003069835663193534
0.008189028780902774
0.012724218917114243
0.014914251513145625
0.01311399845697271
0.011799780482044109
0.013944159340934775
0.018573795631100704
0.02259961888855195
0.02334772136396973
0.021936193288848337
0.019878062448170298
0.017554525463326788
0.01521065414443843
0.014456363933941261
0.017105389373461843
0.02315962615557221
0.029113894407262524
-0.0336013091194037
-0.03392145800785549
-0.03305830763786537
-0.03171540691576706
-0.03041551579402495
-0.029111239105250594
-0.028105403886880313
-0.028428846637453067
-0.031482693035410916
-0.0365569350576519
-0.04037955494851788
-0.03954302593707296
-0.03258652985826981
-0.024228106726490874
-0.019619446508174845
-0.01719692469279966
-0.015701823334650283
-0.015032218848262177
-0.015311608989311961
-0.014781507781296407
-0.012274153614667091
-0.008673356662399668
-0.005965326445580957
-0.006490424975917374
-0.009340012600880307
-0.011628151674398006
-0.011106911310631311
-0.0071652440030507605
-0.001929284809263452
0.002524499677961416
0.00644604476785395
0.009832988555328097
0.01196002272110628
0.01233279515619892
0.012929613513834265
0.014815910893295316
0.01714083569381036
0.01885184581730047
0.019219245803910778
0.0188000026138954
0.018287453013627265
0.017933950282479544
0.01773911020884592
0.018036626846966358
0.019265641965958178
0.02130784502552062
0.02366993760764693
0.02573157081041976
-0.03162691641680155
-0.03071824378466174
-0.02990321443272345
-0.02928707927553783
-0.029062908419976944
-0.028465650326301536
-0.027857940231728832
-0.027709003825146187
-0.02823544655526187
-0.02998085759953146
-0.031351720601864336
-0.03091004571311924
-0.028785306545151317
-0.025729038426276853
-0.02266272355894422
-0.020086503419780084
-0.01802017862674424
-0.016409217788901854
-0.01489574926888148
-0.014033992232531491
-0.013385366766656331
-0.012199520049112915
-0.010231542086221587
-0.008245723424780561
-0.008447153387165866
-0.011639872799687968
-0.013974009695124209
-0.013640097408370805
-0.011084351869364947
-0.007731545497134428
-0.00429092901248109
-0.0008006883020618987
0.002639397214629031
0.0053573973342793185
0.006997016829057681
0.007317294996730786
0.007023266278256263
0.007469699161427263
0.009697771084367776
0.012942910362910972
0.013911000574795386
0.012685062497632746
0.011169895851424014
0.009787898922230922
0.007565241674150853
0.005175459151680638
0.00487175028986349
0.007599995517800348
0.012473293339316661
0.017569518450226498
0.021120977170585586
-0.015573750650211205
-0.015471054190706077
-0.014482098973168524
-0.013322805781427943
-0.01188272290701773
-0.010947745619302614
-0.010267134380417492
-0.01013600050908294
-0.012676600829207164
-0.019168390705872517
-0.025221089422115896
-0.026172127841675275
-0.02226186553671784
-0.015498084861247341
-0.008799252100765284
-0.004389536973242899
-0.0017318666076918936
-0.00005653468639572481
0.0010544644626446578
0.0016534652945055287
0.0016189841764623477
0.0020641400928307872
0.0031423786636657148
0.00594640746078698
0.009074063682861852
0.0072798145488021685
0.0006955004373088158
-0.003589343190632369
-0.0030677425579810147
0.0003006898855120895
0.004930180865870532
0.009788882656676786
0.014125518076240693
0.017928186360625847
0.021286787605891876
0.02319019312920631
0.02334662708800773
0.02247754733945937
0.02226463069203498
0.024080802409652137
0.02711483759195476
0.029691910558249213
0.02957067383337325
0.027250363764338325
0.025249631675309345
0.023536233928503347
0.02070249747157249
0.018696711515430956
0.01965386429054374
0.022937477286938728
0.02836064021245199
0.0338272379550359
0.03729968056377783
-0.016231775282531682
-0.015954718668520333
-0.015318060348615431
-0.013909021239657112
-0.012897239434256847
-0.011845060489046485
-0.011454356229569492
-0.011151902256117787
-0.01266740798615306
-0.016253485589575796
-0.02316727195010271
-0.026397248377193382
-0.024621355942517287
-0.020072020012496788
-0.013957928972313025
-0.008714536933824714
-0.005262249698781744
-0.0030968685985621742
-0.0015347451445587316
-0.00038515756922332403
0.0003980000979921859
0.0009342143122739569
0.0013483063511033442
0.002632103094105762
0.004215418237630536
0.0067121690889667416
0.006364833714286213
0.0023063873609885047
-0.0008032504656864636
-0.0017074210496743493
0.0000154681158128843
0.0033558825200976704
0.006906744767336188
0.010459979454758066
0.013464072351009293
0.016407014442030885
0.018824857733912292
0.020561773728088283
0.02138767884959092
0.021747619595296374
0.022478686609428256
0.02359111639490606
0.02575385231084601
0.0264913023858904
0.026660941253246015
0.025353321047903964
0.024465565003092007
0.02331778880278827
0.022815021534595397
0.021583137161303573
0.02155345992638241
0.02306488948732
0.02552472282944578
0.02872634877606913
0.03165800150145379
0.033976856000979674
-0.015285671531825256
-0.014297518591599771
-0.013488051281624433
-0.012887753392193554
-0.01231343399166898
-0.012187865242911572
-0.012082248870165348
-0.012035123499806078
-0.012753599051458099
-0.01380714181074435
-0.0157602567667263
-0.015943792994785974
-0.015432649581268377
-0.013537487027929816
-0.011472976385561733
-0.009392602650665705
-0.007531746565094711
-0.005869890561795889
-0.0040454048504507826
-0.0028698403864657607
-0.001793011787673222
-0.0007795360795310278
0.0002469018231834384
0.0011651545288743673
0.0018436421622701562
0.0024194086669075765
0.002759524554503809
0.0023405105185651887
0.0010690633033420907
0.0014015873236567597
0.0013210830890717767
0.0021855172473006826
0.0029613856953815327
0.004017208128085141
0.005128747510721127
0.006250421391864177
0.0075083593352473655
0.008760109893598936
0.010001395111992965
0.011166836061230576
0.012221702188977883
0.013172968308373372
0.013983539385756085
0.014791640717652245
0.01510096352260296
0.01558354666773679
0.014878428559904589
0.01486048853371956
0.01446539284139808
0.01414799901622054
0.014286792580159465
0.013810080327411598
0.013872569835569157
0.01430715711507863
0.015277235075817287
0.01662336071714072
0.018111318552670418
0.019639889988765254
0.021039167566038477
-0.01001645505951926
-0.009277445779670221
-0.008643196189771463
-0.008343031137169511
-0.007889677484172169
-0.00750572094125601
-0.007333579627697363
-0.007394812658371751
-0.0075737902702957055
-0.008367574407606583
-0.010651700099247938
-0.011146132954873204
-0.011062147095723101
-0.009658809897963206
-0.008310385084572497
-0.006784118713009885
-0.005216103538029991
-0.0037626251983061618
-0.0024998768411590823
-0.0014033245090602938
-0.00041131905411515176
0.0005182666670564158
0.0013607477360871867
0.0021522584718038002
0.0028444213657274897
0.0035516532388971283
0.004251181648453192
0.004184972574526847
0.004254352279203624
0.002013992641042458
0.0012821048408578894
0.0014737696300322915
0.0025348804329374543
0.003573508423075551
0.0047467604660950775
0.006032907092185774
0.00733421477325361
0.0086632910206384
0.010036338136420202
0.01132767774395298
0.012467979498614888
0.013409154285632972
0.014200496382677116
0.014915445838480498
0.015634269993546952
0.01626882386891051
0.01646936151827006
0.016974685284757852
0.01597706219402985
0.01585177536460983
0.015425879547969054
0.01494377578364821
0.014881002531885732
0.014710110876044097
0.014385952409146249
0.01529952073743927
0.016435007310009724
0.017868860104693154
0.01946798597927532
0.021008105022564963
0.022364178812057035
-0.0077885095760668755
-0.007116650742358676
-0.006485898773964431
-0.006032411201737298
-0.0057768583127505956
-0.005446479799893243
-0.0051602806315695846
-0.00508874520454218
-0.005325586295186397
-0.006477814961974532
-0.007615312712685843
-0.009369227195382036
-0.009129172885079659
-0.00802230218305294
-0.006767417904704965
-0.005337818323331349
-0.0038643546061467252
-0.002430684375549039
-0.0011539995376072367
-0.00003274235064334833
0.0009715565467844127
0.0018952331004536056
0.002770764521989485
0.0036170132041053325
0.004398104045690429
0.005143070639656805
0.00580122792788805
0.006141731440966159
0.006420070658891438
0.005031260158341877
0.004523487908168347
0.0034620230391473783
0.004017078702266712
0.004917204003304643
0.005907357919633077
0.006956290429850713
0.008054062833574113
0.009201116491938503
0.01037923743920219
0.011550699110002772
0.012701728556792274
0.013791258459741933
0.014792417215628293
0.01572320519246596
0.016604424537552627
0.017430620931947013
0.018175464253982653
0.018358870292283353
0.0185238673706278
0.017961851440164284
0.01739128441416813
0.01741836913141882
0.017272080234936545
0.017120663133693915
0.01695739514418547
0.017034655849726247
0.017493341836327177
0.01812585321366251
0.019108146639805722
0.020228192142487614
0.021396431281425765
0.02258939120375287
0.023783280411732166
-0.005249497101105847
-0.0044676734731653
-0.0038138078437429403
-0.0034006111362303187
-0.0032222866482998144
-0.004099395043848342
-0.004061314542777746
-0.003986964368846647
-0.004043398756163852
-0.0040133036298045655
-0.004533913017956039
-0.005147440343026211
-0.004503980663965538
-0.004311412726443524
-0.0039443642890863205
-0.0034965966128038227
-0.0030275453399139667
-0.002537682362260165
-0.0020279204137050896
-0.0015385257865573776
-0.0010714969396486188
-0.0006236411277875468
-0.00020321204558412307
0.00019353026710943646
0.0005791017148589826
0.0009384093347193889
0.0012336825438714158
0.001374375215472156
0.0013833981934988245
0.001350322434497528
-0.00050396905158022
-0.000011000769107251313
-0.0004858541799440021
-0.00000608295824218044
0.000283064392680182
0.0006020348857417181
0.0009746728148482705
0.0013749833764600651
0.001783918884157788
0.0022317629554454775
0.0027083680240905725
0.003195985986069542
0.00368777200623485
0.004176144979929059
0.004656129631288161
0.005098884029552451
0.005494303770307606
0.005803488524220073
0.005903888618861087
0.005584894328760865
0.005707136663618877
0.005184384940441684
0.005247932051869725
0.00543945475004405
0.005551950113196169
0.005609136670269266
0.005691804878913506
0.0056635101362422675
0.0060642595100075065
0.0065784161164988315
0.007065686538236444
0.007573215367912327
0.008100882314680894
0.00859462098775697
0.009147905887520914
-0.004969675825346595
-0.004609359443456561
-0.004308308534084808
-0.0040361521448350375
-0.0038708257845659895
-0.0036312064264058886
-0.0035055784232072592
-0.0034400344803825803
-0.0035091776611732603
-0.003837812602539994
-0.004066581245258252
-0.004725374045915351
-0.004698018269290204
-0.00409296505832768
-0.0036720145302142756
-0.00322253182684003
-0.002735275453361542
-0.0022268587886809616
-0.0016926587176788023
-0.0011773868577601234
-0.0006959840791523831
-0.00024817826395873805
0.00016733035771758904
0.0005595445143494356
0.0009358548940997393
0.0012871189797593575
0.0015916180068401172
0.0018183922905657172
0.001970306010383857
0.0019434555415616638
0.00033531874263702325
0.0006609231824106221
-0.000371376454558693
0.0001766383585891259
0.00047621919507327443
0.0007948799356498745
0.001161817414011328
0.0015527448558824543
0.0019620038610630637
0.002401253283337192
0.0028594486000025603
0.0033449137223857213
0.0038381717492760375
0.004324137947682846
0.004804335617236699
0.005261824206322014
0.005668351092850883
0.006011141933756788
0.006271213481797776
0.006413386850053509
0.006170541244035977
0.0054320992721509425
0.005909760413431425
0.005860927020264978
0.005834234042417948
0.005875781047061297
0.0059623018236087955
0.005933469205148549
0.006173494508867518
0.006630604090073994
0.007037478003243293
0.007521503675442079
0.008031067402130292
0.008542001625492006
0.009020453218109063
0.009572111024632636
-0.004351689995670227
-0.003994196172053903
-0.003718702415317844
-0.003467189852220844
-0.00329247511806401
-0.003105331437369032
-0.0029236245051509607
-0.0027805570331066714
-0.0028296883442206194
-0.003110966088821645
-0.003844723433673167
-0.003798793144634565
-0.003914381127571456
-0.003613545519236669
-0.003145349604378929
-0.0026960816887697083
-0.0022375620990560574
-0.0017565799183780042
-0.0012548856909261983
-0.0007545682989624964
-0.0002840614089683384
0.00015714058165838165
0.0005768595949969878
0.0009733054451585728
0.0013490790955872681
0.0017049221003698374
0.0020298934511332987
0.0022998060222081786
0.002466902752173166
0.0025591514432705227
0.00145051862078037
0.0014394375474087368
0.000273079412610945
0.0006904405973443158
0.0010382676668221412
0.001275245948210745
0.0016034431747557376
0.0019662487318571472
0.0023437206116748185
0.0027364692106795385
0.003153653545092247
0.0035919160606668753
0.004043216052060861
0.004501913820899725
0.004963744353057607
0.005434592323009507
0.005890395963888373
0.006299288668326956
0.00663856974004108
0.006847726159443218
0.006647833803679517
0.006517434621214182
0.0056709179309556955
0.004084862404446662
0.004530420273661436
0.004772059007631896
0.004965457743467715
0.005135808638622468
0.005367009452550909
0.005551115858737517
0.005764071794387034
0.005868391622823599
0.005898263382359809
0.005850421660925674
0.0057273215522552256
0.0055270992851868764
0.005421258477547923
0.0052516187281037895
0.005177892458978777
0.005120583234205663
0.005184494269534685
0.005304106210864216
0.005538857122773276
0.0057753367715080856
0.0059975819941119595
0.006059040105708549
0.006056751544115374
0.005904881498908384
0.0064704366499265965
0.006429578936852169
0.006544966861271105
0.006594639122758437
0.0065317087214287455
0.006453282824119898
0.006386375068276981
0.006336982229057652
0.006289209180763895
0.006217685528310452
0.00612211598359241
0.006009987478940567
0.005880899841763294
0.005740344661248881
0.00559103312091211
0.005425104522860053
0.005230559261358161
0.004990500463246965
0.004756019314172524
0.0035403129506798286
0.003950412749729769
0.002997568631185773
0.0034487876995807384
0.003483166753777493
0.0033215372836638848
0.0032025976153200004
0.0030883846713999088
0.0029701462846133593
0.0028529334402828317
0.002747656845890753
0.0026551815516514267
0.0025714153129847246
0.0024937409282605556
0.0024188628067895227
0.0023520844681802354
0.002268265722872668
0.0021389172831512916
0.0019579443219967223
0.0016928292757396144
0.001205244743487279
0.001181693147100763
0.0013431116462731638
0.0015229718818797558
0.0019760651893496084
0.0022133252240688463
0.002403700845821578
0.0025717825131559746
0.0027767460342284335
0.002959214657032109
0.003170454161634659
0.0032748433553763893
0.0033133571401348354
0.0032765996146941036
0.003163803489765879
0.0029675320691698935
0.0028513622656713387
0.0026546882559683673
0.0025708207607831354
0.0025105074732751785
0.0025859550895713655
0.002701826618747196
0.0029526272541114166
0.0032015884011868225
0.0034054238838195
0.003475395106374421
0.003479368209098528
0.0033718556784957583
0.0039023373353089413
0.003854307253621269
0.003955339129633619
0.004005890835598814
0.0039507525667041654
0.0038800574480811556
0.003820117631188417
0.003774829702429979
0.003724843229160563
0.003647188432150525
0.003544129021780447
0.003424966019158204
0.003290114808788367
0.003144770085783236
0.0029911147523392304
0.002819748642611775
0.0026190626525851904
0.002379813280421668
0.002100483705840555
0.0009436311172146794
0.0013749099277748594
0.0004615140403417947
0.0008913007997025526
0.0009124394143312002
0.0007514632956092082
0.000633502519002274
0.0005207151336236562
0.0004041992119031099
0.0002885344105152725
0.00018403204110601138
0.00009135638482779703
0.000006040293305400848
-0.00007418877644552669
-0.00015281610762526496
-0.00022445577699292018
-0.00031212779943886666
-0.00044421034713702865
-0.0006271229835108965
-0.0008994636372597505
-0.0013658069559508205
-0.0013306953362534851
-0.0012677519956638356
-0.0010244734532265831
-0.0005777452588185177
-0.00034425421436214045
-0.00015385665202150012
0.000015869096985333217
0.00020029760165250846
0.00038836832822300926
0.0006016014662708167
0.0007038677714209974
0.0007442573690142438
0.0007100229910433908
0.0006012354621042998
0.0004107146357698762
0.0002968691311952379
0.00010714407597289157
0.000027683715577121
-0.000025698159640623085
0.00006348583149233941
0.000168317749186993
0.0004236312379619502
0.0006761875915138359
0.0008531380473606399
0.0009216136352561393
0.000921175479015438
0.0008398610294559316
0.0013444186175251395
0.001312074900341693
0.0014106895580972784
0.0014601421306721242
0.0014036653371915344
0.0013292692881614542
0.0012646487704582744
0.0012146733186977276
0.0011611935132957603
0.0010834796962997644
0.0009831205935289422
0.0008682917671855223
0.0007384128750618812
0.0005978756053405776
0.00044950892624109727
0.0002844153070278887
0.00009162365868721407
-0.0001327061792767295
-0.00045037649151480336
-0.0015513492092756743
-0.0011769269944819473
-0.002071481587842375
-0.0016442875854000936
-0.0016267032140685085
-0.0017867295787814016
-0.0019080952907812863
-0.0020256922675678866
-0.002147169782551962
-0.0022673583627769492
-0.002376071101910809
-0.0024719592076660416
-0.002558228419957512
-0.002634963104355632
-0.0027049480440830484
-0.0027648891488983337
-0.002840764340663506
-0.0029594977271003116
-0.003126069184086102
-0.003379213282299424
-0.003803165910796964
-0.003743230420812828
-0.0038276582804502852
-0.003557364293509358
-0.0031310069060593924
-0.0029006703994723347
-0.0027071823981622556
-0.0025318691831758213
-0.0023622289749008385
-0.0021612604503856384
-0.0019422950610535697
-0.0018443607036535757
-0.0018089138788433903
-0.0018492523155971827
-0.0019603752129545306
-0.002414574616958193
-0.003100870049546622
0.010833025806486485
0.010437633192977693
0.010178492054910445
0.0101081177738371
0.010285157509222894
0.010475660180451794
0.010703124821805974
0.010953487562922372
0.0111570651086938
0.011428047306359738
0.011923924421164574
0.011810579787438654
0.012209064598006634
0.012205296841234534
0.011854907786075425
0.011461480005999355
0.011051776096472374
0.010642320733629937
0.010243807857962528
0.009817429316542645
0.009350194223429458
0.008844945298819133
0.008309590597765109
0.007757856871761356
0.007206122486830443
0.006649675951805061
0.0060874634851426305
0.005545293869218928
0.005038086472656832
0.004534391287951215
0.003585039852061097
0.004120667285292812
0.0034941898836086376
0.0036157144963636575
0.0032635167104612638
0.00286224699551771
0.002456043005309634
0.002034122654272137
0.0016028055560732115
0.0011708731797335943
0.0007350498200244869
0.0003065820132745837
-0.00013702354564179727
-0.0006173780677473487
-0.0011397749801410095
-0.0017055781227115158
-0.002320348817284307
-0.002956692931669107
-0.003542267453787554
-0.003936669876970696
-0.004407148410950748
-0.0037519965919181803
-0.0028802707152664198
-0.0025011741524362772
-0.0023241904647408277
-0.0021419949216824065
-0.002014239369936636
-0.0019540499583192705
-0.001754306428929669
-0.001576254293718627
-0.0016509150779006445
-0.0018061561364924087
-0.0020709741281922573
-0.002452456897517542
-0.003000691849554015
-0.003580667344217391
0.010341493139911407
0.009858718101989154
0.009608573582767233
0.009597918985609745
0.009704360844855714
0.010084190870914734
0.01041841340708939
0.010681249128904726
0.011086903298585787
0.011434467146976202
0.011136037894483454
0.011379334162247142
0.011500551320836931
0.011251751414127192
0.011030937800482966
0.010775000734410367
0.010483964608251628
0.010180507175235625
0.00983656073409167
0.009398186295520843
0.008881011990456955
0.008311970600916367
0.007707355460798148
0.007087678439927831
0.006479740035933271
0.005851841874613014
0.005213061839272908
0.004626694501125131
0.004281610725898544
0.003719182633282094
0.003627331035406604
0.003284898355479025
0.0029424336137093762
0.002794816335082619
0.002416293133418375
0.002051604339258348
0.0016774929811132129
0.0012823688391053352
0.0008594745515341294
0.0004506553617159178
0.00003990591123953175
-0.0003984108196722183
-0.0008856848990165647
-0.00144191774844038
-0.0020562949768861707
-0.0027065340432531155
-0.003371611032273687
-0.004038955977367854
-0.004736719087180279
-0.004658421135417746
-0.004226894986990222
-0.003798348213728721
-0.0031098548594536454
-0.002763094407011201
-0.002661111151627815
-0.002509765099061279
-0.002517572602971167
-0.0024763843124997464
-0.0022410637032313006
-0.002199270171617545
-0.0023296775474474928
-0.002567540150506237
-0.00291871602781608
-0.0034428381715116774
-0.004029257626165173
0.010103799491341135
0.009637284129773062
0.009401046200325322
0.00936675580925051
0.009500543706537665
0.009949108468627652
0.010283379816026979
0.010611519359725563
0.010966707346595673
0.010930742456694498
0.011069708428952744
0.01137808907227419
0.011056529401466265
0.01108951963319292
0.010859090944605921
0.010539729917544313
0.010200608308402257
0.009848879467614955
0.009442687849591529
0.008957163127921915
0.00840246261908928
0.007818208482021964
0.007222541041158309
0.006629354303250616
0.006018227323194536
0.005414040385936742
0.004789002998799062
0.004233033716758689
0.004014048967013673
0.00301395793841233
0.003689225735246202
0.0027991624425330154
0.00278276823259048
0.0024906940544357457
0.002082327738319472
0.001676657413864978
0.0012137178667838992
0.0007496908967455851
0.0002881120741938019
-0.00017767678721619987
-0.000653793033678074
-0.001147868167667693
-0.0016639588426851026
-0.0022060831317467695
-0.002773116441625328
-0.0033762743727123274
-0.003968808915218904
-0.00439466219584902
-0.004781518392555949
-0.0049051287576840725
-0.003953823221289832
-0.0036909882163530133
-0.003397239532348286
-0.003127176610941385
-0.0029298877214790496
-0.002731843722766097
-0.0025081349949159846
-0.002457095390926194
-0.002386521204227789
-0.0025416675524439
-0.002873245252200053
-0.0033253486848715996
-0.0038914409583729044
-0.004449883080681452
0.010148341825210476
0.00981301110238488
0.0095967730191795
0.008771739947336474
0.008937477412810466
0.009348577956061149
0.009609880569487717
0.00987165097240117
0.010022018545696895
0.010422524210024861
0.011099461951329348
0.01087576797266983
0.01113181203504036
0.010698966996375618
0.010113548516476023
0.00951497874296985
0.008904547878725496
0.008273850648750603
0.0075949351834455345
0.006861832873877217
0.006073959820488514
0.005242892049522395
0.0043991738478644
0.003563669625541835
0.0027072395075647565
0.0018834329148128938
0.0010507899771012067
0.00045143406230179335
0.0004223676244109007
-0.0005667160999538913
-0.0000745719635344487
-0.0010224480727318917
-0.0012799145861836926
-0.0018652877644607035
-0.002444894108891149
-0.003044335664774493
-0.0036434680132775483
-0.004248630625417569
-0.004865404756247285
-0.005517581297146999
-0.006197913695965072
-0.006940990772502489
-0.007808468928075779
-0.008789079189313336
-0.009803286548893168
-0.010738382618032198
-0.011608675081073438
-0.011894482990427592
-0.011216388426510893
-0.010920510285070455
-0.010027504390087573
-0.009719083973350359
-0.009631951631809606
-0.009633424287508463
-0.009668942287386285
-0.009508986035779888
-0.009475384141398884
-0.009602443026515204
-0.009694802065437881
-0.009910397932168491
-0.01029816244446532
-0.010905803136167317
-0.011712913468511122
0.01830272464244142
0.017607254098512205
0.017179221502288414
0.01710110895871452
0.01778602664010518
0.018142464936324647
0.018407046112722158
0.018863704665193687
0.01937159756564261
0.01918833667353534
0.01936967357988823
0.018683438301785933
0.018316581425291002
0.018154326276550677
0.017848552484981992
0.017585711219441698
0.0172643083364647
0.016751100705167877
0.01603692029358463
0.015162223487909977
0.014206889961126465
0.01322331486123083
0.012173534044968504
0.011102098072629681
0.010129224289325082
0.009369788524773175
0.008628303182401962
0.008755100623034737
0.008305854030707872
0.008366449527333179
0.00696883396427085
0.006548963575822085
0.0059970507202470255
0.005466869568225971
0.004995996038884499
0.004539625376622682
0.0039904768348513
0.0033818695365344553
0.0027577629544750515
0.0020488722068929036
0.0011829579897047829
0.0001244442607427751
-0.0010755471906728927
-0.0022278345185917188
-0.0031447073051091125
-0.003926339903413923
-0.0033226418477733436
-0.002886521464615589
-0.001884861203745281
-0.0015372283114687346
-0.001608360316700334
-0.0015679392922417293
-0.0014484612146892881
-0.001515973398932998
-0.0016972137344086168
-0.0014697956208079826
-0.0015658108599892243
-0.0017275305408598338
-0.0020035672608950507
-0.0025653086741602125
-0.003368083530202851
0.0110932445109601
0.010436747564059943
0.009997780927809497
0.010126894317255062
0.01070144342448313
0.010938248700983215
0.01137712393169366
0.01182088455500519
0.011960270235908071
0.012134716969769747
0.0119355114779453
0.01145510945665869
0.01134197082556243
0.010956587827050798
0.010746224572441565
0.010365669188620127
0.009892706809032615
0.009242556998045716
0.008443429414812176
0.0075369892641170095
0.0065487269156126815
0.005592976561548145
0.0046434763169074115
0.0036319135457611156
0.002758956334584163
0.0021750968713341685
0.0014400022173972822
0.001718060935145554
0.0007975979660369101
0.0007891489920166593
-0.0001997012004242685
-0.0004773108213306362
-0.0011097229001047644
-0.0017294116765482301
-0.002294638786778772
-0.0029650239267126066
-0.0037259297023464915
-0.004451603959675169
-0.005223842172686278
-0.006054617687876282
-0.0069421702655806964
-0.00786948718459566
-0.008754076329384023
-0.009656713033118214
-0.010100456383577313
-0.010481729985619267
-0.010038567631811284
-0.009614137713503454
-0.009339051024391285
-0.00891130070043319
-0.008826782706795959
-0.008820244055274262
-0.008482373339103275
-0.008301651680293651
-0.008302567481004572
-0.008381177222175937
-0.008829310568825462
-0.009555432438344263
-0.01036838094557147
-0.011189822464314964
0.020771614070135898
0.020246456344819846
0.019740309307957303
0.019986517737552115
0.02000788553543598
0.0205340375739126
0.020774108190896638
0.020919235462334068
0.021493065180486867
0.02130673306897956
0.021845121528345304
0.021183680989706074
0.0209310821968944
0.020235371067365705
0.01972958350449034
0.019081032968852035
0.01833807056882359
0.017472587010493718
0.016479358453399602
0.015424006793410433
0.014381225660543919
0.013173715372142715
0.01211157575361156
0.011066892104212495
0.010162619150918767
0.009853284946683106
0.009497213500580264
0.009136512125336857
0.008849245868054172
0.007529187429364748
0.006961112780165861
0.006110290251528061
0.005534402080510892
0.004975924717355339
0.004208463321537824
0.0035429002614978714
0.0027326366127770974
0.001873667531324772
0.0009134997377431155
-0.0002903877353464567
-0.0016820839792966282
-0.0028966724628136454
-0.0039796850079299876
-0.003970616501798993
-0.003843822214122873
-0.002746022182528076
-0.0026021258959316664
-0.0022541124345535606
-0.00245599444421315
-0.002473576130735008
-0.002443312776510096
-0.0028139401920048448
-0.002602819790208181
-0.0028205378643221452
-0.0027646179982513002
-0.0029850975992395945
-0.003401669460357183
-0.00418455101005479
0.010922338305302209
0.010204608037766799
0.009804791889248803
0.010156283970177002
0.010511095551872109
0.011140993691363349
0.01129959655909223
0.01184755819944643
0.011855765670067539
0.011894258119964982
0.010838688186177593
0.010459654349314356
0.009730655678706377
0.009715908566267981
0.00949667057882957
0.00926537428396294
0.008619033253359448
0.007691714941760561
0.006647616578062773
0.0054006593039882134
0.004242092627333797
0.002894727414751
0.0016976877883638577
0.0007290520334046757
0.0001021934820691187
-0.00004295906617608349
0.0001803738839234459
-0.0008406350954244441
-0.0016383347294055158
-0.0029759175506751403
-0.0035164187295030082
-0.004243390331291815
-0.00457995958099128
-0.005280257226140867
-0.0058655801809091935
-0.006680492912066966
-0.007514369664873189
-0.008457273623830894
-0.009654005260260154
-0.010974042950833445
-0.012336170573843331
-0.013220647017277235
-0.013767697805112371
-0.013135448911472603
-0.012849401701833305
-0.012178034107039194
-0.012351632024986419
-0.012183600462211086
-0.012347627008976734
-0.012375520513959964
-0.012348245725500012
-0.01239540023393767
-0.012368444395742445
-0.012492184312838415
-0.012710462529261876
-0.013214865836308813
-0.013935284966689184
0.01954456837870547
0.018914242373907323
0.01883263934410168
0.018774544535601408
0.019463805222473783
0.01951908826706346
0.019990211056404663
0.019951740926218986
0.02034621635247483
0.020040779643676506
0.019859242766553112
0.019803374901914025
0.019211070147435106
0.01877110281707571
0.01804589845290377
0.017177197637767996
0.01613797225792455
0.01509193997880272
0.013937940791925223
0.012917624290129756
0.011794531987161776
0.010832235510711583
0.009833515416185653
0.008938335064819681
0.008574486121615429
0.007884430807149427
0.0075036261093755
0.007121947948883081
0.006026273227407355
0.005271159472103162
0.00433802194916566
0.003521673406308614
0.0027814797474436347
0.0018765584356348274
0.001054288639007309
0.00012301941941451818
-0.0008425439195862498
-0.002031526282073527
-0.003382959525170406
-0.004656026468971727
-0.005152569274610719
-0.005350333514329433
-0.004845303327773573
-0.0042226614816243445
-0.004322554214778875
-0.004189658610352397
-0.004567527652162088
-0.00448988062547516
-0.004994082126106401
-0.004876030180663423
-0.005197061050796693
-0.005103727744657929
-0.005032899558510273
-0.00512143118923163
-0.005647329617275595
0.010431667168238264
0.009634211009897658
0.00965622240770749
0.009766020407327892
0.01045699749642111
0.01093286713262185
0.011244056227752805
0.011642142945036306
0.011365761970810248
0.0107871628809842
0.009151188594213664
0.0078161361037004
0.007631564993115464
0.007799953635382916
0.008219944715218468
0.008133014169417474
0.007217898090775651
0.006163370324467375
0.004699157752855878
0.0033447519731178202
0.0014876156405321968
0.00003951114205372686
-0.0007272856111199249
-0.0009562905644502742
-0.000354026644058487
-0.00036144047424240396
-0.0019989813432966077
-0.003937249247833256
-0.005630891168415955
-0.0067413582166305185
-0.00662210846327929
-0.00679026811708048
-0.006957184501086386
-0.00737935560118543
-0.008060760610288898
-0.008904772338767387
-0.010402006372155296
-0.012375896628932464
-0.014419974794291029
-0.015333969159879036
-0.014762541587943635
-0.01376604249688969
-0.012856036113439504
-0.012770575815800942
-0.013343134620181153
-0.013643726750553802
-0.01439745241486421
-0.014620310874257537
-0.01529175659667432
-0.015422187284027241
-0.014813906675752735
-0.014353481951560804
-0.013790171795951609
-0.014190561959932544
0.02066539687906909
0.01971835687258012
0.019762625279811877
0.02051680435717302
0.020993622413521082
0.02158878845076203
0.022154346135176937
0.022114601011602942
0.02159667772711825
0.02008281303828623
0.017921602118691007
0.016835259241097553
0.017166646362415546
0.018258197082426767
0.018587649951666153
0.01801404956216991
0.01701862673298905
0.015456300686043187
0.013926647269008868
0.01226327882690513
0.010365990022829001
0.00935005660139755
0.009433235869788437
0.009900419975942851
0.009742066741458767
0.008203385521250307
0.006160911921580394
0.00448430165603857
0.0034537207247800133
0.003349236784269519
0.0035643286117180836
0.0029738055784435634
0.002370722132588925
0.0016794545347539715
0.0004163183517447808
-0.0011387960142503041
-0.002915930192770425
-0.004398926336064946
-0.0047297121996530585
-0.003991231673789061
-0.0030719795484457028
-0.0030840761462810405
-0.0034505220819338336
-0.003712539112296794
-0.004288113775995165
-0.0046001934231424
-0.00459148558999292
-0.004859345628814162
-0.004730832149429767
-0.00427234531548219
-0.0041005552980609835
-0.0045569634515319575
0.013135653563395626
0.012519075963430368
0.012526581086765591
0.013095980860693216
0.013476206681361578
0.013610423383603186
0.013806186814988509
0.013848368739534786
0.013307429972127494
0.012483503267474813
0.011825434374270161
0.011579037330989729
0.011412544116375998
0.010922799674564122
0.01017072524999163
0.009282555116900158
0.008070381316208401
0.006707417763777896
0.005629205510866137
0.004682866990561993
0.003636263137705088
0.002912966449267522
0.00226546865800112
0.001760627965080259
0.001151091475332753
0.0003366694454139363
-0.0005842384822469009
-0.0014925399167750107
-0.002268609094070973
-0.0032401830355577306
-0.004124401207897091
-0.004818531289668693
-0.005589503526521583
-0.006650382595483274
-0.007642120575625652
-0.008667423011457509
-0.009635878407159586
-0.010181604018343794
-0.010152005957903162
-0.00988980764397051
-0.009773404981945866
-0.010098835844700694
-0.010504780228570218
-0.010706985240356978
-0.010981949543341933
-0.011420256858093511
-0.01166838639594446
-0.011550380184248992
-0.01128366275604188
-0.011028982079781894
-0.010974930234132893
0.007266149305332203
0.0066975645559723485
0.006700418330550435
0.007172366946435226
0.007782998211288106
0.00809310724659758
0.008214452862008038
0.008097758648943876
0.007330808253199173
0.0057908818005963925
0.004084415638232605
0.0030173976899392427
0.003136075615009177
0.004068337346025669
0.00445866979530908
0.0038428146935846324
0.0024624771657459385
0.000992796981010095
-0.0005844640284029991
-0.002128918265428172
-0.0031615931393308423
-0.003223264351862206
-0.0027824809936434734
-0.002820974340860554
-0.004159356018715636
-0.006330277419301562
-0.008604196915486004
-0.010063088667734126
-0.010311558054335035
-0.009829354903805125
-0.009629169528895873
-0.010119667262963284
-0.010829878422651392
-0.011861265561684998
-0.013711629397242077
-0.015543601043358599
-0.016205395312731748
-0.015665309387883613
-0.014685519962057952
-0.014268170190283884
-0.014639615555194186
-0.015424879056179147
-0.01632347784485236
-0.017044172526439423
-0.017590299021948873
-0.01781599676731422
-0.01788053015212908
-0.017252350068280197
-0.016114087081472994
-0.015498434034454356
0.023179316379105724
0.02258919918551855
0.02274208138889785
0.02334118664708611
0.023960530365572205
0.024430196113701542
0.02460841776293142
0.024122686810687192
0.022446012530401863
0.020154136007544447
0.018322955062362065
0.017955640086558318
0.019268467903165457
0.020545350844525898
0.020174202624807056
0.0189440914556019
0.01739184736544784
0.01556927129738725
0.013643918399129895
0.012551514497270138
0.01260851388443964
0.013162193518601203
0.013148660125657323
0.011675533310993611
0.009304350646910375
0.007050280854525695
0.005757440350352285
0.005635106719371161
0.0059089618564326304
0.005717697405553749
0.0052306744186110124
0.004488922633673097
0.0031558000782935963
0.0012572329516240999
0.00008645179495598058
0.00017703679647948663
0.0008959489202728539
0.0013342058551979777
0.000994889332292199
0.00020470900635662009
-0.0005851364578595598
-0.0011944441931212872
-0.0016380596794437876
-0.0019079326536624813
-0.0018382241254679425
-0.0012732532114976857
-0.00042583746591685163
0.00005888650128561741
0.02014002657161389
0.019893280507111404
0.020038008679115597
0.02041044132238643
0.020735164506262525
0.020852385630167627
0.020659714618257538
0.02000551021154742
0.018823254916055257
0.017647153495641568
0.016910407704916603
0.01671435688007617
0.016757661651860347
0.016507442077499036
0.015623307310958609
0.01444681509217805
0.013195606005244347
0.011967039661692377
0.011188784083858018
0.010734966579787113
0.01025921733374859
0.009530271689721941
0.008677144431262936
0.007874222750385818
0.007029200062111874
0.006107858546020028
0.005111863845894127
0.00432882577783289
0.0037426671967467494
0.0030970609389281943
0.0024236908483668386
0.0016669000350311484
0.0008289918834111297
0.00037165276104765636
0.00028720447536666275
0.00026169761828186226
0.00007344303451620671
-0.00036081230964053333
-0.0008989749028985991
-0.0014031818171833521
-0.0017749739053853973
-0.0019915841518677703
-0.002221669827992708
-0.002460001400796026
-0.002448142332976933
-0.001960580822915614
-0.0012247984068386778
0.019899742828067866
0.01980581584661774
0.019925883833264466
0.02016395624546647
0.020348935288190945
0.020419991958292746
0.0201833375706813
0.019363777288294366
0.017996413976319424
0.01662890080521921
0.015512615189244358
0.015044791781234372
0.015573420383751762
0.016097671815223268
0.015594224379604912
0.01457121105429331
0.013242011776249004
0.01177360442786647
0.01105430060711637
0.011035984968579661
0.011199346891124456
0.010929667924256307
0.009722791271962574
0.007939096238945025
0.0060884208953493005
0.004686736245596176
0.004202580151905156
0.004495826367580684
0.004476796151229573
0.004184594038394015
0.0036629246760878508
0.0022704429033667275
0.000871310022584076
0.0007331813052098812
0.001203169892667692
0.0015736766780377607
0.0014034168830359193
0.0006379851256562773
-0.00033293319721830304
-0.0011661358749534391
-0.0017464519973172075
-0.002176642739339831
-0.002486160439276806
-0.0023275251028780164
-0.00138996976325206
-0.00009593313844114645
0.021679658010575864
0.021535201087196216
0.02175133321248236
0.02209996076612329
0.02242587242476472
0.022564346144710198
0.02220110958006067
0.0209732493213075
0.019161754587828223
0.017507708188200015
0.016411030346807416
0.01638975321029265
0.01780621154155285
0.018018106205235654
0.017268963842405092
0.016066986825195778
0.014566771203172407
0.013356091616826368
0.012951688355144224
0.013123519217591648
0.013150905726023926
0.012362762595251727
0.010693635449074423
0.008763711380811477
0.007061429571451811
0.006029101085223567
0.006070785695196172
0.006231001148895527
0.005966446850844295
0.0055150261674409805
0.004652125642240163
0.0032478476228100252
0.0030603362465335482
0.0034408068244373047
0.00366288885419436
0.00333818476650254
0.002525824440469605
0.0016009455889393063
0.0008707737508859493
0.00043541838710463705
0.00014434645348563246
-0.00003569533937042291
0.0000476537348021542
0.00048747320778569684
0.001265738878161563
0.002349001431912614
0.0023738596021250597
0.0025370369487205586
0.002725080447049829
0.0028379227196731957
0.0027123287660036125
0.002165430136171013
0.0011059126759763987
-0.00008974322869885884
-0.0009808154346380485
-0.001521038102834529
-0.0015704639719899972
-0.0014895343853207408
-0.0020209110878081017
-0.002767730317618723
-0.003674753272805322
-0.0045915554269160925
-0.004950369544123867
-0.005209786828713921
-0.005719433382960508
-0.006508588790227525
-0.007440372863789088
-0.008279172904013418
-0.009059072057529538
-0.009872921814082078
-0.010865057610798746
-0.01159704024053096
-0.011967876435219153
-0.01245621427507112
-0.01290632180074874
-0.013166305832724743
-0.013523220704638803
-0.01325411948258049
-0.01320336471477018
-0.013533540385971151
-0.014210034291010837
-0.014962843630156318
-0.015649359751266453
-0.01614920265779294
-0.016462305986832043
-0.016672126346942477
-0.016864452152058534
-0.01704713583430681
-0.01704326710466592
-0.016595897101327667
0.006779394109657711
0.0067678489722694515
0.00679888270454836
0.006850681551272846
0.00688597389654521
0.0066890332942685675
0.006045725420163265
0.00492367558472964
0.0037973852234759855
0.0028429686595290173
0.001978476498287098
0.0015377317451050164
0.002394532816733878
0.0023146320785349295
0.001646422960328771
0.000829813727068147
0.00005019623091481902
-0.00038304268039520756
-0.0005493942194843592
-0.0007345155291931379
-0.001380425809335839
-0.002505023418806468
-0.0037354280316790264
-0.0049875304205397675
-0.006105381204645668
-0.006930828383045745
-0.00686845182778653
-0.007158184741721839
-0.007557348884811919
-0.007799817927862368
-0.008463169932294273
-0.008409170223610278
-0.008070894245944179
-0.008106204185081142
-0.008583610729445199
-0.009394199112756334
-0.010334912446353192
-0.011146115744386736
-0.011673476781682224
-0.011956978842878215
-0.012219119410638317
-0.012315315118365549
-0.012024605649478139
-0.011430442177844684
0.01271016996500164
0.012716293846845582
0.012814115728809259
0.012952402442718917
0.013023698913453334
0.012722689185462108
0.011886479341750772
0.01052127566345605
0.00930314408538893
0.008372621114625535
0.007596895351813351
0.007116798042405019
0.008257080890658953
0.008147691698253265
0.007305173661283653
0.006555423645863896
0.005755144619395152
0.005470984897021847
0.005421078719212419
0.005022358135531639
0.004085831465116606
0.002771541799714512
0.0015307614630836774
0.00034709684029008683
-0.000755239910393508
-0.0010091652627255811
-0.000899619299568447
-0.0015032041993681198
-0.0022045037036849025
-0.0024104023073536827
-0.0023303280777137495
-0.0018274353347925577
-0.0019116399792640563
-0.0025202527228326667
-0.0034975770401968523
-0.004452853902202918
-0.005191575861986995
-0.005632753538840824
-0.0059005194469794065
-0.006106371219206031
-0.0062692433725729975
-0.006072535488521765
-0.005716395582399407
0.019533461797920662
0.01963895560539637
0.019719260418505292
0.019792763769367044
0.01959748112275613
0.019039335682203545
0.018044715684096692
0.016925321149769672
0.016138545332053878
0.015271325229238672
0.01459305800356943
0.013659292406607439
0.014038027021364271
0.013875495424657137
0.01337877879746214
0.013132253279151749
0.01280887288484702
0.012781148831910465
0.012270676775477172
0.011299636266334461
0.010242175750351702
0.009446221734116734
0.008642168178899283
0.007823910730657331
0.0067679160470274545
0.006559433035097094
0.006587820653394152
0.005896763951456839
0.005768862988884061
0.006110038821241667
0.006831014280513326
0.006676751665957648
0.006040487019550145
0.005093340720109774
0.004200127663992404
0.003426498175048926
0.0028696987308469897
0.0026057487388780557
0.0023669137437483632
0.0019868406591790964
0.0016460881769739743
0.0021350802078353125
0.004069900207267071
0.004047598443672065
0.004005324378210629
0.0039639245213334735
0.003734321495368081
0.0032161176481812328
0.0022424453406741534
0.0011119776574062203
0.0002268466226717078
-0.0005749207329169509
-0.0012763304323624091
-0.0019760154985734414
-0.0011474663721667375
-0.0011269365472242365
-0.0016949715835505013
-0.0021322253857753532
-0.0025347994133387446
-0.002455433247997835
-0.0028115301825910794
-0.0037191330142813555
-0.004861289195783292
-0.005802220680656441
-0.006755001420653909
-0.007736330021068659
-0.00868790732060871
-0.008813822174249105
-0.008682491530174948
-0.009130589513610643
-0.009336993014446146
-0.00903217773306535
-0.008282194437792968
-0.008367837697500718
-0.008952425632022254
-0.00989493235374045
-0.010851456712375555
-0.011717091842822214
-0.012328402738128316
-0.012619913160730188
-0.012876199501579045
-0.013220118599820712
-0.013593591046127215
-0.013075593776644003
0.012608690069110577
0.01262973391761911
0.01264623255378438
0.012557591382738662
0.012287072556084383
0.011658775837154661
0.010550080981801513
0.009353970777492069
0.008453359905751212
0.007622179825265728
0.006765001370307541
0.006595409404445075
0.007338759869258235
0.007103843414140295
0.0066569647728860724
0.00597296690418254
0.0061170196500138965
0.005978671810203003
0.0052975210709775645
0.004160619891504088
0.003110774992912614
0.002122477047621983
0.0011345745283311394
0.00014501056074370732
-0.00011107611915316199
-0.00048066514451537126
-0.0005474742763641852
-0.0012590555516983951
-0.0008427165971757972
0.00019964335257324935
0.0002391756556445223
-0.0003352087256692651
-0.0014022945937002718
-0.0024356170243807498
-0.003301150016158807
-0.003889798641674909
-0.004291504219495299
-0.00453987018378203
-0.004713036295865313
-0.004985911026004959
-0.004885004402587342
-0.00246058455072976
-0.002408743836493855
-0.0024316479398776925
-0.0025752015627291745
-0.002941883171927026
-0.003673376824147328
-0.004719189737553697
-0.005732971120611173
-0.00646003572036568
-0.00750759667731595
-0.008445353139222012
-0.008942745016539164
-0.008572788372798734
-0.008553089334771148
-0.008663498816018486
-0.00900834590543262
-0.008678117261662996
-0.008989990432093135
-0.009836355556785479
-0.010963036132956865
-0.011790565253136702
-0.012567349785790457
-0.013378338648776016
-0.014266268366690668
-0.014442952729350117
-0.01487142942595505
-0.014822143806123827
-0.01536338189943097
-0.014609775764570133
-0.013508420938090087
-0.013615476582465803
-0.014280896046232321
-0.015329996849227383
-0.01624935377988468
-0.017033895242521576
-0.017631541082621986
-0.01811691337292097
-0.018467798399681285
-0.01875713293852306
-0.019175865068715714
-0.019433337716838226
0.006697216352650943
0.0066358915981656556
0.006469475048856094
0.006107463525080213
0.005646768084125061
0.004844391477903778
0.0037580408469620346
0.0028781074686507575
0.0021384992178834295
0.0014593854216490678
0.00016694012240783652
0.00007039112691375373
0.0007440738189500437
0.0005392295170906813
0.00035848090202765276
0.00023353032976145157
0.0004482417671542873
-0.00010978320343374098
-0.001166867187445539
-0.0024228918474610414
-0.0031814865823920017
-0.003943378032627793
-0.004874338711542446
-0.005878894778759593
-0.005637401812468594
-0.005988561972111075
-0.0062563971622678505
-0.006000713230390393
-0.0046343870696347695
-0.004439776746992415
-0.004983246330523859
-0.005985806928718307
-0.007077321381893261
-0.007952136008625725
-0.008638237466821724
-0.009066031411697973
-0.009503081315456904
-0.0099630668369044
-0.010261719878132566
-0.010950198212398059
0.016511491659183072
0.016508980749037908
0.016264057828616226
0.0159058188417327
0.015368219385775966
0.01445225333720441
0.013359188927138192
0.012442957277858869
0.01165172343740404
0.010898310714392484
0.009540592803111212
0.009805506601203618
0.010365026545090559
0.010168333617906445
0.009768338505191066
0.010189563504981392
0.00996248827416224
0.009091719682652974
0.0076948026742559026
0.006851816246244162
0.006034622405849758
0.005176681038333444
0.0042788822931766335
0.0037000740386988096
0.0037773897859826448
0.003427563346712217
0.003097526969085306
0.00455018288995161
0.005243592447938293
0.004806194909423904
0.0037993292599752485
0.0025852636268148686
0.001674830719769319
0.0009649488923131202
0.00041652332599232333
0.0003211297120030889
0.0003971557901668979
-0.00019559449893102223
-0.0011310551612085742
0.0011345623453413918
0.0009748995730260282
0.0005646130490583698
0.00005253943552065726
-0.0005855077203233056
-0.001470602920108268
-0.002400665886840553
-0.003220934636664814
-0.00402150845442118
-0.004841840372097273
-0.006341677753866332
-0.006174310398361229
-0.005525512116689756
-0.005523906634257627
-0.005730460364930686
-0.005212670149857529
-0.005474244500168887
-0.006397271540993101
-0.00775487580095383
-0.008516115870943964
-0.009305729774593017
-0.010148004312349353
-0.010972933823882052
-0.01146499367194187
-0.011196750623793432
-0.011370195944397234
-0.011453470382357242
-0.009933158970657267
-0.009364922257939891
-0.009874865081418828
-0.010855047006970512
-0.011958041647958433
-0.012812305707380442
-0.013556385249880225
-0.01420092540728854
-0.014601662805086828
-0.015139779806121106
-0.015742963690226763
-0.016668236063764198
0.010890455712936994
0.010766661014818824
0.010257023018557439
0.009746259198979455
0.009036980302716954
0.008070414873797298
0.00706185948813707
0.006268705842635933
0.005429883076893241
0.004395094530389247
0.002955431237614645
0.0035130419643735655
0.004073157767301863
0.004016547872462906
0.0040707602730319205
0.004359396675569701
0.0038023511441725344
0.002642661218376379
0.0013704257189144167
0.0005677878190951015
-0.00023501715519693448
-0.0012610515835671063
-0.001812136790189525
-0.0018997656600869435
-0.0019174584686714963
-0.0021916727284289257
-0.0010160538003533134
0.00017186132160827133
-0.00019887988265034643
-0.0011456446213565653
-0.0023091892113082345
-0.0032503042278464126
-0.004057044390961779
-0.0047121563391834455
-0.005288536360996327
-0.00571118062782976
-0.006432535775461747
-0.007378079856309188
0.021167492820197597
0.021028470900178876
0.020488876803187613
0.019942161818104095
0.019165499806873574
0.01812923226922434
0.017130850901181546
0.016268954077844344
0.01542275527905456
0.014158472895734724
0.0130177694203733
0.013974566490113409
0.014236279527260148
0.013973355887388806
0.014353929028742616
0.014351907764288439
0.01344484697890388
0.011896917251259551
0.0110175101041657
0.01017661788417501
0.009291158075343007
0.008130929156010774
0.008079371263316057
0.008058955844935557
0.00837765603720652
0.009355608965050223
0.010934863549850116
0.010794313341551806
0.009928772601620485
0.008813077312008755
0.007875795903499313
0.006999171646554013
0.0061613014169472355
0.005491732653183172
0.004770096071850331
0.004064371283337926
0.00276865014380502
0.004550670634439545
0.004211161491998248
0.0034910316201892206
0.0027807337290302503
0.0019724483440480833
0.0010537911575062172
0.00019246441071397264
-0.0006744430508254566
-0.001629067583540285
-0.003032162378628225
-0.004204026575360185
-0.003184744490655755
-0.0027847427169852557
-0.0029166832398653674
-0.002490906377216835
-0.002492897230557188
-0.0033733372352441203
-0.004779984868667355
-0.005587635625974765
-0.006475756515291002
-0.007408358471510243
-0.008451800379748268
-0.008295779923694574
-0.008053050801943719
-0.008070895393771598
-0.007369113355122718
-0.005939192453516588
-0.006059719513989164
-0.006876519214717566
-0.007916656826804189
-0.00880443733236885
-0.009688293423237357
-0.010528908391662225
-0.011204390911555855
-0.011910452768956747
-0.012624108300268068
-0.013797056375517848
0.014469906998345017
0.014075514877239039
0.013349914361142601
0.012589441176410051
0.011766689848910983
0.010821264645252028
0.009930393020545344
0.00897477020916376
0.007901173112174949
0.006370572156500922
0.005809824054390658
0.006742914888065247
0.006965323938768246
0.006958123038876355
0.007348500698549447
0.006920797274386345
0.005780650407214198
0.004612155696048944
0.0037006755915424583
0.0027029212771160476
0.0016942643960786838
0.0011647175144985367
0.001575535641134943
0.0016726969268284501
0.0019433303648890418
0.0034061286469670143
0.0037445675145678253
0.0030463623015588646
0.0019674536951108327
0.001037822103666979
0.00010537121818682597
-0.0007973268417984905
-0.001533627292234137
-0.002247848517324696
-0.003003160323675692
-0.004404457708766322
-0.0026711123339596228
-0.003066602286263771
-0.003786411371554861
-0.0045442809048846
-0.005361948938532459
-0.006300530877076872
-0.007194145137066653
-0.008151750403825384
-0.00921988066665563
-0.010720221841122769
-0.0112412132388794
-0.010367403813851817
-0.010148631427392254
-0.010141212391615518
-0.009761342746551853
-0.01019023639855281
-0.011320344585115627
-0.012506355256088146
-0.01341351225172946
-0.01439701193287999
-0.015382462329863504
-0.015899529478598483
-0.015526153512210152
-0.015426015800197507
-0.015103908548209186
-0.013647400152901465
-0.013325730935744426
-0.014031931917789965
-0.01512965812036523
-0.016084519952881272
-0.01701658963371041
-0.01790238431936003
-0.0186332133032557
-0.019353529703407174
-0.02010484189528555
-0.02144144246981959
0.007498963613597475
0.007064540968973791
0.00631152538579796
0.0055055267256204025
0.004592787537522118
0.003580454792498845
0.0026309659008586766
0.0016237093894001062
0.0004462235596624737
-0.0013870593417549552
-0.0010042747823813634
-0.00038305870289454794
-0.0001760604828286471
-0.000017204162152085297
0.000266671176838037
-0.0006017953848784589
-0.002199804475757203
-0.0032415901777575504
-0.004232807808248653
-0.005339918517455352
-0.006112927179534893
-0.0057356013830639485
-0.005223810731282223
-0.004672960419497045
-0.003294110055331116
-0.0027070622866245462
-0.003339395826618293
-0.004321093305923222
-0.005210397187218835
-0.006224156983121208
-0.007316239871753364
-0.008281521070120399
-0.009149391112604356
-0.010162825775731778
-0.011413444580474054
0.01754585271725173
0.016833767889159697
0.015828819416527688
0.014899425502991417
0.014079572299114645
0.0131258926797882
0.012021315421083827
0.010653636772972432
0.008971494188607784
0.007710932100642246
0.008659730374702135
0.009163620737991504
0.008985401429853162
0.009158759215198676
0.0091332194940653
0.008415429131648696
0.007354631604419684
0.00611802434502458
0.004710371610398751
0.003509669415958845
0.003744198983171086
0.004579925317952469
0.005215771548927932
0.005627615565109058
0.00647483771857582
0.006233801225063842
0.005622537925662245
0.004985289086597794
0.003916826380824441
0.002626517587651187
0.001564710567602937
0.0006009328764614836
-0.0003728802713443329
-0.0014582750149342882
-0.001242389692149619
-0.0019538109360135642
-0.002917920896890436
-0.003739195256468662
-0.004368197882178309
-0.005284125179628598
-0.0065292954997340485
-0.008015565375339788
-0.009740088878446834
-0.010661884128784443
-0.009668417431790045
-0.00934376801823795
-0.009744117386239872
-0.00976418187121614
-0.009657002245097579
-0.010110904136947929
-0.011010503164495386
-0.012335271963916991
-0.013827816214904403
-0.014999636903493034
-0.014632928448309617
-0.013758560988331267
-0.01312476871779936
-0.012869799890825954
-0.012172351763653498
-0.01233861430421825
-0.012842643682949425
-0.013406165719494129
-0.014485755839138855
-0.015784897957709227
-0.01683803547792687
-0.017787463978340867
-0.018755411288073898
-0.01970598583014375
0.009182274748691996
0.008441735928528782
0.007439831240699898
0.006603271425769238
0.005901386241830498
0.00486275939980342
0.0035095833903609256
0.0019249773624640432
0.00011595537002365642
-0.00030737427542736143
0.0006383917515674875
0.0009354733985433522
0.0006074554584190366
0.0008117593260751277
0.0005691512577195219
-0.0002584361456044753
-0.0014057525813342539
-0.002827957327821935
-0.00416749958813885
-0.004615642268043948
-0.0038131173519043975
-0.0031568826665947904
-0.0027384422690695746
-0.001863780689208528
-0.0016615246221101565
-0.0023024962805984206
-0.0030974553269682305
-0.004151070528873378
-0.00540621590332377
-0.006511670681187115
-0.007472057104438368
-0.008444403711696687
-0.009667637808186951
0.020716384390114542
0.019925151959645077
0.018882877721953743
0.017846356460803965
0.01681232733320796
0.015672723109758417
0.014414865039508009
0.012924125814065969
0.011301397884200095
0.011086919205542094
0.011895147746740987
0.012066224236114436
0.01249279814162801
0.012562168383064466
0.011253224715007342
0.009858583373319267
0.008673417145088624
0.0073911824938911325
0.006430238832671529
0.006988530602187932
0.00800229680517742
0.008758242700704844
0.009856211830563955
0.010140342097634682
0.009566615861068092
0.008855179714569629
0.007847422708359697
0.006428325201710647
0.005073360362723695
0.0039010169968373793
0.002777035692161367
0.001565899875588691
0.0010938239673855478
0.000013725414489603149
-0.0011052775205572893
-0.001987052095843515
-0.002701340497012663
-0.003917175872238845
-0.005730142068438418
-0.007779187220964626
-0.009092200663303053
-0.008336106728535287
-0.007540584615753027
-0.007931271133856452
-0.008750179318698956
-0.008608492517197922
-0.008173140031315019
-0.008733326375638426
-0.010540171653261762
-0.012520167034022086
-0.013306400679188377
-0.012027535062448996
-0.010561500418121591
-0.00983495022100489
-0.01026304282060464
-0.010498916286901869
-0.010196478771153176
-0.009923487365126276
-0.010778647579955522
-0.012508553054282398
-0.014022418345106077
-0.015241048161043115
-0.016294374693904202
-0.016947298761340174
0.01239354206420423
0.011227253199248423
0.010224587641436345
0.009674244266856943
0.009179744162323438
0.007558942479560727
0.005182281548127766
0.0028440454679792672
0.002405399190915549
0.003983989813342287
0.0040699333257916605
0.002872817323399325
0.0019115992863539036
0.0028116373375155555
0.0035322204158542408
0.0022778131256645517
-0.00010696567168530676
-0.0017885603322431393
-0.0010080185712522704
0.0007951203301195645
0.0019133166222445547
0.00151155537196863
0.0009243132860722705
0.0012990338205450878
0.0018471211075631125
0.001286930230523182
-0.00048577541584189887
-0.0021586517714593323
-0.003429171029357071
-0.00452657348801047
-0.005170256210293597
0.025413370995481015
0.02426302857202222
0.023233000959478365
0.022617580142641543
0.02183773106669856
0.019985377975497282
0.017654465520360284
0.015627693688952442
0.015701180587837323
0.01689332785682373
0.01670728502638627
0.015616985336502744
0.01563993348193551
0.016310002614063637
0.015896697764174426
0.014061036727292791
0.012202647762087316
0.011801123169060906
0.013061827310993073
0.014319313427287119
0.014865981772316565
0.0149405765068975
0.01504959554877123
0.014916518501102132
0.014147513495218053
0.012635401199659987
0.011121946571865545
0.00990659384164682
0.008722856144776374
0.007799362999262185
0.006974120387561308
0.005943885280004289
0.004728053169446871
0.0034616424749348822
0.0021484506010801606
0.0007512256219341862
-0.0007378412753882421
-0.002679247004917702
-0.0037566244562883327
-0.0027882572314748195
-0.0022683458307292906
-0.0024008723838616695
-0.002669412022039767
-0.0027576718234189187
-0.0031724179304923163
-0.004790883535760345
-0.006503194815894485
-0.006470982456890275
-0.004989541041134131
-0.0034239997976738463
-0.002809791936788228
-0.0038054715485709677
-0.00438521207434441
-0.003343700851393846
-0.003174131113353903
-0.004772912611915722
-0.00666607377857143
-0.008256230683218391
-0.009185406801433668
-0.009006943475714676
0.020899267947550135
0.019284387212441
0.018691602599272043
0.01870595266625755
0.01835095774825634
0.01514940108686707
0.011214200815647194
0.010821895142307247
0.013526582235952893
0.014030955724556853
0.012189475290859479
0.008669835898509434
0.009126626176720755
0.013203854587343567
0.012641439758995558
0.008287468476799306
0.007172750823874539
0.010240985723821606
0.013104486001778257
0.014034597715178518
0.010062486863607334
0.007390123233588949
0.010841440422550223
0.013995182963660703
0.012276694122861592
0.009394094043681163
0.007206548354801069
0.006200877284392513
0.007721442973020432
0.002547800762935011
0.0007294137821707487
0.0009257059847608338
0.002022357245702191
0.002258930825266292
-0.0021439726318197307
-0.007370161450032925
-0.006827787528870156
-0.002446371142514173
-0.002260739579449813
-0.0052871579424856215
-0.01061891636982347
-0.009747523719413898
-0.0034398031450806853
-0.003702889092690845
-0.009162300088960356
-0.010221300542836658
-0.006167567899904939
-0.002837283878257317
-0.002024264470969614
-0.0076658896785553364
-0.011045420119626228
-0.006318435580507375
-0.0020948276996314167
-0.003914631450564182
-0.00709645801553912
-0.009421217606829431
-0.010315082972913626
-0.008253742022994741
0.019799363691744613
0.017977333205628023
0.01857710275284203
0.020070552427554653
0.01979666118495355
0.01412341100220714
0.009272760722605534
0.011992742434308524
0.016115113637680843
0.014795601879736373
0.01018277917565235
0.0058099426099256545
0.01053362872341923
0.015500931912686389
0.011423960948298496
0.007370866639085176
0.009992334411117106
0.014133101072356526
0.016190083920309503
0.012811864245562033
0.007216163823142228
0.010253783158687347
0.015475372322639147
0.014551591799249702
0.011383822841138792
0.00894231886153507
0.007987536795541825
0.009606708816364991
0.0043693636684820755
0.0027542230187434153
0.003059371824909941
0.003946495604195688
0.0033105091737655645
-0.0015124741352468322
-0.005426607861376635
-0.003302647375667087
-0.00021416714181168042
-0.001242572097725557
-0.004584330346768854
-0.007640552355906372
-0.004234766958699346
-0.0008878383244943695
-0.003830788329049026
-0.006531407008715109
-0.004611577019824032
-0.0016909349145138861
-0.0001457395085376639
-0.002000020425061846
-0.005174466727015152
-0.0033440108489505554
-0.0006430846179161133
-0.0016981567004878569
-0.003982820164509434
-0.005740676388294876
-0.006591557067382328
-0.006103377273810834
0.030471441015701296
0.027080745856211345
0.022337774642662647
0.03842835195852391
0.035478516860818585
0.02214372733364621
0.023402065170231936
0.024889218936066822
0.009659493558824136
0.010074342650916576
0.005331839697530711
0.002747878821680953
0.00019631098361143104
-0.0035878014711387958
-0.00417202835282009
-0.004628901503612758
-0.004949548575282755
-0.012618377346853461
-0.004301100171836368
-0.011977967113443356
-0.005201166893120015
-0.014813984036369503
-0.0066053066709835925
-0.015234717544084361
-0.005217516497384902
-0.011398434303923751
-0.016000552450140374
-0.00019278898357292173
-0.0010529986861856255
0.00035228979165834905
0.002192052256609214
-0.015407405817506683
-0.01015810284284631
-0.004445166073314394
0.0032770056122368783
-0.011751972783559791
-0.003566520692051022
-0.018216389885336907
-0.009280605573295013
0.0002598529425226595
-0.015241631844351664
-0.0060620065375587085
0.0035636138281223725
-0.013116045838236091
-0.0036202178042427087
-0.020656545969894236
-0.011094670188047596
-0.0012300545673783337
-0.019556472410612737
-0.009309261627026244
0.0016531603095822649
-0.017041655808279405
-0.005360820596431334
0.007478992935493445
-0.009604569744769321
0.006853365043548458
-0.009224039950030698
0.008821331648154886
