0.060000433064206056
0.03500770538643131
0.03800821784067948
0.02816061531514789
0.02007558781782704
0.01688883093935984
0.019456829861684895
0.02974784331578755
0.038246499988764976
0.030093233132350163
0.010007893496321814
0.0070697387796224975
0.00822501022448378
0.0014345151772575636
0.011591065755153222
0.021009122141633564
0.02913765845156527
0.028759737109837945
0.021730307344053398
0.013540047818965176
0.009858063276425246
0.016501882504731967
0.022246686070714488
0.01510284872703661
0.0007229495964148555
0.01717952722794416
0.025402748386992236
0.024366479365580115
0.018618261468405367
0.00806230053766105
0.008288479223017056
0.022014955034513888
0.026341972458173733
0.023455980970230418
0.01873842416335486
0.017735435401320436
0.019430474302955913
0.02229079449066489
0.025277418380562224
0.02364230185453255
0.01286140842444988
0.0007797287487285934
0.006847412281676232
0.008977393560262111
0.022746804295032737
0.054789384076683295
0.14668320838363982
0.07537414691118133
0.30521248156262837
0.26503580761867485
0.10788443079690548
0.0596375468513679
0.0591355693665146
0.08331560810365173
0.09982811878993858
0.08591495105142756
0.04989537460106937
0.02024128264798497
0.007138577542182334
0.005708403403473981
0.008720164442880301
0.011737401744553922
0.01070226239354151
0.0024818249793591776
0.008059150051112195
0.009817012459425178
0.0032659998642510456
0.026232887285266685
0.0427951126109077
0.04008165248539462
0.021968850132131637
0.0025753422191548622
0.022691598860497982
0.030938759516151656
0.029857307832424275
0.023830842902791603
0.0171377097592313
0.01901925647210465
0.1205475042636579
0.36137068344910817
0.306761278880451
0.13728737522050627
0.08253929724476282
0.06719714185526467
0.05533229084396794
0.028985801141618167
0.29373023108029406
0.32852499191447426
0.14086195011832284
0.048440077409571396
0.01822403687651917
0.07498166253381552
0.12755396097736263
0.11608986231464224
0.03143259551683413
0.10220193019947699
0.035775851356532946
0.06308913107011203
0.06265227183423433
0.08437519727362197
0.0922264772839521
0.0528522228307014
0.21901469090883297
0.3719416281129173
0.1697060988405562
0.07782436593054548
0.035454931587268985
0.017473516216646896
0.007095231033724246
0.10498882662280161
0.33791969681657774
0.26079218988882297
0.09776052213603115
0.06020258542447373
0.06473424569957412
0.07094159439701814
0.06225235077225018
0.03638809297260155
0.005401662481252657
0.01936101161180965
0.033258371724453985
0.03805898655644803
0.03972516071593219
0.053434050813713836
0.09643899675070411
0.1513058944916762
0.02816300284339358
0.11802798591079156
0.06911268875221209
0.10789025203077975
0.09279168096087959
0.07275410359222118
0.014290615527342128
0.018355101314141725
0.0615578528955312
0.0006540798803950643
0.10803562439776898
0.09359668102434557
0.02940718374842584
0.03139382463735094
0.08165773327687331
0.11327334251458199
0.110204895131415
0.08286408294894822
0.03417872436315629
0.006762521659695514
0.034375845567963303
0.05978940326017491
0.08432816065095361
0.056900896770986184
0.06252156901149583
0.12385698386402906
0.07022219916991808
0.16163766631292223
0.14154845955359013
0.0881710861087956
0.048839684231886345
0.009569266936353467
0.046579988937796815
0.12558398786077613
0.04853232056561081
0.11131383192937688
0.02655706571380332
0.06063384087214569
0.06644872836929261
0.07849490462757003
0.07117547969682225
0.05988720710160356
0.03642061452640623
0.3105088675515907
0.27972297973734345
0.08965323788076458
0.008508701644536525
0.03754452201799068
0.07546466074048087
0.11200894951039268
0.12602044048389321
0.10167591067817223
0.11908961629388018
0.28721016357440166
0.35546684995955774
0.1847241600649326
0.10252406404615386
0.050758577265218895
0.034225157115411214
0.05028102020310429
0.07402044677141074
0.08074436003686547
0.058843760628434924
0.012438294393845542
0.037277156602400274
0.07705428699259219
0.09852607396922522
0.0991170125700939
0.15601749413534932
0.3380932836793165
0.2830314111085047
0.14558774548375908
0.11108754250304059
0.10566122518674279
0.09405977123986978
0.08183605558974841
0.08904919118002882
0.11685176149159462
0.13143649443721978
0.1186698968698903
0.08570002316833619
0.04513786934974153
0.0029324632170127443
0.05342270637287058
0.0901013910938256
0.08177858687258555
0.04036566590006907
0.011308219125915092
0.053968390080188944
0.0849150471473153
0.09408309398894106
0.06196203854089497
0.01974907132563479
0.07639222638456794
0.009494351556290297
0.05510031406736457
0.05749659352321873
0.046842419997621766
0.0014396742019190667
0.04479248942285294
0.08375466033570725
0.11323952240878428
0.1311883783115057
0.14926319884102524
0.14906576774026717
0.0196020264682724
0.09086856845511782
0.1293377463610347
0.1502563592289487
0.1052281456610726
0.07249522416599016
0.004012138111443145
0.24184270279029646
0.28340847558291854
0.13961415962792212
0.3512512892165571
0.13593935190283057
0.020596680038716383
0.047215492548515675
0.08954893457872187
0.1357655894330413
0.17037235065310477
0.08463889124216413
0.12856068085403122
0.06298079733601711
0.23983996174272953
0.37989707591763733
0.2362120590317235
0.16172614020896747
0.10251402388276804
0.08334210862668916
0.09654107887460764
0.11797415684013776
0.1099813367103008
0.08133748347205562
0.04077353808931291
0.004494250836165146
0.04487278320031937
0.06711217572713635
0.06651307600311059
0.1330824257668628
0.3146106596858256
0.22912999204224918
0.17065634470574015
0.40026454945148926
0.16787590534907063
0.03532405538443727
0.016142910891705442
0.007927860024551092
0.021215201470808326
0.0365519349414264
0.022044818260060946
0.0121662959378692
0.050214964021422163
0.08614358298674483
0.11716509910812452
0.14133125624860599
0.15263247935579516
0.1307642058369413
0.0964740693059652
0.07834793476178124
0.24272964952761192
0.28618444090253875
0.17907656304823494
0.3279366771933481
0.11085870341523325
0.042649559999527145
0.04862561060317995
0.053319420180742066
0.12709565656219415
0.0896559517725786
0.1503284516047637
0.10962268703480788
0.023883177361632743
0.04433577496918208
0.0943667980672227
0.130966161811775
0.13705523570927625
0.11156158252491989
0.08752846709125676
0.063980709196795
0.060298728497621225
0.035534136287712896
0.09484944234582852
0.05495416619793306
0.22856731039371125
0.3339509560737813
0.10944054917603288
0.4253686695328731
0.24958812525335483
0.16190147111737074
0.10000656436903127
0.04777343826965121
0.0018381018113129213
0.03501794646011061
0.06659800613117046
0.10213596263187424
0.14957103741882927
0.09372312381531618
0.1344911858485064
0.02578796638044125
0.10420156872719802
0.03805975684087259
0.15346988351507598
0.11973665029434138
0.046228643605460654
0.015517207199889083
0.01380663715200256
0.022132715636710487
0.02112443168569622
0.0035801739165565475
0.025769993653553726
0.05943229923170594
0.0923164084513428
0.12051698742686051
0.13839090216601602
0.1418937777749627
0.13291970070908346
0.12426388844056811
0.009640069402566481
0.3301739925756694
0.1301191993428369
0.06435308189885464
0.0825726188491091
0.04561518244461539
0.09276263309759135
0.105978231770286
0.10306253201043819
0.10689388568162925
0.11164810426376452
0.11949296468627134
0.11854446278318985
0.10072484089597705
0.05732127782045534
0.007965624769435662
0.062431052439246446
0.09644701383602561
0.11908715461809045
0.1230765807668277
0.11184887369760864
0.09341323380774276
0.06596649096913879
0.028771873481960523
0.010736101266595882
0.10823893703703133
0.3846467683234098
0.002873317134406722
0.03793189972624781
0.06390847218827353
0.20059824562325146
0.13922492962854563
0.23671193990514286
0.21604048519723967
0.15993024149145102
0.10597980263681826
0.053875480899261086
0.008207410821758628
0.03243434935751324
0.07095128549377747
0.10528096690533148
0.12616928951732506
0.11371990112920294
0.07370966504804453
0.013120339835645138
0.055711608520884505
0.11846514551022964
0.1371625857675684
0.08936151570171733
0.038347936843429645
0.01856869933071384
0.015985398457420252
0.017930473705617463
0.011396779942502863
0.00695034226992895
0.03348780063327461
0.06363989368335664
0.09376139999061067
0.1199394673483204
0.13573085814003621
0.1402491699245184
0.1266937481602488
0.08593709401861138
0.022452906764497394
0.22750404967745258
0.6357185643297588
0.18201572345029654
0.14037785466486424
0.19719652079119032
0.5815636719165487
0.09348277299977334
0.14492434942601531
0.3292518860565772
0.10677054296659247
0.1318683811792521
0.22668710610741818
0.10938020962235712
0.10185169896847188
0.15940655842847393
0.11787355251028626
0.09831924631544961
0.12386346661235256
0.1112168650173836
0.10740583034584959
0.08766937526446286
0.10725496147499668
0.11300220412626864
0.08023192212521464
0.1025430960193195
0.12140402288928401
0.08522502607662072
0.10088594352263933
0.12695116957678818
0.10173070985888932
0.09577087081878867
0.11890868197849601
0.11072975961090424
0.07952672616094983
0.09020375431516951
0.09994935194174533
0.042006281676256495
0.03267651965100895
0.055995932114508734
0.008795677944183986
0.030421772694805907
0.00041152246006962226
0.04873535734432293
0.08840875183654116
0.05346673778237116
0.07745477205086168
0.13491313657615855
0.09551422040547979
0.0961921463537764
0.1550860752898455
0.12682553349911804
0.10166906660409106
0.1640536591374776
0.17055998463175875
0.11287034167915647
0.2081400713920544
0.20073943992132748
0.14416776892400043
0.10283162862242731
0.38880128901188554
0.1811511496634693
0.06935364716586626
0.14901848262808792
0.0930484836575706
0.022444545669777688
0.028623766790014542
0.260139958206797
0.05310516686638666
0.007691035164602518
0.21384284546809354
0.05191169224651865
0.21760574950954242
0.19854114885107585
0.128733766890268
0.3431087319788793
0.6406757321235672
0.12672844743042783
0.06624431504609975
0.01792243647921883
0.09493418609039347
0.1573649083080189
0.1938269855711043
0.18710479600128585
0.15225519321523368
0.10718427678350705
0.05910568372092366
0.01300960150452244
0.029528108452247463
0.06763166631380044
0.09559421107803914
0.1077541239044162
0.09511321709015783
0.05806866111415325
0.0009937064025191261
0.06607492648115315
0.11748560184760728
0.11996217083562477
0.06776984257083793
0.031056606775879764
0.021756989331812762
0.021298284821170632
0.01932467321468312
0.007715906256709516
0.011255584923782522
0.03746452760979552
0.06771139647204372
0.09557630427087876
0.11887662382749371
0.13318678590893446
0.13355446295232803
0.10968052169563046
0.04637076510024539
0.0052418523505205206
0.18765019905030067
0.2983582744771772
0.22540295317395356
0.3244348672845293
0.27698832411751206
0.21677036868235516
0.17108981132406037
0.1408897445107275
0.10562902092087398
0.09237959809117322
0.08986818431756707
0.09353391510976344
0.0920619508843697
0.07654707813683152
0.04113553995613879
0.00535900683318816
0.051980359545747576
0.09206973751110968
0.12766719578579433
0.15917827036527935
0.17263719760223434
0.1587310339816203
0.12904586221524117
0.0978416830835798
0.07987261630403333
0.0855664288298022
0.11570021496012965
0.15580312246924174
0.18170779611393675
0.1079634087321284
0.06301479021342649
0.007291452093698372
0.08832632442989895
0.1397983264911466
0.16447107448123183
0.1610239025898374
0.13667730610724785
0.10031382932484323
0.05813643547724106
0.014269628512373934
0.026473622762079922
0.06105108251888909
0.08385033708772925
0.09123198775921919
0.0784003697121716
0.04384778772604573
0.008399949348767949
0.06670250440670901
0.10773846761965444
0.10597521730023463
0.0595680587659033
0.0287754008857027
0.02142548754420126
0.019448655702612207
0.014424026064212454
0.0017217224975440495
0.01759775415608031
0.042757252076121785
0.0704509656929857
0.09501082206845653
0.11460954081201338
0.12388886097366139
0.11658489618278767
0.08956878597058239
0.03432024176980955
0.04009524554623162
0.14797579905067365
0.221176666672627
0.27912140033163585
0.279459358636237
0.2485365176740999
0.20775852260280586
0.16322356126979548
0.12815045776366346
0.1030304355516963
0.09270063121609486
0.09380264503384227
0.09721690890336991
0.09111270389988761
0.06889208085060128
0.03468454858153998
0.006404923405194413
0.04988532315588828
0.09301779036898583
0.13032337644953182
0.15469070694111334
0.16116531076371934
0.14947757834759634
0.12597541846848398
0.1015757885922345
0.08685533029915515
0.09005688473841536
0.11726678328958873
0.13644641516413195
0.13413314098230875
0.09005917099493148
0.04975131343933254
0.0073179121658247664
0.07202017216982577
0.11427602163003767
0.13775073254836823
0.13800345612034057
0.11947901134090037
0.08940158605682197
0.05368656715624645
0.014949963953378963
0.022706561412251886
0.054032227941081756
0.07351856714906269
0.07660706348475566
0.06048267928263002
0.02585042762730822
0.021781988139900982
0.07150202232175949
0.10503242800144769
0.0982996015008256
0.05009451269117893
0.020331757883995008
0.013087747930928706
0.012130609181062346
0.008029587226606558
0.0030125437049475824
0.021715856025462
0.04546493561366488
0.07057029162637396
0.09196095710220849
0.10538382100480105
0.10971551044789317
0.09995837146219673
0.06937529569864627
0.014964835220158172
0.05936081244312755
0.14739660392189963
0.21481544466062966
0.24266982977771742
0.23276876359047963
0.20803624812171356
0.1771188547082739
0.15570649393853261
0.13293362350821192
0.11547625678059334
0.10734330653927157
0.10525503425735169
0.10029337948854097
0.08679329568506687
0.06296755686113177
0.030261734812147445
0.008370518833489927
0.05031718312159637
0.09113551783168788
0.12454064085165595
0.14560141015622619
0.15146855505458653
0.1437783825599407
0.1287241269466617
0.11415817929820976
0.10706190510379841
0.10748004140146392
0.10437119937470467
0.09864252950218189
0.0833785303951455
0.059978117948060496
0.03645832622646794
0.002609547149353575
0.053850450488213034
0.09601242394066299
0.12012744747299303
0.12401988265066599
0.11175105547448319
0.08668970669636353
0.05394235524608274
0.017895418774718095
0.015685206913828638
0.042846603891703
0.05933231433082928
0.061636469220575724
0.0454943120108917
0.013489805173476081
0.028136348071192786
0.06811285820261141
0.09071618085982923
0.08199762792036322
0.049209059533226275
0.027354936702878238
0.03924267702565749
0.05164740954194359
0.3079609381982341
0.28470202976873854
0.0957534286308338
0.006362554971176999
0.046513484019140156
0.07859155731452952
0.0984552863363278
0.1030162600279996
0.08718584370969351
0.05271922642375948
0.0008743334867816529
0.06657825442154641
0.12589374088538932
0.17093188892124925
0.19589325530028096
0.20234684543494313
0.19498779469665267
0.18055881106107846
0.1613569887658037
0.14002394785478092
0.12469133190185933
0.11587000306780439
0.1104587655269767
0.10112996188021042
0.08433109221656801
0.05931075640414285
0.027216194849463304
0.009922375364683971
0.04988997055530016
0.08785052940448566
0.11776434282492446
0.13661283635331667
0.14366187241202916
0.14123377158613187
0.13349116201289993
0.12526600763186874
0.11979070073522485
0.11794540011584484
0.11248015191605498
0.10159479081808019
0.08178161248638283
0.05123806671353082
0.01760345673588784
0.0180031100424652
0.05447402372216813
0.0858022812379692
0.10464924907968401
0.10801825678958954
0.09762012593344303
0.0766238182184333
0.04966384599348108
0.01909924496559674
0.009819465632778256
0.03309908316324105
0.0465428819298705
0.04690369363933055
0.03103342984323875
0.002871872898421675
0.031183747634428008
0.06120847517609828
0.07605541659225061
0.07022859909326479
0.05013806778985931
0.025234252112029863
0.04126949084466294
0.09895175109459908
0.0069638575206865914
0.060540668289307695
0.059286382535533755
0.051617956642572974
0.0029190268295202874
0.03804393562173175
0.06834167680935505
0.08538602959682981
0.08719094166336055
0.07037146325694586
0.03623419952111944
0.012116624916343882
0.06751436224277282
0.11833229813206189
0.15662019708181235
0.17685409329076685
0.1855824325584234
0.18635701917922445
0.17739038477580132
0.162180982747345
0.14459270591624684
0.12939782258084637
0.11993584942305131
0.11477243233516332
0.10505507053292656
0.08723794882439363
0.06125131893359769
0.028564532687746797
0.008942347311829892
0.04951487225405578
0.08718802787219074
0.115607114186529
0.13390699673381887
0.14276427520119434
0.14393246300336512
0.13909125953163787
0.12934627786202083
0.12193784281126646
0.1190578642779206
0.11241243177670518
0.099822951122918
0.07752901455264125
0.04612373243972085
0.008079578735248326
0.024231860264478735
0.0533970487802931
0.07706641829254965
0.09156586573085133
0.09435713344150856
0.086092877279805
0.06928824087894161
0.046218397009817974
0.02017923431985654
0.004501830192754143
0.023812080815437873
0.03391455420574653
0.03165587907480047
0.03166624836992167
0.08999346701077654
0.28681433258913597
0.335566614709219
0.18466250235562215
0.11392921494673919
0.0584530368723821
0.009921881222280438
0.034743536580436205
0.05406677850552346
0.03193001672039993
0.004328282781886111
0.026903440439691225
0.02000170368056512
0.007385488993323502
0.03713296867298467
0.06109280615973263
0.07397489164957102
0.07234789212720188
0.054278158655367656
0.021722310275291062
0.021327538752726572
0.06830834591988522
0.11175552076507136
0.14730148577680496
0.1636657676995794
0.167028849264445
0.17232703144051276
0.1678775989645579
0.15418700492557788
0.14081503443945662
0.1372194911242608
0.1314561978856682
0.12692441033125754
0.11493211288547102
0.09420536494015652
0.06598162454094847
0.032066018986810677
0.005867063452401152
0.04654091416750808
0.08461995715022011
0.11410643792077714
0.13453792599507375
0.14669364072947047
0.15193155635313832
0.15053968423029146
0.1450378230585228
0.1280086960015469
0.12188727617710518
0.11122344063616788
0.09505745724078142
0.06861586923531864
0.03485629064289128
0.0029737157145374856
0.03160186427726447
0.05472528690434417
0.0734623891094358
0.08519531026035713
0.08778689314939
0.08121847194429188
0.06701034880090065
0.04685701646128916
0.02386578855854758
0.00205471084238792
0.014759293618655578
0.025258468525540034
0.03733217705303866
0.06646073351161322
0.09060138925982855
0.016824207916114706
0.0629721556806439
0.10334340842300224
0.13049073694668709
0.0966710689290324
0.05904405795816159
0.017727393404120505
0.015557725703630995
0.027067993795195797
0.016136784778601747
0.0014236161106827155
0.00977888776875217
0.0020543027588627513
0.017544207604676138
0.04009119873799938
0.05838503921194213
0.06698167093386287
0.062340945459705935
0.043332607066166436
0.012738182293442996
0.025261056749200168
0.06436274994307738
0.0935824990397908
0.10628442984087821
0.12153600366719826
0.15685617290672993
0.17592609110588348
0.1745324893320386
0.16037718275957846
0.14537173681307364
0.14522910948755735
0.1416457735198928
0.13722984355120316
0.12401548504182774
0.10168668978321209
0.07202168946808493
0.037027179564239586
0.0016913335234650193
0.04309062732588527
0.08235624731164144
0.11395253625901006
0.13743687457471637
0.15287310613122804
0.16066855991402187
0.15983614128807738
0.15131593642216973
0.13667868624028004
0.13155747420206254
0.11972599990587562
0.10190449344451766
0.07694973913126478
0.03907262598549674
0.008698220676621555
0.04896511139215298
0.0695640425582121
0.08068923294835342
0.08567022744545708
0.08441124483742851
0.07665084387813302
0.06349257631200544
0.04608766494287919
0.026478984044879837
0.00764517020477863
0.008781728972502728
0.024465429726367845
0.04257798926569926
0.06000630185016188
0.06020323641126253
0.028164066943461175
0.026095638624025575
0.07238741207395016
0.08551061852246915
0.07480112910119228
0.05625363136429788
0.027913399321290208
0.002635169889047176
0.00854876056597633
0.006761337342155428
0.0010794192523489003
0.0006123016514695068
0.009187289031884848
0.02460929731123449
0.041715476158977804
0.05513003461788586
0.060102507550570825
0.053403931326502986
0.03465520386339788
0.007347352697340549
0.023610989293530907
0.05142253072677671
0.06991083532576187
0.08490998705174002
0.10859668093516309
0.14837096909589725
0.16632139809614102
0.16842518255078637
0.16520147906419458
0.15998317375185392
0.15604895978434202
0.15344656617494298
0.14739703948792382
0.1332612201265307
0.10994931200824559
0.07908136619656042
0.042712280309037017
0.002444605849477262
0.040900904882849205
0.08242971462071061
0.11660105528125361
0.1434691068031826
0.16237675960671213
0.17108283259544105
0.1694051857852707
0.16164052376855226
0.15057993135268988
0.14055656512313336
0.1262666072814301
0.10500171820969746
0.07368353759431026
0.033417479822181385
0.017180582296607842
0.06153829039547789
0.08231716234250762
0.08898541511908517
0.08888340083223546
0.08397934705345157
0.07475304644618172
0.06209555225297046
0.04673665224084419
0.029584215109032502
0.012215037113183284
0.004814368867531727
0.021885731413708424
0.037681952040384076
0.04610539046379021
0.03812691024811346
0.010970735877810703
0.0249240779384195
0.05230937832854987
0.06153372580324171
0.05911326247797925
0.05151458867048531
0.033493170939032
0.014450671154194402
0.00292781537104006
0.0010427071137292555
0.002513684424850924
0.006785222399554424
0.01623998169622522
0.029638003672310193
0.04328706208505037
0.05280390689938838
0.05443476422021164
0.046017239601462645
0.028464235688411256
0.005646992226447316
0.017970925649742772
0.038116039928849085
0.053321874977908607
0.06628996363596054
0.13998990300225828
0.32969871032364695
0.018670113740579003
0.2690380663251675
0.0031580752293594028
0.08975140385067581
0.12664023055751442
0.15065305666736892
0.15450119212980218
0.14347077634862548
0.1200885964671683
0.0879070124579941
0.04971161204978634
0.007278416303295452
0.03869790399926362
0.08321960350215066
0.12053278022150343
0.15074847252619322
0.1724283818426358
0.1853053521243102
0.18333442523800245
0.1765253236419024
0.16260708309735988
0.14508916374328487
0.0769817405885079
0.10956909284725007
0.22902765550485626
0.42383008005440903
0.143084898629345
0.010661864910544546
0.058496226001330184
0.08370288455974376
0.08933561912229603
0.08539689983759066
0.07625764882546579
0.06398253645337318
0.04966478255674993
0.033682996455872645
0.016847184904459585
0.0002650275554869014
0.016636877835641273
0.02916520068042055
0.032904345916638544
0.023873836175954406
0.0036546184927424164
0.01944821766368696
0.035559074912271345
0.04199481028808477
0.04477704125956874
0.04829773308280158
0.03898617025547286
0.024392910919930285
0.012085983527624217
0.003587130779394692
0.003383540557298859
0.011762978055897788
0.022802916835917005
0.03525535024896419
0.04637234553026985
0.05291664717974549
0.05217699422005857
0.0430787614972417
0.027680402218486087
0.009912415887242697
0.006262050152528197
0.018485809562358
0.03899197072827568
0.09588946928031572
0.16858764915464422
0.22665413587039066
0.1697200786462734
0.09867842336041471
0.12004973259145296
0.13512932139418035
0.15651532725125453
0.16270904346267273
0.15328954295810002
0.13011897224411892
0.09709013223308458
0.057152339510436176
0.012220151296938927
0.036802730500448265
0.08423385217485535
0.12434394826749355
0.15693967287025812
0.18051442980009366
0.19504796966915922
0.1985344149868814
0.19442085074978563
0.1719414564647023
0.12477745425235873
0.0570444318531161
0.0024365020198360843
0.04674114832312666
0.06467039994468914
0.01410963342136809
0.0697114873826397
0.09361296774803375
0.097279137013794
0.09141373623807202
0.0805681881555924
0.0673401526393262
0.053006892899875396
0.037437759474431356
0.020992000925290542
0.0047109837798341905
0.009828228670828916
0.019885284851141903
0.022202006956574906
0.015440779597213763
0.0024038666922577816
0.011135957864167375
0.020316584553358774
0.027742647877236976
0.03710299073023576
0.0481999077080979
0.044655506128756656
0.03279572120583434
0.01929839099318614
0.007265934819109157
0.00378379487764326
0.015230170144965463
0.027439468964179866
0.03932278538844618
0.04864797196389223
0.053142580622841516
0.051245551543359705
0.04294290316516551
0.03115180037899662
0.01911120207369424
0.007619161805079759
0.007846845553965393
0.03738100723352618
0.08804967948656596
0.1462303707075317
0.17578852960997693
0.16920653233124622
0.14936963777308923
0.15248604126201792
0.1609232693431977
0.17144649253625982
0.17567502263342288
0.16453764828176748
0.14020880627699667
0.1056207308846012
0.06349340407826626
0.015861778095473514
0.035907118263198576
0.08584156713706481
0.12857897885873612
0.16361803091924698
0.18975831953233852
0.20661824152575012
0.2130906177852129
0.20462966590048196
0.17364387683117433
0.12721152584290724
0.08156929974230669
0.05666852158488059
0.05084855236300553
0.022271014922682398
0.03615953521456508
0.08287384400035341
0.10534757939984085
0.10855284626741513
0.10042834839822831
0.08746898350566955
0.07283714418383899
0.057903025668200145
0.042401431997218214
0.026229087575920396
0.010478487278517976
0.002939104304339077
0.011722279303606673
0.014448549097187463
0.011202058988756617
0.0045223409350733275
0.002262797437721222
0.008074910042890418
0.01788253531704021
0.032396614996209466
0.04737389356094323
0.04802765176053907
0.038666803477420686
0.024714384713193635
0.010305566268589302
0.003748929858592559
0.017560795367817683
0.03081128533984868
0.04222847284804919
0.05052161326260576
0.05419828214101921
0.05229501264737594
0.04591609870288579
0.03832816320965883
0.03134346261236983
0.02398471896034517
0.01213954288712877
0.07414995069263478
0.32891271497564406
0.05231136040291735
0.17354706481272744
0.212849616211885
0.09683740587214248
0.3160987334994993
0.013864546625265428
0.09911434421216196
0.1509008868335484
0.16065313278423257
0.14395904381015417
0.11129205912736562
0.06828641550902788
0.018441669895894925
0.035689880357826206
0.08795043938703559
0.13327245882944053
0.17052151833006957
0.19938426724096944
0.21780838766239358
0.22562306340357244
0.21285824326118633
0.17467788184065056
0.08433488127133165
0.10982871276905992
0.2247902112428414
0.42551370465786453
0.16610812688382331
0.03021705611375995
0.06306384012752238
0.10539379306988636
0.11587187383763256
0.10958659097432566
0.09620554848792418
0.08024189717886333
0.06406511237414081
0.048239384507003574
0.03249314557867389
0.017390401758199225
0.004456783121632619
0.004649433271395046
0.00907996336053821
0.00956518782412222
0.007756316553571573
0.004887821240268446
0.00030394019326339785
0.01125917453460545
0.028521466504298126
0.046179242337681684
0.049926388948095195
0.042451356987436545
0.02811444683669117
0.011969509537079065
0.004315800550548602
0.019964321102727667
0.03408667134094302
0.0457659517851947
0.053828482991197635
0.05704468946218768
0.0557491394298662
0.05198236950209628
0.04827834929864802
0.04472301805815632
0.029250635858187213
0.03092011900333851
0.12386146110191568
0.19474230813419996
0.17886925042671487
0.18664020354677088
0.14178541934696007
0.09109931821678886
0.13159763249749168
0.15670520079144284
0.16476815481940782
0.1488672163782459
0.11656096984528033
0.07249637351700887
0.020666833552814734
0.03567253057935493
0.09007115837281239
0.13778585654573183
0.1771655975180776
0.20762537941422882
0.22700747875804506
0.23436841442652737
0.21476755974789993
0.15433797544787603
0.07557738219574747
0.015616079766027996
0.06440507085705618
0.08101054210965307
0.0006981166779424682
0.0698429533050069
0.1132020772558367
0.12602280149753942
0.12153331512551702
0.10739244828369911
0.08978159679950788
0.07196258591922562
0.05502855633851063
0.03901984488665938
0.024333772657395114
0.011399892408002278
0.0012425764016010506
0.005697606959569185
0.009875360379561368
0.011946739132829232
0.01157861828912769
0.005747947362518299
0.007034078333331148
0.027105234716273744
0.045956845108753516
0.051805962764158164
0.04570819036600088
0.031546204351362135
0.014285407369836398
0.003859419324577665
0.021325809840938112
0.03658547343476867
0.04893074117212086
0.056915737004523716
0.06075174559095553
0.061652343676796145
0.06161712733299406
0.06096033598105334
0.0533783996815877
0.026557744167461005
0.027876168103909495
0.0967995931329522
0.15260873269686068
0.17361254200442525
0.17819454597741208
0.16082598222352754
0.1527579307372454
0.16827666783317197
0.17975012823839226
0.17751838158133176
0.1566282515213709
0.12299516698884005
0.13254240608635087
0.23124061073267765
0.2264566495274727
0.5016718755934922
0.3082061851543588
0.259123110021813
0.24779842206374936
0.25056893913814154
0.24515965028773368
0.2183475585034901
0.16351522655145526
0.09328103778331753
0.012434566112850778
0.14203108945225879
0.19585256643984844
0.38884593325926575
0.09865400394659184
0.03810523397220097
0.10313572013918437
0.11908967485578346
0.11326776647410364
0.09867983103781901
0.08127265012325718
0.06364388969434151
0.046607288386227456
0.031095047128572764
0.01753114221752856
0.00573171818634027
0.0039179871619374005
0.011623189564557124
0.016896936057510838
0.01817209807712427
0.010929298383433853
0.004137080194656406
0.026118758996481153
0.04511926541589047
0.052546154065605886
0.0477388178021306
0.0340739446029261
0.01598663334263311
0.0037018821021355857
0.022523781569385323
0.03897124763110912
0.05167248877083247
0.06061114155305395
0.06626648171285945
0.06960975982559682
0.07233079094172166
0.07213078029994208
0.062201539601415
0.03351362894165037
0.01700355469461804
0.07887804391367848
0.1348214439186905
0.16515944545190697
0.17905220016299198
0.18164446548118668
0.186222886147539
0.1967185405684747
0.20136369408602534
0.19237981089917935
0.1703072467093278
0.15360303357057964
0.1502696515111817
0.10095478018250496
0.0715910607405727
0.2178193416422033
0.24061343391290654
0.2570032295914043
0.2628457887245347
0.25493382803277576
0.22394823815681594
0.16856038588954456
0.09456044991001063
0.019769326547326785
0.04387594227218361
0.009203546241263183
0.002236091935079773
0.06688167669585195
0.10878663327623768
0.1248359113289128
0.12186715769390025
0.1076597815790634
0.08946373136921384
0.07055305976861238
0.05350134870940339
0.037409407688471036
0.022853736004185464
0.009401601234042387
0.0029256198111505425
0.013480192833356826
0.021602323272538613
0.025447911377187826
0.03526675640645356
0.21586579248601517
0.1468639884409185
0.3835621308374515
0.1213771227006907
0.03145014609506763
0.0020641302683913343
0.0019856713477587056
0.01060743007998574
0.027140394218098836
0.042902011188806266
0.05576204969964529
0.06556571520451818
0.07271320266034334
0.07897968001323208
0.08381075383395156
0.08378357416432566
0.07398562931597923
0.046953892834370806
0.05225019441685942
0.27019011670642606
0.04385119311272925
0.2650851432755701
0.016609456669635647
0.11850853483326723
0.17604653359169353
0.20522799153163865
0.21494156674965678
0.20708197494552033
0.1883207887202818
0.16309283197519503
0.1205231724881771
0.03855570317456749
0.0780524508013195
0.17318680640220918
0.22463001128687787
0.25503462461672843
0.26758479123829493
0.26053638055873457
0.22832376971974383
0.17227358983872876
0.10186554630494651
0.03653266002743076
0.0071250519657850495
0.024426816231627436
0.05095316715591074
0.0941633539736583
0.12567193626406217
0.13805215613318123
0.13336301244011187
0.11902951379913157
0.10088797933573312
0.08091635864287262
0.061918687852146714
0.04431992077857078
0.02744509779697913
0.011678287685689683
0.0034131477602256143
0.01601085226640468
0.016843914039079158
0.017550579230764682
0.07354899470559825
0.10967353915579627
0.034313487590587305
0.0375736277448559
0.01348681202981869
0.002976806771019861
0.004174255589213478
0.015466008554879847
0.031089321048647287
0.04667605316697289
0.060624733668028924
0.0720201801501496
0.08220451100858309
0.09107055516137655
0.09774829866136939
0.09676401316493059
0.07459096798950965
0.006516192753341121
0.0852333157844882
0.16479191347459737
0.13258588855656445
0.09559557281110939
0.14729969414753022
0.18914196974172132
0.21821642643185454
0.2284580951046865
0.21996575462763993
0.19705552995317285
0.15858332142442805
0.09864782716125065
0.01673473424940237
0.07758031704517016
0.15736613750895323
0.21499095308185226
0.25202076310674504
0.2716266687824854
0.26813600472531496
0.17619060652692464
0.09591957805384407
0.1369706666500134
0.2954483114926468
0.0712479523229913
0.1860431105123323
0.36972921134340847
0.07306065465337427
0.054023688458986044
0.11383617386605782
0.12901073969513255
0.12475346804030982
0.1104267166575712
0.09168319497433083
0.07168122266319937
0.05167276930478465
0.032226625578162145
0.013874189206015327
0.0027441182730506865
0.011393794346718934
0.0038361889851310452
0.02287266945757391
0.04930785329128132
0.0523947750181456
0.024357653853968812
0.0013032378853916476
0.0015161994309736762
0.0009365999727718802
0.005425941490656779
0.01842735837932993
0.034552865764776536
0.050697104617398916
0.06575972122070455
0.08059232755214031
0.09410740082604206
0.10523311493499002
0.11042078225449287
0.10285608610861105
0.06936066710634148
0.0020263589518178925
0.07877645206945226
0.16275840462331556
0.30542290359064395
0.05329860820147675
0.2842708611845417
0.02613022326959577
0.1526604027035623
0.21089875359138366
0.21487050296241345
0.19467809679340228
0.2055647988273327
0.288796675504375
0.18535524649651128
0.49061250214322283
0.31459557185653786
0.2815525767326804
0.2798760703795768
0.2777851033695733
0.22408479811980256
0.02808093079202699
0.11065075139648119
0.34763846857083947
0.05117347806934706
0.023054572796477327
0.04911359743904866
0.11189705162602903
0.13843701359769792
0.14030665043309012
0.1279022325861916
0.10845263411440828
0.0876885893101721
0.06749762451736165
0.04893625269033726
0.03319184467230029
0.018292749828667076
0.004923061853443968
0.004088089346848758
0.004833010293038142
0.0031629246805040395
0.013754514954806195
0.021053143511807842
0.02192886458883984
0.02117943225625349
0.019484538521201793
0.011562073085534029
0.002282951544690368
0.019220074625880226
0.0356531494651593
0.04991300378382691
0.06232379292094622
0.07392140102368847
0.08569220531483773
0.09485930018602176
0.0995712937279232
0.09283167275300086
0.06630121221681763
0.013974682556536772
0.060803537557849764
0.12616721054231772
0.2021120459697375
0.09347247423483339
0.514009933198703
0.09468513722800792
0.15973544063306075
0.1943667735079142
0.19702291776870423
0.19789290262336748
0.1420742170390549
0.043206590156406335
0.21075488001493142
0.2484929970294207
0.26886295988099657
0.24828302768089197
0.16482097749955946
0.09568856118411248
0.32647522391979245
0.682879795712574
0.537065993747281
0.12504306610724691
0.1580799381225677
0.2502072989123785
0.04673117823365934
0.11558540901794231
0.18039539767701557
0.07720063774490137
0.14430331921153614
0.15227235843311054
0.1194225262540132
0.16140661638565396
0.17308981890473973
0.142401185228822
0.16655647094871115
0.18710500951613415
0.14613788951706141
0.1570989287638624
0.1905262510423929
0.13568310899396122
0.13875236214511139
0.17935356128393057
0.1196458287626872
0.12004563463358173
0.16033933673915385
0.10195884074589885
0.10337069934689233
0.13659463293599827
0.08120095479151392
0.08486407320775408
0.10814386039395911
0.06019563026707029
0.06393700695884479
0.0766561082189024
0.041007375360788384
0.04443634714059491
0.047737630604897004
0.022318692824016512
0.025606687205581756
0.020908462076860333
0.00449676481191961
0.008126210151834956
0.0009552189277525474
0.008874467423104675
0.00570698926377619
0.012414842407868807
0.01253687187995757
0.011596303582035122
0.009954156962826973
0.004935195029801156
0.007465580207211107
0.0034811691223270037
0.009630873487905351
0.002745868102035443
0.01936469661787052
0.022599969072100615
0.013782280501610879
0.02789793448991773
0.025978611621848585
0.02084321462734617
0.026806179477229446
0.024302895736892705
0.023476654501668085
0.02444349003506584
0.019601311311034302
0.019407267212316254
0.020230734741650915
0.010361419876699772
0.008952935385335571
0.011306970540752458
0.003303168380136704
0.0076968359246329604
0.0032151504590515623
0.020836818656451563
0.02755010968532886
0.023598049456165233
0.03892440510174172
0.04670940604902273
0.04728570032348607
0.0553614772934718
0.06469562875336347
0.07183440772435494
0.07056451551477477
0.08166915976126671
0.09892448025215195
0.08777061074071367
0.09815809937797021
0.1259122221526967
0.1021180001855379
0.11026655441351774
0.14920874744390322
0.11133600942607288
0.11498997340343338
0.16214030590187578
0.11531070466997657
0.11532777893894375
0.16363278308172433
0.10603700061943727
0.10661561770175541
0.14601682409008487
0.07760334119046128
0.07700746911969217
0.046413341502497985
0.021958121611778073
0.023844584684738983
0.18191631702027977
0.05035887573796351
0.041611199939694664
0.08935118522378993
0.12735809422822
0.11665770412264424
0.3229590776978984
0.18760745960164799
0.06991828983651771
0.2071359935344086
0.10169917639790599
0.20081018707758333
0.3114916574059573
0.5174826480260568
0.7352672468211413
0.07589088476378313
0.060569401089670585
0.15057143649556326
0.17156498722283017
0.14640919563211025
0.06622357165806828
0.05305025050120158
0.1567939375992788
0.2162858237398852
0.2382666718399806
0.1995345848579145
0.07504691212781685
0.13951139532147955
0.3078032300409327
0.3720431648788895
0.2796954050527727
0.22976361376204857
0.2066034680663556
0.20699584994310827
0.20343993550322223
0.19887665923798553
0.18570125911972196
0.16599758516825372
0.1434120270539173
0.11659705036063354
0.08499699744425224
0.054004662219594955
0.025615786159382935
0.003710037130112101
0.007137747314848532
0.004763667816803622
0.006415648261005082
0.019107842182920092
0.025161450577778847
0.02271007488133115
0.020126551766902027
0.01627320075569776
0.008505499344337263
0.005434158365553272
0.026357128070315775
0.05203861172294003
0.08103779811507174
0.11294511895818424
0.14028595644137978
0.15637704773191388
0.1626179933670037
0.1487412593345997
0.08486214802236976
0.009646143516821762
0.07716832975512977
0.0026013279594965764
0.1834173534666212
0.26276756038446236
0.2836450485638564
0.1002367370914032
0.03574192487519075
0.1250022219882382
0.18564399258345887
0.35022842208059946
0.02464669039374366
0.38114642369031076
0.10863583403067806
0.44693021094832486
0.5789101843813743
0.31629205859115683
0.10691965790178717
0.10763285594674901
0.2552780119276835
0.3335864996059833
0.44662303901854494
0.07762890625550531
0.21038558754350203
0.0657281495701515
0.14359373350391536
0.1761334886625473
0.17683034492703603
0.16463837151155156
0.1487708226929243
0.12555131804099365
0.09321005275443836
0.06024753472181871
0.03078525871189974
0.008192121347117819
0.0026226638401167404
0.00012184016336953905
0.010175309725389062
0.02073182560269092
0.02347944820844665
0.0180763009861466
0.014802833390052584
0.011583241677496166
0.004979803527216362
0.00839991370975465
0.030137370936806813
0.057877022717433266
0.08950368703358665
0.12281255913964015
0.14999375308546065
0.16128580696592873
0.15501100705894497
0.12432569073370181
0.0667628346103672
0.012307495082856904
0.007722852885036255
0.0688415340284935
0.1609235858991438
0.20638723830544092
0.18346288732624377
0.07414786155280989
0.0354273056125687
0.12791455868892193
0.17707591162389777
0.13701358662660743
0.00758883870480594
0.11314479492278867
0.20319980904911036
0.20185644212417375
0.07045432487653112
0.09205162299789121
0.23580368669732749
0.3132711565904192
0.34767754274215734
0.25811281686476595
0.16691653446701069
0.17417381838987894
0.17877674726173415
0.17807740563933064
0.16899011248191298
0.1535436982490814
0.1297038845888927
0.09734449616232396
0.06431174761480883
0.035319725871194085
0.01387402405229355
0.004360543291128199
0.006334771285570901
0.01448019244111512
0.022289463458540458
0.022691958197422257
0.015935689310862033
0.011555357305129868
0.007066425620441232
0.001280369745908672
0.016068244813053127
0.03793766437622108
0.06584523403386702
0.09743600318591944
0.1303421375021956
0.1529284109310559
0.15687739052248187
0.14432721852313377
0.1118219370327784
0.0684273987471062
0.043731446895557094
0.0579821453780956
0.10237574766608475
0.14933975903230232
0.16319729896418544
0.12738841627138114
0.046726649681583014
0.038640115374371675
0.1003681259229127
0.11306113292515668
0.06796835902826147
0.016361594201924665
0.10082929561235535
0.15014956857605416
0.12863275897003296
0.032377802186752014
0.09489167729316526
0.21078311934693683
0.2802683238809275
0.29256298112074863
0.2546752777618703
0.21363022266115075
0.1991958827647975
0.188771794245951
0.18200169930885898
0.16993684570936013
0.1539098281066063
0.13307875135830555
0.10269401962653868
0.07008407404815593
0.041056507834863434
0.01977783356036679
0.010823019593045921
0.012979433958573662
0.020134812495869257
0.025594391229958362
0.022462008012844897
0.012426456680633769
0.005711407106145092
0.00004454235845943819
0.008455308078218673
0.02264903599462502
0.04444848088825967
0.07355488386480435
0.10637933005039237
0.13857438257536642
0.1563408675818086
0.15388512885846456
0.13546127430978877
0.10656125809268448
0.07837638479894966
0.07087129309949491
0.08831764834913865
0.11828998907585951
0.13632588878828922
0.1300923647441405
0.09061958248987631
0.02658225972590609
0.039786099513569366
0.08573976351254636
0.13199571596572476
0.246535758400033
0.2120346483936216
0.4871582710819098
0.2702833670830358
0.15826122030266115
0.038130194461413296
0.08426105557789366
0.18803154110538234
0.24952388571884715
0.26211471366303146
0.25081508514808404
0.22961153148372457
0.21213633631304635
0.19622967363495342
0.18300427205054257
0.16706096537858517
0.20724332975385068
0.33999474100234905
0.07099307586683296
0.35688826618334524
0.12181876723302171
0.05034928725933306
0.014083133544202773
0.0059082099588679115
0.019577678757325325
0.025574934180184125
0.01990587447653291
0.007799361364993788
0.0002892590821517351
0.006011961012477026
0.014679948913013179
0.028624742019398092
0.05027480684347249
0.0793065151145404
0.11303140462325104
0.14339814635129788
0.15391595048242432
0.1446840800731734
0.1264374667092071
0.10134068080863276
0.0793499002165634
0.03898108477854294
0.09194899907837267
0.3053657589840533
0.5091549861076702
0.2737817828894843
0.14747712300067362
0.04776866291799385
0.023705432284772825
0.07430171553831284
0.10016685930011326
0.08176634881088041
0.0533742342413055
0.14845699158264467
0.10062067858346493
0.018773087867186084
0.08078979503920607
0.16932027159726895
0.2285710815344555
0.2494285427535063
0.24903079552408813
0.23459771665895313
0.21473938647496105
0.19946909954398287
0.19196684177931644
0.20492301210929273
0.23470851551628802
0.2265732014095057
0.09800330004285543
0.021191144272413524
0.01971393881486943
0.00831351563916809
0.007865791003925567
0.019835013558511912
0.024063114668926605
0.01664912648283743
0.004051424174683042
0.004131865476037302
0.011754466012632622
0.023209352406452277
0.04056243326162903
0.011639674160385763
0.11521495193549648
0.30404214263961915
0.5305517903804836
0.31284077166525337
0.21390305233106954
0.15182321006180272
0.10817119829154521
0.06192628679878784
0.029965802712323297
0.028407288339551112
0.13216293627386416
0.18775148529161717
0.12151352527109255
0.050491721871502096
0.010362975893893478
0.04737154785725026
0.04822078729984193
0.011019749923095644
0.04403413560722094
0.07433059448972615
0.052512344648883644
0.005909391887292011
0.08453315299983213
0.15891661027321202
0.21198079137018405
0.2377787661936348
0.24230155199332803
0.23185781780038234
0.2167131776257264
0.2051837966659725
0.20436075624146366
0.2097486744899693
0.2073575780353738
0.1737171950020906
0.09703515625472961
0.03086667448397265
0.007533019538455074
0.006410596074361195
0.015525901821875287
0.02365431281938286
0.024767603654078093
0.014036769872992134
0.0008067147357581081
0.010198577635391332
0.018606573769954185
0.024631146664612247
0.011546056169241807
0.0073919983264783
0.01564094992751411
0.144998969916872
0.22589824140679152
0.18553741829236137
0.1442511803734114
0.1011174004352931
0.06506788763135021
0.05877451883971915
0.08422989959113636
0.12941514557633957
0.13846876381194
0.09935853430389902
0.04680903242133533
0.0013632533427067892
0.06621334039130819
0.21280153163447296
0.1865403177801071
0.43094436524971613
0.20421128051155632
0.0969403002253438
0.0036904669363293993
0.07844413613733654
0.1502019301948308
0.19812196279379984
0.22581060581218546
0.23486603353066704
0.22959689683556717
0.2187022892093523
0.20905353713839883
0.20556277750113588
0.20014089120872908
0.1857376076718644
0.15509816884550426
0.1022250491729031
0.053913899954578466
0.02629917031623815
0.01996150511627916
0.024632210988425593
0.02862888324961083
0.025997787576366033
0.011743727602505784
0.005194263754424687
0.015184510801504441
0.020750900095763653
0.02091154779076764
0.015589627860462585
0.027359143849386116
0.07725748536661528
0.14983271533548168
0.1790168566538895
0.15809909125840546
0.1270508102848809
0.09424038837577778
0.07431233323635089
0.08326568627901888
0.1070568309037622
0.1263900027581011
0.1165311903084639
0.08366825144085903
0.03686474652540054
0.020624922917252278
0.06716741061286152
0.07317620049150703
0.024785299750532373
0.09356964633422016
0.04993807721940442
0.011212534877338198
0.08000514972614817
0.14530576862827027
0.1908234830277228
0.21923891012482594
0.23000682395265692
0.22625918359838326
0.21603035362093798
0.20836331585944073
0.20243600959945113
0.19120210450777503
0.1713320649913843
0.14372005236055946
0.10380026778439634
0.06623521763948896
0.041584647781378964
0.03455960144764189
0.03543095866961316
0.034280143239610567
0.027167182044628195
0.010172080161896144
0.007594641881595579
0.01790541863871776
0.024024298397865206
0.027680910190999473
0.03373182148029691
0.0580353761005036
0.10046764759481394
0.1426492034357867
0.15173032937874392
0.13542501332591253
0.1128633864316932
0.09062714505047872
0.08211081056066742
0.0965032132401839
0.11515874279693389
0.12177161812343407
0.106935370583329
0.07443180987945083
0.03191456243611586
0.007509855849972892
0.022276415399259987
0.005542716497557807
0.024280971798009122
0.03434298443431181
0.011226978318709635
0.03202387441669936
0.08851317283154556
0.14311035236374478
0.18568616637755728
0.21273347077650284
0.22334918064934559
0.22062046659893492
0.21249897203092472
0.20423838375142894
0.19535087604336837
0.17998288718327204
0.15927786295496296
0.13804747613375395
0.10699852570666926
0.07571561360493614
0.053726401513471904
0.04648496419855155
0.04520438309741401
0.04082786175802969
0.030372656592893066
0.010319488229745129
0.008906477021691641
0.020399136880669532
0.02858528453658074
0.037325441457022906
0.050623126587519884
0.07596108036323651
0.11170213662085478
0.1398261684993083
0.13647279710845805
0.11811405570091213
0.10103799218895355
0.08779867012111875
0.0868021009564584
0.10164075631037262
0.11417376772458672
0.11478169860400714
0.09620204719355274
0.06527993585127294
0.031668448737315696
0.03738209065676065
0.19123751156569402
0.1912108405827061
0.41291731843139934
0.17067591008036953
0.06202606457296746
0.018861101149276326
0.08268613907464249
0.13697153994188863
0.1774793461723525
0.2043899712076895
0.21635582832552624
0.21553845837723898
0.20822962736991776
0.1986168202122093
0.1862917150517051
0.1688603751844439
0.2030005911816743
0.3336081058091925
0.07266214180696788
0.3530546418774112
0.10709477681478237
0.020110122645611773
0.022505693733163374
0.033170979828831715
0.02713632504558351
0.007332701574655042
0.01161016759559673
0.024324831233270304
0.03739601928560772
0.05460969787199875
0.019430748944745557
0.11392716786802559
0.30150392990526365
0.5217693984538505
0.2919290600834529
0.1844521443526989
0.1245406192659315
0.09789811820416078
0.09330665031572469
0.10679862858317578
0.11613452969408976
0.11254292684826395
0.09109612751086665
0.05637380925712345
0.003302235567072813
0.04498235735176839
0.05935513556633507
0.023295869746836534
0.07027735269676547
0.0224759925428901
0.03005361527316723
0.08648364218091663
0.14115306849337478
0.2233338344195803
0.39032016490159327
0.049390909671342825
0.23203519246722468
0.03384910790245099
0.11632432398615639
0.15412976514686783
0.18272557433114145
0.21501233326853608
0.21564594296821823
0.10132266078414182
0.003547750922955603
0.01388270548743846
0.02928300078906567
0.03407820194952462
0.02588454134800979
0.005126737892905437
0.014961552671375795
0.030473100876106586
0.041390156132929165
0.029476600725873915
0.00285854130724586
0.016668146544172834
0.13259947364056573
0.19517961627240535
0.14982929193578406
0.12021106643366769
0.10046873905229857
0.0965853339379514
0.1078005150195786
0.11467952427064923
0.10820567145976118
0.08504289390476068
0.047867498969796474
0.006545266110925305
0.01649262886393575
0.04761418350040033
0.1674678961847647
0.20069675137827472
0.4001023343240833
0.12126021011619943
0.022925286203612977
0.14478822537950023
0.23711785681503894
0.28715986239145963
0.20199151334112056
0.11163831246692582
0.13209841218895618
0.15301943190670572
0.17145423500607487
0.17444972221998203
0.15421429415731974
0.09588683280371209
0.04728939931318516
0.04167011096427655
0.04363599327486859
0.03994736840465352
0.026499967021287173
0.0026834250642017348
0.018744941750007488
0.032617187315915716
0.03942083407255702
0.03745316400591691
0.04376703048411809
0.08200603178586843
0.1378202175054218
0.14929247492970632
0.12262776986644566
0.10676295925827907
0.0968472465777362
0.09733121538204899
0.10754455071469594
0.1111176674214474
0.10189594622289877
0.07880762783500841
0.04741665008021964
0.015626762100874138
0.017960651687646833
0.05059903709745852
0.07903896796985048
0.02402874072848957
0.014434029891116418
0.06203760169586167
0.14677668861911286
0.20995145194929143
0.2243973246117915
0.18648574318084096
0.14807722292732095
0.1458608916371109
0.1535652321039863
0.15811034834630794
0.15141608022724365
0.13310823663231436
0.09887499136852115
0.07040446109504817
0.06279366750832545
0.05842671449647347
0.04710067854336672
0.027789763420839886
0.0017952034950853395
0.01977029771123672
0.034629481868855505
0.046056709598513365
0.05607381873777398
0.07043406715564546
0.1020208227061854
0.1290007066324659
0.12215343393450925
0.10105032285314056
0.09368376233369186
0.09088989064833564
0.09439789091991588
0.10531529700499269
0.10800862509475984
0.09795348015019385
0.07618266920521127
0.04795957330577896
0.02006592963333937
0.005116904456228158
0.02155385199808693
0.039379307684158364
0.04070880874237494
0.047371745097784454
0.09302144987299044
0.14902210293564933
0.18983188612268415
0.19794209614137456
0.1784625372686604
0.15824479785847936
0.15265702889720179
0.1506817979100425
0.14203658889127665
0.1306197526753412
0.12181631425268706
0.10261713701357407
0.08406490130885458
0.0784252189856961
0.07137454200147912
0.05470597299561565
0.0307399807341171
0.0023460785330297836
0.020918993052902877
0.039605402658083225
0.06021829518838297
0.0816884190363494
0.04584745020664859
0.09067142246166747
0.2981692890050395
0.4895993309726315
0.2468568438288649
0.15543375010004212
0.11419248233969406
0.10348724767175421
0.10554405544354925
0.104621465946142
0.09411653726552063
0.07396351637859158
0.0477658327423054
0.02211853021372769
0.04584377135414641
0.21820585725392969
0.13741281447523848
0.35492055947495416
0.09051021018357415
0.0342783069762379
0.11798968570250655
0.16113216764194246
0.17368708185597695
0.16850114855672724
0.15974409251897687
0.15112199265392828
0.13728643521741923
0.17205073937075685
0.3123007559104957
0.06910119105616239
0.3383158122239073
0.08139215911931867
0.011492892265804112
0.04944749049162933
0.04817994123164013
0.02882499307366266
0.0007403567778669802
0.02480748746549644
0.048552005708381564
0.06796323598412451
0.05758792325196656
0.03020100220967467
0.03350482802004561
0.11286625081209921
0.1509102482690255
0.12379983546746985
0.11068409140111851
0.1045698786808903
0.10506851772378303
0.10188227895421416
0.09079909349298645
0.07140539534981159
0.041764883646365325
0.009054545056083541
0.06587039285112864
0.10803401538714609
0.061289978216201545
0.01296406289415962
0.06297930390365028
0.11071083849956852
0.14481111036033498
0.15938599951687044
0.1601528992209566
0.1552425965427311
0.15314849344658715
0.17211829218538513
0.19587816000464542
0.19867710079134757
0.1083735181537697
0.019144601675210232
0.04139051788647867
0.05410554307112182
0.048480903362743195
0.027413855278915294
0.002427895922254726
0.02943718491117268
0.0517026819486615
0.0650516076355159
0.062345114112395024
0.06160320991928795
0.08634685937655032
0.11538667412671713
0.10559020442656505
0.09759497551890212
0.09704895663686836
0.09805159541321559
0.10095816100723598
0.0987794443852092
0.08759632217000475
0.0653556524499079
0.031260260168978066
0.010260271869252786
0.04249688624794424
0.05747609020001772
0.06669954059460892
0.06627813976671727
0.08694959353783849
0.11473825362254503
0.1380346974245308
0.1501804774235291
0.15371467674190292
0.15522724418545028
0.16048492940449527
0.1691658875468837
0.16343444260002207
0.1430764087850084
0.1029582958002023
0.06628080958890144
0.06688294052726718
0.06807855642224349
0.05319890884636872
0.027113450718880612
0.004320259724833756
0.031861886989461095
0.057733806300154046
0.08066971984268768
0.03329363935536341
0.12650345917549666
0.27757464596832
0.4940105671484617
0.24268003720629538
0.15214762955649364
0.11488763181295761
0.10362352494028114
0.1015950829875213
0.09693430776367017
0.08374680077274926
0.06032027334680139
0.02957139274747215
0.0005629564704662492
0.01945795627487926
0.03704415664768221
0.07028992935319012
0.08760281420399905
0.10271189065269798
0.12127042118559435
0.13702779173725388
0.14520606379113757
0.14992623699804905
0.15546357589207946
0.1587242205545908
0.1519736321994927
0.13028468172135724
0.11532899118529183
0.102429570425743
0.08736749164914538
0.08644686963403386
0.08188020938034969
0.06020537831921138
0.02942716691734516
0.004864927966026723
0.03552888155819649
0.0580359760958218
0.05114664930608769
0.017438124270572855
0.016504787675717614
0.110339820293913
0.1477404076233562
0.11391119858153356
0.10526315817202059
0.09990022722518312
0.09683658112075952
0.09104223328836601
0.07811840310692444
0.0573899452302986
0.0327852955047903
0.010576821449708753
0.0072348537604619515
0.03320129080871871
0.0770024780013027
0.10052804191506962
0.11374161362795668
0.12512495499258697
0.13357424348405866
0.14014558723064918
0.14728720880992105
0.1532101110117226
0.1499454001388218
0.13376687475403284
0.11058074151012554
0.10716296929912202
0.10647674786817977
0.10029277145023444
0.10037641541067893
0.09296951352166921
0.06718928504711133
0.03243053586887981
0.0042756255498667475
0.03425147990372529
0.05438997559221006
0.06115034167171274
0.06133836652031617
0.08207291946328511
0.11658846970113622
0.10335398528681682
0.08262273949105114
0.08654685450709984
0.09030545302913841
0.09059435645044318
0.08524185303022667
0.07340554793267123
0.05576975161746076
0.03578807715933044
0.017244227087802988
0.0014036025096153572
0.03299195118705948
0.08102983530754454
0.10676913050235454
0.11862769908843576
0.12670643589140204
0.13221523489458278
0.13744283981307961
0.14404508140040392
0.14717292267156684
0.13733155964410165
0.1659340379985905
0.29327210112942637
0.08657383799822951
0.3394953527887745
0.06975013075462823
0.029857285685135043
0.06818603612577707
0.058689545431945836
0.02944249638132277
0.005350151977897309
0.03582376791544364
0.06293289797065522
0.08369720439819939
0.03690980906416952
0.11251104520437424
0.28319168140758444
0.47787320292780683
0.230025109050486
0.14748450855014203
0.11086119474747899
0.09605003627736441
0.08481875154617768
0.07203532560976963
0.05579886301173883
0.03817421071677303
0.02823391094201093
0.20924414695890134
0.12899606579500947
0.32483468566693535
0.05644662410648835
0.04438200581519569
0.0955513797595011
0.1174336421001825
0.12915968125009883
0.13754040726269925
0.14563310249858402
0.1655002265318334
0.1844692643840902
0.17940362879001692
0.10010812751572816
0.026823034645583083
0.05724551802758161
0.0709354529615933
0.05692657049915898
0.02679513684831915
0.0077141169140098435
0.04100607208352158
0.06830674188609737
0.06478411092899014
0.028331806408552665
0.01985750624601594
0.08814387672269822
0.1256401548983687
0.1098358116832107
0.1023993787186529
0.09338793725996358
0.08323958855891969
0.07059238741004055
0.04806309453240006
0.0023828014630213994
0.06377148263891293
0.10883285506932996
0.06648280882659316
0.02717973738991232
0.06348459820032253
0.09106408890599091
0.1098961560706963
0.12196646141047462
0.13503176432566993
0.1500263039550204
0.15874421796138627
0.14530888753530516
0.12156845575971412
0.09809701369789554
0.076091081977261
0.0834831280435851
0.08353476375323472
0.06090407043285095
0.026581157747191553
0.010319074767802666
0.04370755689214604
0.06770807392212733
0.07164587139852537
0.06489638256355444
0.07815584186540649
0.09277566631153944
0.0752533142861681
0.07553254277551537
0.08343984687361689
0.0829040168142082
0.07554357355345562
0.06010972806802876
0.032205595079655175
0.008874991074334596
0.044409354636487326
0.0596191060526073
0.06456162660981579
0.07047102522644043
0.08148510654192853
0.09403407916058756
0.10543810000941553
0.11713450476465112
0.13305797643171635
0.14516421892459183
0.1400330780542305
0.11564840782459546
0.10006830231731528
0.09949063195205148
0.09648243456078476
0.10040213239165234
0.094399251648044
0.06642859167273298
0.028257409190954725
0.01146416026119686
0.048062563482760626
0.08068373760968069
0.09894976890797193
0.043731284892960534
0.12235305494481923
0.2504224674567941
0.44943210873885187
0.21680046546821669
0.1412085289341442
0.1019398661385591
0.07818802889473532
0.05440228582731369
0.026087871638109716
0.004428065903078447
0.027236380763400226
0.04146179869945801
0.06464066839742925
0.08428645695803279
0.09150363618390464
0.09768876012480696
0.10461525011599787
0.1144822275368597
0.12800270042830308
0.13303016243279936
0.1166257063273525
0.13987363148579998
0.2889631866409954
0.09230953671144002
0.34909907291186404
0.07064862446425933
0.020557197775141436
0.03803925168437908
0.01605666232529916
0.01910591299251057
0.056335102531328424
0.08312768403158358
0.06895641890382997
0.02054416267323947
0.0028334088625288217
0.053533823285026705
0.1109429575331591
0.1018169727242445
0.09076534747170249
0.07169460923217882
0.049385386130175575
0.025147252284339432
0.0020006009932106925
0.016280890856645462
0.03388100871750707
0.06458378080363321
0.08967793122167046
0.09737991158300403
0.10136137773636518
0.10563574230107506
0.11224983678159425
0.12092585524419922
0.12631617785277519
0.1415027710392613
0.16041393629312647
0.18064481653355546
0.10432651694106683
0.03053413088365864
0.04861982146746838
0.03656711641488188
0.009086238409966068
0.026065850764564403
0.06055076599382303
0.081734647050685
0.0746704444094623
0.05728368510847848
0.05638526780998296
0.059982225136406254
0.06051254829277969
0.06829943883614814
0.07039964762517058
0.06005947645878137
0.043641216870484084
0.025109108307372157
0.006903222673734737
0.01018255872834001
0.03102102436660844
0.06493485290834011
0.09253052587714969
0.10172312537808281
0.10460411268534159
0.10584963903558353
0.10939068579889738
0.11864988331612208
0.12659197029462008
0.12765579383429704
0.1257647651803488
0.1282509231650199
0.10317994973923234
0.0797430113126046
0.07105962763752872
0.0440926571075985
0.008755497260729331
0.028852460188474552
0.06661883690004233
0.09588985063033377
0.03975896379050259
0.13929204135395118
0.23801814002283478
0.4494583265791799
0.19784957636544698
0.11786495954188515
0.08309725915159086
0.06187451298436949
0.04246209776505171
0.02549920611369703
0.009769577563730614
0.006765418820242199
0.029796730196393076
0.0656658816703099
0.0943664475283242
0.1039267304920934
0.10507917237405714
0.10441859478158351
0.10750865717741909
0.11556128694956391
0.11756064798901138
0.10935046198916447
0.10573146846849545
0.11425822026894233
0.1094561911523461
0.09969731919430486
0.08434595900389237
0.051282949284676846
0.01060042030747924
0.03117385335396197
0.0637980606403586
0.05809205646361287
0.01222888316859426
0.011552438668794462
0.06013782765167068
0.10310946239997829
0.07889075297281807
0.0692797033284352
0.05545667151178535
0.03985731038490861
0.025634138477993382
0.01158422514061028
0.005093200737547963
0.029114994870350235
0.06479111087764432
0.09382987843887282
0.10411789984304501
0.10512364859072411
0.10377728683523522
0.10514201598161314
0.10845965452142466
0.10329387293771732
0.09151631209377126
0.0915598996466307
0.10536698240112523
0.11107479135114202
0.10812029955724538
0.09148390881029193
0.056527943276547414
0.013201092745738368
0.027971579152678
0.05564861575362322
0.060292913787265055
0.0486450417505766
0.049687713816713885
0.06385920309543765
0.056675569704469304
0.047268261824787106
0.04711648206917897
0.042826075002402327
0.034126564455303036
0.02387759134309296
0.0118779404359471
0.004783027728948745
0.02927432462514904
0.06379338593552036
0.09238719124812841
0.10387373693238902
0.1056439672790905
0.10348364621206232
0.10115003606610992
0.09697597173978444
0.08302548926189453
0.1225289188457801
0.28755704881071964
0.08999787575492424
0.35008848789031094
0.0740756659363478
0.01044867784381831
0.024877620509912775
0.0008901476855361148
0.032424907109681905
0.06040399454364299
0.07301286840560828
0.013674051398501877
0.1558786301795964
0.22925847984944314
0.4468710780333274
0.1963837804031567
0.10563770016137976
0.06118358200388803
0.0404926291708122
0.026672904448136317
0.013279059440851752
0.004580804244690423
0.029924939175057882
0.06295761552658519
0.09083175525694692
0.104043182452083
0.10729811412903296
0.10360926425716042
0.09425855922863591
0.09939966809894132
