0.1634870934409305
-0.024641360877739975
-0.013920126183619153
0.0026125874697004634
0.010774432894407604
0.015777307617333612
0.0213167587920432
0.028569275503136187
0.033134400074034676
0.027746345672461557
0.009771768934474512
-0.013991383467582738
-0.02441034384081923
-0.01857482269255436
-0.012829305471044328
-0.0137121564103417
-0.020206771824258046
-0.02657915821437614
-0.024110978278786832
-0.011944543908862978
0.003539874992720867
0.01564059633689626
0.01700165045958583
0.007318543822435834
-0.010444660088977376
-0.03151773167037649
-0.048642165580110405
-0.06135529452802287
-0.07605846869948289
-0.09531014390924372
-0.11977080262249548
-0.14245061949426727
-0.14545157758806643
-0.12415698935158925
-0.09151612848113315
-0.06238849446104404
-0.045342809432136574
-0.03651886119157122
-0.02998097159683355
-0.024265473588235092
-0.01806377219504903
-0.017107039697990916
-0.025480946006234777
-0.03939782160554943
-0.055020230885817575
-0.08191515927751895
-0.12366477726552065
-0.016604245708350583
0.00880857775006146
0.11729975673603325
0.09013801270285116
0.028938954588750287
0.03157519689940695
0.042035627599503564
0.053360982444016956
0.05665576388540687
0.04038695306050499
0.00504174964140051
-0.03238387694963337
-0.042554856727984314
-0.03283332372812808
-0.024538390507506024
-0.024446459035531075
-0.031643421535836325
-0.04071011240750304
-0.04029437648184142
-0.023748974504856357
0.0033510205604468197
0.02716162002817768
0.03277594396930743
0.015705362417076468
-0.012970288602748478
-0.03968679126605423
-0.05542439985562586
-0.06477514372295767
-0.07538666332230419
-0.09125225005077009
-0.11367816134218871
-0.14013148516137794
-0.14952205541452732
-0.13256748803728607
0.004991986604764668
-0.026199386267866297
-0.07096566323573306
-0.05056765090252158
-0.03960116391378684
-0.0397112224818715
-0.06064103432671257
-0.04697295302553325
0.04909231909748994
0.04967618776812029
-0.05416237679035226
-0.08262577266333301
-0.10224213160343296
-0.11723126237767038
-0.12589010953986068
-0.07891816388155375
-0.06157825465818297
-0.0496651993454265
-0.031571272985433385
-0.00635763186228285
0.011022196346975321
0.02485392657339695
0.028401652037475245
-0.033494396898339406
-0.04072735957893259
0.017213047939508286
0.08252136442512752
-0.02660613456099766
-0.04141744723362244
-0.03769855092353632
-0.03306051909329015
-0.03308857344369902
-0.017802901310284835
-0.019016153474865443
0.0911133815710182
0.0418422250300828
-0.01098003013577209
0.0070508410776850185
0.03500011073242697
0.05071098075243678
0.0369966354684755
0.008313781177104278
-0.019256194011166666
-0.0362369293232447
-0.0438610633666577
-0.04939087617744124
-0.0584543253040154
-0.07219119671417955
-0.08783805736779449
-0.10343979404403995
-0.10079195122648119
-0.10450286402409989
-0.08653129754979098
-0.04736400936423024
-0.01382340668773759
0.004204691795135126
0.0076232163166249185
0.019497635295943616
0.008183602351926056
0.004037096940712378
-0.001118439597915614
-0.012717640765682048
-0.04041534889860976
-0.06392100388548465
-0.07654987585519266
-0.07368028961086867
-0.05456415736798985
-0.03856720102228817
-0.020248581718148584
0.003864057312999436
0.026471861011612696
0.04699837870032216
0.06291302249431938
0.0673839397075765
0.08759905715826892
0.030200087940368735
-0.0025590807236317943
-0.024764435562584418
-0.036507579020134316
-0.04343814000795032
-0.04058732134468057
-0.035871123416005665
-0.03246149260311989
-0.044206609987077115
-0.030152327975302245
-0.034638805730738784
-0.03344119573742792
-0.020414339400744073
0.005853230817386423
0.03859145485692735
0.058247171332431735
0.04460058727316992
0.0033891488591627126
-0.008249366364801447
0.0802686540055155
0.04891853440219085
-0.0309032785206372
-0.04852963378171168
-0.05915146167796111
-0.0711142963070364
-0.08445227124081042
-0.09814172548175923
-0.10844426647342735
-0.11422317651578362
-0.08719038254640155
0.01819460640151982
0.06625976208955608
0.004891033598354855
0.01587233723966649
0.020834299303553926
0.02263375380060051
0.018769345900651418
0.013234956578354792
-0.000743138585993323
-0.021956604452321726
-0.046077624495466006
-0.06490088561988239
-0.07481625213780578
-0.07426896685622852
-0.06389669401655473
-0.0445476483295824
-0.006758002766144208
0.11845726863882411
0.09203863447258229
0.03896671548288618
0.05405021487277377
0.07383619651431898
0.08451576130889168
0.07466433001591685
0.029976528664647506
-0.010410835373308077
-0.0354929068945246
-0.045409309772196926
-0.04681570718232109
-0.043168155821294116
-0.04016711197090776
-0.03892280749764536
-0.03990138141884111
-0.03850023718563985
-0.041026714231656346
-0.037586434897665666
-0.022773674121688292
0.005674793620659517
0.04212970511329517
0.0639912929566879
0.050861793373050045
0.028772764078091782
-0.0014567449319189778
-0.016278391572354483
-0.027522899163179848
-0.038123563398698344
-0.04931065935402805
-0.059144712533225806
-0.06967197005194863
-0.08121205748615005
-0.0943373316760752
-0.10575951691705351
-0.10690033465470095
-0.10812034309831373
-0.10544525146422383
-0.07171099087148691
-0.012479435586985981
0.020650622336829128
0.03243353485432976
0.0028823003272765435
0.018636603716197058
0.09242893875654616
0.12836766270172736
-0.0076310145124018165
0.0340921065106888
0.09808874596862804
-0.021887511261762065
-0.058326833705500035
-0.07135840447249668
-0.07376593176109336
-0.06764472347621546
-0.05207972119431507
-0.0329730312758438
-0.02507526029333481
-0.024187508148588537
0.023259709732447363
0.13405673008784166
0.20184090089353385
0.10388866190664647
0.09483581674919732
0.07150978615068952
0.024067469728471513
-0.019019496305504778
-0.04768630479838776
-0.05397747731932301
-0.051225183454706724
-0.047025059736934646
-0.04401222204669264
-0.04254422301278945
-0.04293584115033981
-0.043644552714519246
-0.031578631553766945
-0.024666927030940942
0.06971483630379657
0.04458539448043253
-0.022435608043599824
0.07782214940035818
0.18835763245359388
0.05092581458404207
0.010280565931979162
-0.016267691681175294
-0.033300171423237455
-0.04190878010228901
-0.04609967576429619
-0.04950625215994135
-0.05439170785933608
-0.06091156745990034
-0.06865091072548402
-0.077416493772192
-0.08616863216284429
-0.096852563303008
-0.1066453412759492
-0.11595235882999322
-0.12886238408638823
-0.0863980586595181
0.03357606809543575
0.09765428697148934
-0.0008517572981853183
0.10326302966205644
0.16469369182625926
0.028550696604023505
-0.019763137142279435
-0.04206085858497503
-0.059726872416149455
-0.06888386279886324
-0.07340114541638909
-0.07283454259875774
-0.06986578381113404
-0.06897036784646834
-0.07861633663577598
-0.09190933974370283
-0.09209155342692547
-0.085573096509912
-0.07859352755908082
-0.06496581845858848
-0.021212511636106712
-0.007828963758848933
0.004551063962318266
0.034111958058260325
0.008348211538270109
0.026964171046565122
0.10335189168093395
0.13520604836042024
-0.05628746427363274
-0.01806205879431496
0.10684325699000168
-0.0037714233656632734
-0.031687903941080384
-0.04209182208951816
-0.044023386909416984
-0.04359125787591993
-0.04237019574622673
-0.04012466673037692
-0.035999417602543736
-0.038343734698690346
-0.023808346549086628
-0.025134209700915882
-0.01482011583756086
-0.00993319508746889
-0.0008144021659049299
0.026769084814731357
0.05568385038705437
0.03793837835986432
0.014890865293376392
-0.004480779142921517
-0.019329902405611315
-0.02914009650394641
-0.03496865830708203
-0.03797583188189402
-0.03970086448785178
-0.04124122564881687
-0.04329479634083071
-0.04550141632520118
-0.04682080231727578
-0.04899222791309869
-0.05076369617756371
-0.04655750382441537
0.10271477490797543
0.4674987130360011
-0.1488443247862605
-0.2562790107054173
-0.26143976463063434
-0.05786101058916564
-0.16043746111095436
-0.16177984166088993
-0.054061699968928255
-0.05746007428097481
-0.08214926537529274
-0.010093792316498615
-0.028258485908195984
-0.018624136328274088
0.0071913738112781385
-0.0041759802078794594
-0.007789035170473284
0.0040912393289965765
0.00291841642377777
-0.016147543736619863
0.001630655871839489
0.004575007178276673
-0.02549332556396241
-0.0015773277065852151
0.003018864596399292
-0.036402501252644034
-0.0034950240644591552
0.001092455393292835
-0.039919992850361116
-0.004666417752757594
-0.002086165470105983
-0.03926412665312351
-0.009258182084675068
-0.00373285841207438
-0.033022169910562435
-0.015796290270448377
-0.008473657416115759
-0.021584205931544274
-0.0263361413002546
-0.01845902008039857
-0.01729686277143409
-0.02924841825766078
-0.024103368110525346
-0.017124495672435347
-0.02745424376677815
-0.023730817169404506
-0.024420624087409713
-0.028965326329595996
-0.028974105168583047
-0.034473286560714654
-0.03022416219187844
-0.031431143570422315
-0.03911901092048291
-0.029272312100604807
-0.031899121748426205
-0.043456786290959434
-0.023288665004775888
-0.02497810933607033
-0.019882212927689324
-0.015027139205518089
-0.016641505450286642
0.10984226737161948
0.0063229886865429075
-0.005680821007669942
-0.012034669550659387
-0.03245402620697872
0.001542003128151929
0.000019600459938244146
0.09195730181506712
0.08857688015538971
0.0011254895903532274
-0.04689435074749745
-0.1372575242351539
-0.3069669640513025
-0.13723441451454896
-0.13455161838461166
0.5046030712621313
0.24832193737251262
0.11061902621840573
0.04503776604184514
0.012932226605817203
-0.0007049973193651304
-0.008461664527338875
-0.023539275364557837
-0.03247672913531804
-0.03824089443294636
-0.041341765099431514
-0.04130330224576003
-0.038969282156470775
-0.03415618924339577
-0.02804651288806914
-0.021476362789636754
-0.018059849310867647
-0.012539368467218334
-0.004765365396022422
0.012145699822651384
0.03687391000801954
0.05382888199341351
0.041381435084591654
0.01968838085729304
-0.0011865509204794789
-0.01785285916502492
-0.029050329275660723
-0.03577229420134961
-0.03896361466694864
-0.040204536994311035
-0.039821402421672536
-0.038220762075164005
-0.038151741664967376
-0.040104688198071746
-0.04156072404581139
-0.02507825520162525
0.06210353090307782
-0.004464235926386525
0.0250707540598738
-0.3462216003384352
-0.01983370770170375
-0.0957396312121652
-0.09628391985325188
-0.10111609300008706
-0.067846890717904
-0.022140658414283775
-0.005622027684112722
-0.0013748784726850631
-0.0035732665134330377
-0.01167191296519321
-0.02444396496519341
-0.04555459254405907
-0.05663495164129784
-0.05759114202760892
-0.049075277494948596
-0.032414560224634334
-0.0176383306800935
0.003802095404279264
0.012993549353468303
0.005706703234545733
0.012099942643859312
-0.002845972027463173
-0.04978211821448568
-0.163816323714302
-0.20179721606412165
-0.15102250121640534
0.2549863482298811
0.1881348034799052
0.12351103288173404
0.06349980658607128
0.022513998471428986
-0.0024308633227998477
-0.017170157859074386
-0.02968772483147512
-0.038000164721995376
-0.04203781554824797
-0.041393442353396634
-0.04072964134022139
-0.039715291968952515
-0.038653788704266875
-0.03656507182806783
-0.03347140831440831
-0.031138961919858026
-0.02794606175172909
-0.020622576360051863
-0.005739325422161601
0.009375019519386648
0.01440064209265383
0.0015123798385559737
-0.01489622852824409
-0.02646459357491915
-0.030733555976728926
-0.031736324107052294
-0.033498906280058915
-0.03471587156047877
-0.036370703006919546
-0.03982466514538948
-0.04260432192071747
-0.04203460739177156
-0.038907662304048705
-0.02731022598042347
-0.007336526947001784
0.010247054540107697
0.09151983134895329
-0.0061310410159546675
-0.033063682461834484
-0.03166592121065237
-0.027431104826679358
-0.011870569354099358
-0.0013588524288105086
0.0049298010300326735
-0.007707043449953951
-0.006231650902891647
-0.007111657888312547
-0.011585270636213138
-0.02107631479544773
-0.033373548021116514
-0.04410182395796251
-0.05048763828402766
-0.05045641498477675
-0.044151302569740244
-0.03297608068730862
-0.018814577841308838
-0.005223861309051059
0.0021907565340710073
0.002577569073339096
-0.0029565220292939363
-0.021220021830814693
-0.050581333003204
-0.07409946722626941
-0.07505542504655091
-0.03250344106902707
0.05574755739940096
0.07278098451588537
0.05789887590303948
0.033212994016390926
0.022954798847971324
0.00876776337479383
-0.005144312491533465
-0.01769152530952519
-0.02720534246960486
-0.03330458146878361
-0.03654737052686393
-0.03614742867216414
-0.03313252832937116
-0.02778892719915438
-0.022373510978404936
-0.016544771241345423
-0.01000734782806582
-0.0014382447199086843
0.01063315318513484
0.025839764583326007
0.039216572909624624
0.04228876683950204
0.032393220838592605
0.016856744402078405
0.0010353143579755475
-0.013393049450115732
-0.02552560447972585
-0.03114485178501325
-0.03355955365821913
-0.03275854071820794
-0.028134572965791325
-0.021601974547539503
-0.01432195533820883
-0.0029130210187551984
0.014989710124843255
0.042007053069086184
0.06779319330157407
0.08675161605194659
0.05762367674195986
0.03022944797349973
-0.004430353101036825
-0.011649692723109303
-0.008865496950478113
-0.005827006302544513
-0.011093539083060766
-0.010737923505097318
-0.013460675491613894
-0.013627174715878931
-0.01886620473040279
-0.024369975296933043
-0.03357966352756333
-0.04161151613888044
-0.04561452422277956
-0.04403377433507383
-0.03703603407628746
-0.026064668172039084
-0.01465788685357165
-0.0046952717959171855
0.002430339504713349
-0.0016368253169429803
-0.012095918756347043
-0.029393244117790762
-0.053354010829615814
-0.059229137538569884
-0.03683179977540715
0.01917554527376797
0.0922635289816015
0.10908955792611771
0.098149485692093
0.07000740189816927
0.034857831053452346
0.012750739307433498
-0.004498091781141208
-0.017902626573542506
-0.027962226013961144
-0.03461216052440893
-0.037919953448466256
-0.03802820057287234
-0.03555869233270448
-0.03121147784988935
-0.02590843332866059
-0.01976643129732984
-0.012512265777195702
-0.003206901580741217
0.008555860065450801
0.02132740012788089
0.032270476563839676
0.034552384991560034
0.02556015832076782
0.011392210980477602
-0.004035883765691195
-0.016786460320873574
-0.024886612128217633
-0.02966707247288462
-0.03122387133278226
-0.030192639736180325
-0.027108298962752835
-0.022628000199045133
-0.014199048583506402
-0.0006906169371935963
0.018106610644694765
0.04021375029308309
0.056869896816624244
0.05985766642055912
0.043070413372017224
0.021136437633154464
0.005489684398862216
-0.012870424429929916
-0.019499771042714907
-0.017853241730775293
-0.010415694347626347
-0.008635268379265093
-0.009078549594057258
-0.012312639733183159
-0.018178071421426543
-0.02566429559444176
-0.033285630976290226
-0.03923706432182816
-0.0417210993427312
-0.039779847685137426
-0.03348982644316212
-0.023942720854415366
-0.013138608193238865
-0.003900330610484004
0.0009294367488205113
-0.0007082797087717049
-0.009628752559400952
-0.02458872790441935
-0.038708903999430576
-0.04388574765733455
-0.01847933667908752
0.01878524648886567
0.05994493193807534
0.07588320768939802
0.07268591436671838
0.05529069974954652
0.033440122825843896
0.012858580792082241
-0.002984929607856198
-0.0173647951275685
-0.02823203403185167
-0.0365114604227614
-0.03944451764151591
-0.038616342948596394
-0.03490173442702471
-0.029896266174405106
-0.02494668122871746
-0.02105840284836421
-0.015382020344819058
-0.008196309776805263
-0.000015085728918654933
0.006843612378680623
0.00896547695284485
0.004918471354731779
-0.0007172957165729743
-0.006968490435788066
-0.004778879208131026
-0.0035996276860208085
0.09087510398148999
0.06660587309605726
-0.01271956231186718
-0.027027361983461562
-0.02961556995062231
-0.02709820705996069
-0.020697101054598287
-0.009809676200654243
0.004508711926823709
0.022268561926840534
0.03944538095699816
0.04888780261954884
0.04645157382008473
0.033461657620645166
0.02094720082147672
0.008375954586805068
0.0010539696670876695
-0.0015951669343061692
-0.004082308015431191
-0.007367584570855401
-0.008354451204514723
-0.010265003885157609
-0.014046953423246616
-0.01967647462028229
-0.02627176866484745
-0.0325410881000171
-0.03703867814395394
-0.038527188466639384
-0.03637543400886438
-0.03070904037288491
-0.02257865328941585
-0.0138570815121943
-0.006913580019085042
-0.004018855639339644
-0.006675103170961649
-0.014580493194615851
-0.023703689554734158
-0.027085703278001416
-0.017398529050577927
0.003248681046659023
0.028756113405165228
0.049320338315301804
0.05502494464668162
0.04991194700807815
0.037474145524398206
0.021380570355784556
0.005026332909358981
-0.009792434228109714
-0.021827890104981578
-0.03040985298097802
-0.03458928862889658
-0.03674246357515121
-0.03609892726579966
-0.03323075811877278
-0.0284593381031197
-0.02192593462500244
-0.01297950686486064
-0.003471589020916562
0.006999566554268441
0.01740071604401409
0.02544428412539416
0.028430047178034844
0.025741332016262684
0.018684703920384314
0.00964899667747358
-0.000013822723285428218
-0.004571782281331815
-0.01109969352061868
-0.015111915063277248
-0.018956829366052846
-0.02459967427587843
-0.026136249663471132
-0.023783447215529795
-0.01769762147426098
-0.0079801862758964
0.005914336400787054
0.021536526960271307
0.03533406700981512
0.04350840205692671
0.04328416377529731
0.03500766537511468
0.021313422977896068
0.010651095306213148
0.004123452402316671
0.00023566467058810936
-0.003200618412094551
-0.006050777407202354
-0.003879216033843928
0.0025469751928799043
0.0030135459072176225
0.0003811771612536689
-0.005815278595811916
-0.012911552269850857
-0.0183439648461368
-0.02113686895754363
-0.020630175418194972
-0.016766306441136636
-0.0103264005368738
-0.002865887425638758
0.001623832564855062
0.002702611280365752
-0.0008463628710888201
-0.010866065623909757
-0.020002729944908853
-0.018683364608534002
-0.00847594514332417
0.008734505340031359
0.027433573907148883
0.04129182540721921
0.04552623353650642
0.04090917361075308
0.03132894951431579
0.018709037187340887
0.004930592916301084
-0.008131442960075397
-0.018980486712472287
-0.0269220190502234
-0.03185066547933509
-0.0341406800506124
-0.03385023235488782
-0.03128338036563705
-0.026640852629553624
-0.02012910842941603
-0.011514284898603105
-0.004596935763409952
0.016880614910023684
0.11229114194275544
0.12835502901122675
0.042920666028000154
0.029185880130174757
0.02144153709282152
0.013862212205217328
0.006285672266554225
-0.0005731840215518943
-0.006327717584564407
-0.012260565741959994
-0.016732345487768994
-0.02032320141106973
-0.02303289339462648
-0.02340683391370465
-0.020605768345169178
-0.014302029480436906
-0.004576135881646515
0.007878190699871317
0.020947611552537364
0.03168986350254199
0.03737551926085825
0.03647113034097723
0.029807851769289573
0.020278829494758493
0.015128744783101111
0.022139479911499338
0.027054237964226346
0.030760770544972504
0.02603775678192144
0.007559547650395534
-0.004063353401635994
-0.012970062508010732
-0.020677037808634058
-0.027289269170323965
-0.03219177009570899
-0.03489976346990294
-0.03517291805261595
-0.03309787873764791
-0.02909287720626208
-0.024020139269958683
-0.019187616406480628
-0.015922239730460735
-0.015018949526165448
-0.01569985322222171
-0.012072281368447995
0.0005822858776867909
0.01658070963661403
0.027109194151402526
0.03430530649686181
0.042751913207317305
0.04354398594650588
0.04242026086720012
0.036003228528976305
0.027307239006907347
0.016638703884669186
0.0049231271706912105
-0.007382912329916835
-0.017313452952759843
-0.024659588882356608
-0.029671627767203224
-0.031970899099330416
-0.03184813003851927
-0.029592439092390364
-0.025374405995009324
-0.019490106824579155
-0.012233620723551091
-0.0002862638258852949
0.0051059501789409625
0.003214584719065846
0.009611746493659406
0.024085178725843558
0.02185181729898622
0.01710334606424761
0.009568171830493893
0.002026086279277954
-0.004283069563109273
-0.010039576231721248
-0.015250801473261449
-0.019115341244929085
-0.021657378525435367
-0.022713631707612092
-0.0216431360044748
-0.01782427480245467
-0.010967620230558639
-0.0012541780790085537
0.010336306945522197
0.021630675411326388
0.03009488278315542
0.034374388429536294
0.03254224294787741
0.02370278467735724
0.014082181265264171
0.0019867931722598415
-0.0013336849904381036
-0.005606856156590105
-0.008081292414285162
-0.008113556906429453
-0.0018706795302203538
-0.006240896944296748
-0.012628540966008184
-0.019897582364353055
-0.02639684153176114
-0.031219307643129968
-0.033900431578693935
-0.034333926626427355
-0.0326846389306736
-0.029347052640175307
-0.02510882848050011
-0.02106770732333822
-0.01819847588853322
-0.016440139314139644
-0.013969551508296596
-0.011086100341508772
-0.008020654565539798
-0.008330743820287497
0.002418089953090304
0.01588842046184591
0.02830396449789478
0.034113289524449475
0.028053916287664554
0.015917339873369372
0.000562680167880784
-0.010465570752482186
-0.01854110247310988
-0.025188294500837115
-0.030420336045155854
-0.03404144271872522
-0.0358334307032047
-0.03551405829390379
-0.03313304911080783
-0.02886654370841772
-0.022944390317452917
-0.015546304997466714
-0.007288722445037607
0.0006679615181826026
0.005071734390389623
0.007981843894889207
0.013255833183040688
0.01818738318743037
0.018243981967207373
0.014710272525522336
0.008885922885109587
0.0028406504350865966
-0.0025583601161116576
-0.007969395811303626
-0.013349016438492883
-0.018173705790198724
-0.022137366978337014
-0.024929696265305057
-0.025961238851377282
-0.02467523065287062
-0.020916098773475778
-0.01514909887989302
-0.008498529722499315
-0.002926218504686514
-0.0002293143556414412
-0.001875996954382638
-0.008218252783061358
-0.014563472893179275
-0.015604574677871574
-0.004522330048769748
0.00015247664548837897
0.00016605535721433048
-0.00206874338941306
-0.003170250041435822
-0.003474384533917093
-0.006269598590747013
-0.005385708825352646
-0.007553257790752221
-0.012500633081759157
-0.017419429422671683
-0.021278592806400397
-0.023388367802529102
-0.023481578845016747
-0.021686507551468837
-0.018654237132172402
-0.015378856552371405
-0.012685171552307048
-0.01183343092126384
-0.012510625696815492
-0.011045515468443753
-0.007357143636119168
-0.0023545628918608674
0.00695039460336444
0.018030884061392416
0.027876529203340605
0.03304762470066984
0.029566100431026403
0.01420207348505583
-0.0007616062520913551
-0.01201668290912598
-0.020344728925488408
-0.026310921554350553
-0.030577499628759996
-0.033312856532954904
-0.03451915792761144
-0.03392196993575662
-0.03143586105148459
-0.027214065334048576
-0.021508498724192582
-0.014704018645578243
-0.0075937682286547625
-0.0013327405046061522
0.0032639096021847003
0.007292205848250337
0.011467088023725352
0.014380606874458413
0.015084962000803856
0.012743747181385897
0.007598741490442706
0.0017961090207565165
-0.0034826994462426137
-0.008550585939636757
-0.013420057263773821
-0.01781664907969105
-0.021392684884328588
-0.023652648947298238
-0.024181795467044243
-0.022710924331697156
-0.019298698358539333
-0.014496952618659836
-0.009399624778133425
-0.005734107294202984
-0.004962136643191044
-0.007580847168603596
-0.01223026190601273
-0.011875722672916405
-0.0013778911480640441
0.022243293233955946
0.11334626846868238
0.1301291084474789
0.013840541987788687
0.0158873722739733
0.01609427188865198
0.003657950901202467
-0.007523113826674958
-0.017077921149851738
-0.024680553788215914
-0.030231858468361406
-0.03358327582173452
-0.03494185034874975
-0.034688252600259914
-0.033195600763076816
-0.030654085194600594
-0.027726481999375368
-0.02421687317992194
-0.01673049039487303
-0.003237607689084432
0.013473209676097553
0.020898484860119214
0.025792043647938634
0.032641601696969946
0.03540267082931888
0.08091116692150957
0.29819852094368826
0.07726248492119911
0.03293820053256051
0.006151239991987745
-0.009854838702465323
-0.01986016929612126
-0.026228602908709618
-0.03059252874651993
-0.03308955399523343
-0.03386769714720721
-0.032948921948735374
-0.030356378930400295
-0.026212202781141412
-0.020795670171473806
-0.01468566130939375
-0.0084792760470583
-0.002820392606341926
0.0021300283249296266
0.006830407774737942
0.011376325977261275
0.015190352911853555
0.018052882360910703
0.01757731762714765
0.01193928207651666
0.004409664421656245
-0.002741963168932937
-0.008917944911842057
-0.014103025906239686
-0.018319808365949153
-0.021353630699225506
-0.022990426490573923
-0.02300122689543401
-0.021302451451853204
-0.018119609017349103
-0.01423884610341819
-0.010576677134432888
-0.008431273991448645
-0.008148568470497941
-0.00832883405358309
-0.0048726179165320405
0.00360300741364968
0.019754480553676457
0.047723797636936204
0.0373324595259635
-0.004515788101940496
-0.009901072700736665
-0.011064127543464568
-0.005351258005464691
-0.009798804787003273
-0.016627526705681833
-0.02379728087230452
-0.029686618199300335
-0.03370808216909864
-0.03582502224387848
-0.036252893975909736
-0.03511038210952333
-0.0325022368107436
-0.028712725213219846
-0.023179706976471464
-0.017134377157842683
-0.012016923662646433
-0.011292679152499948
-0.004805476764685087
0.003913889320148837
0.0121296167223293
0.029141042367747394
0.04077158352095619
0.05006749602396018
0.028415783032805973
-0.0006515564767041923
-0.021641385936680784
-0.03421013884380061
-0.04051506747179264
-0.042320150317721184
-0.04148508534574029
-0.03914516080280965
-0.035685704505104186
-0.031150272698936925
-0.025706647065338317
-0.019650133448776606
-0.013343463136384348
-0.007496835082105672
-0.0025808387637501116
0.0013783688814050787
0.004581290293844872
0.007250610971696511
0.009754188639054159
0.012073541601559379
0.011771729622337228
0.006766952414025695
0.0003067371384204062
-0.005578019355704789
-0.010727083889822131
-0.015396250018194965
-0.01973499114031922
-0.023573760853202917
-0.026636009048377672
-0.02877505802202122
-0.02987959416572169
-0.030107670441384404
-0.030157923741869763
-0.03110059937235843
-0.03373987576306544
-0.03750866230091798
-0.04007200577038905
-0.03819959966708124
-0.0289837740678367
-0.011255032906417791
0.0032406686239178084
0.012719849083764334
0.0019754624778099234
-0.0035064491922328265
-0.005870287963186486
-0.006578416064455528
-0.010466820750997807
-0.013697833333163694
-0.01877732046187408
-0.02435028771654894
-0.02912888395057822
-0.0324353445616112
-0.033953686836680395
-0.03331028618503466
-0.030605377972324953
-0.02648508573172929
-0.021668013140493197
-0.017384563391286134
-0.013083406071392283
-0.008026579030242325
-0.0018864914323392843
0.006413982658478775
0.016986171394704857
0.029496639543217427
0.03930316474891819
0.039932706303330755
0.027245585049738657
0.0064234951604239905
-0.01630360516513644
-0.032659891558573705
-0.04109007797356401
-0.04359818571757601
-0.04271142567183139
-0.039826342369581234
-0.03575096208812486
-0.03073797122206475
-0.02518380470381295
-0.019342277310735644
-0.013583118578671671
-0.00827947077029989
-0.0038267204288294776
-0.0002490877660127344
0.002766926240854358
0.005652685035295035
0.009148759457861163
0.011835112472702674
0.011749258389762523
0.006582407669677807
-0.00027109447248892715
-0.00653981035865651
-0.011735781667249017
-0.016118294387292103
-0.019979874872803987
-0.023330262637210053
-0.026245419410417064
-0.028381155362444864
-0.029741785175488682
-0.030791014644826108
-0.03217058030949201
-0.03454094946408581
-0.0378602746665363
-0.0406767522517539
-0.03862363409162702
-0.02701893208969075
0.004373517923253653
0.16178760082714794
0.1140141503290378
0.02307772296623397
0.08300788722791257
0.1704312990235139
0.008204619181681472
-0.002824428967670249
-0.004248312451829439
-0.015013311726873035
-0.022864880052137864
-0.029887964162224244
-0.03532047668348785
-0.03895820639325347
-0.040565873154010945
-0.0397904346384174
-0.03678919165478782
-0.03204249035084835
-0.02475866750604646
-0.014742781781507674
-0.0025600263332187234
0.0048516969921782085
0.011679808175297051
0.020637113554042297
0.02919382819237759
0.08270323103394095
0.29303309759711943
0.0944910036687587
0.05242743496884898
0.018075753875674654
-0.008511018985702761
-0.026994004692838712
-0.037722603945853736
-0.042872173249493925
-0.04337763291716294
-0.04072931031877003
-0.03643760798615133
-0.031267092399934936
-0.025508598534317122
-0.01975325795191422
-0.014308248954792435
-0.009386512157051516
-0.005102230358161412
-0.0012821669726353901
0.002634515569440351
0.007124698583107862
0.012597846666636733
0.016755741894219543
0.01737634614857264
0.011801970155928728
0.003509876082370411
-0.00479363868325348
-0.011555143316641092
-0.01678128048398083
-0.020799107005055606
-0.024133248696850407
-0.026843364074739345
-0.028902781111942444
-0.030727576055704087
-0.0326107924588361
-0.03488710808833025
-0.03779997553085279
-0.03999322674470803
-0.03834394542889715
-0.030840641714019457
-0.011285191464769178
0.02809274819447316
0.036307419375942174
0.032961989022120185
0.02710870555361659
-0.00976816749984418
-0.015576694202591076
-0.019420379595142905
-0.019980330101087018
-0.025280127826576293
-0.03135341938061087
-0.03686666197669738
-0.04084506056057573
-0.04252181012573501
-0.04166806396802318
-0.038129732961756924
-0.032336395380864934
-0.025414481929621112
-0.01850680490612026
-0.01336208828620363
-0.00523735607405614
0.0032148345263716127
0.010452119362796553
0.03106252682835283
0.05060329481178313
0.07781929405516234
0.06153693791844865
0.03571241494894499
0.0033229305737103587
-0.021053700825805304
-0.03757592970109266
-0.0450584025674237
-0.045507238058813404
-0.04205922448940247
-0.0366080921854256
-0.030530123046348945
-0.02446158754438673
-0.018592310073428098
-0.013488395924300772
-0.009309894045344547
-0.0060512785056439835
-0.0034036113853874728
-0.0005917077120430141
0.003048351293229816
0.00783794752019118
0.011442248427039892
0.011674809503661548
0.006285050825044677
-0.0013113637802876963
-0.00870983368449448
-0.014504860898773194
-0.019011355725468047
-0.022733130260207218
-0.02627644498555589
-0.02951590540955229
-0.03295127602473062
-0.03644610301050066
-0.04033330048687611
-0.04503114859782702
-0.049740684819032197
-0.05246543062508158
-0.0500704206614457
-0.038818586530868227
-0.017724803054371963
0.007207183851807852
0.02379007103768945
0.024699959675762995
0.014834428865663404
-0.0034566724226468377
-0.011553855330926899
-0.015540583599409538
-0.01923036565194066
-0.02446669569475572
-0.0341056096618253
-0.04983833854375712
-0.0448952251012739
-0.018824237387265096
0.18780225529082337
-0.0066409347030070105
-0.02248004170379181
-0.023010319631839676
-0.01764632848967218
-0.011289048636956752
-0.0038401060390991226
0.004997474679482861
0.01927539219204577
0.04397634188981407
0.05832464934559153
0.1033533123277719
0.2861993397009912
0.07128582615075041
0.020405063777766408
-0.012128026803705136
-0.032274278888856554
-0.04243211941791114
-0.04585026313107625
-0.04346460491779891
-0.03799500570072408
-0.0314916627857977
-0.025100044340898298
-0.019351760269152123
-0.014288458776501497
-0.010451002951305893
-0.007472541384794437
-0.004802539495855259
-0.0014936422048307993
0.0031446668550555446
0.008459463962882663
0.012490572764902175
0.012703675519145457
0.007281186134803405
-0.0006298795962354313
-0.008726825467278062
-0.01513720294282502
-0.019951617389692422
-0.02371824190342172
-0.02701534672536125
-0.030517112497496595
-0.03412864435433409
-0.03823608572492051
-0.04322402044161493
-0.048484978546918245
-0.052531535156724415
-0.052425816873427254
-0.046036043518548994
-0.031077196568447357
-0.008798794202366327
0.012339336478336405
0.02259740163515304
0.024094277420981802
0.013535074456877221
0.0015222129104262387
-0.006504762286178393
-0.014051341298968642
-0.021315408054137418
-0.030232483089791356
-0.036962872090613816
-0.03708369423002419
-0.05077365942057007
-0.05817632920992688
-0.039956736258822866
-0.03289677693746089
-0.02528601448468874
-0.018231156356673755
-0.010559559655717496
-0.0016953746896036792
0.009905467966599043
0.022534383452273803
0.03277664934559592
0.05549816930127331
0.060889755616271676
0.04984903541567942
0.02453711652821137
-0.0014300564916515843
-0.021003746912945192
-0.03602761478711469
-0.04266285390962873
-0.041996270724729556
-0.03634275674464412
-0.029917364772447663
-0.02366379881576397
-0.01840270417585018
-0.01417552747295936
-0.01101844848803731
-0.008749245455931625
-0.006472860847439588
-0.003013822688090288
0.0030575036528773802
0.015849347569461363
0.07839253970721143
0.21457097000930367
0.02779851101314309
0.000628311057814801
-0.011131041942984976
-0.017895589512809305
-0.022423526442900688
-0.025805792948103517
-0.028952800132638717
-0.03231694709037188
-0.03606681636292575
-0.040654171153659366
-0.04584815454981147
-0.05055766692344292
-0.052342211222889956
-0.04747493708813
-0.033196167198569035
-0.00905954304289025
0.025270457167298848
0.1263762207068255
0.1663299830029567
0.030185657481175965
0.0120805963321959
0.0022382588186118752
-0.005931633383618648
-0.013955166116223494
-0.022179578472206012
-0.03034646707733476
-0.03810278712860123
-0.044664497029640225
-0.05441127675861431
-0.057573573165469
-0.04817608766850094
-0.037484950919299084
-0.027468325954886724
-0.018445928175260622
-0.009459179160356546
0.0002356910480233454
0.011067206686458664
0.023777514935415245
0.037493231735728126
0.04977516620337704
0.0526959615655274
0.043154582566213295
0.026922750723556065
0.0065786000293927005
-0.014826017485045456
-0.03003437531906924
-0.03824625747853676
-0.040306854126902124
-0.03726303799491034
-0.031186862463468877
-0.02488718724562189
-0.019278465845326925
-0.015154328401563721
-0.012170057894720551
-0.01006668094560681
-0.0075863291588597805
-0.003301675977013437
0.005193108575592224
0.017214815605421374
0.022398142290472323
0.010206898681757911
-0.0016900499062964351
-0.01203374033166634
-0.019150482257222677
-0.02352293158978595
-0.0266178387401241
-0.02980692508531872
-0.033240510899009146
-0.03780274593814544
-0.04312525319941973
-0.0488949292325223
-0.05294166468748659
-0.05178584638916332
-0.04422799772768364
-0.0290404633352509
-0.006858350077652195
0.02957640983211792
0.046736713260789875
0.022135266402527796
0.01257003963510232
0.0033963278603943436
-0.005950048052145903
-0.014542675400815072
-0.0232959681210404
-0.03308741733288841
-0.041704530376218685
-0.049776924616372994
-0.05751734000086828
-0.058482621882893035
-0.051946674302759864
-0.04165196104918852
-0.03045122958960071
-0.018908817718318132
-0.008991237563934867
0.002059556264933371
0.013064743692011346
0.10179715179097253
0.21532825352991264
0.09292978775515456
0.12623313463765903
0.2977469259744516
0.07721122882646259
0.025787520390946526
-0.0034922384750855446
-0.022502557947386613
-0.03568779579567638
-0.040016675622620755
-0.03854706282435265
-0.0327082353747434
-0.02612960817050018
-0.020488613600213406
-0.016276284334684386
-0.013338398657424071
-0.011183243272478438
-0.00846704929084304
-0.0034662534361514417
0.005042145021842045
0.013330993526225837
0.014960902093942297
0.007805775404676382
-0.002645878863308619
-0.012645593650078743
-0.019910127477847005
-0.024406907154069235
-0.02765701891817037
-0.03084126139352735
-0.034947683719109654
-0.03982645840642748
-0.04600135879355057
-0.05166365815804708
-0.053771210736531794
-0.04908870310171824
-0.03718501059590966
-0.01908822599027471
0.010703956163216993
0.046668421257323366
0.06454516181947238
0.1226818195769521
0.17175334764044575
0.005731356746618474
-0.01803633359485598
-0.02515496768280982
-0.0296419400762038
-0.03912017258963063
-0.05636008352324677
-0.05183887938446689
-0.02239312111499988
0.1466305133243534
-0.025388263789423347
-0.034057279790645587
-0.029663248628727934
-0.022980710304229546
-0.017287345877359805
-0.00865430212684426
0.20417649693745138
0.6649502297835443
-0.04190832015116701
-0.1813278767748175
-0.18214483882286767
0.07590257578938886
-0.09985898628421938
-0.13759962844227797
0.028837986575653656
-0.03158564371071815
-0.04831568778262167
0.00520474941618961
-0.009747374056887081
-0.020714624062068514
-0.009284065224183421
-0.007836694437305577
-0.010467805583514456
-0.020836568667981042
-0.011738463811561222
-0.010516539782993533
-0.026210209938600425
-0.019737271916608717
-0.012561712963431265
-0.029283311372443888
-0.024974199033739874
-0.01719786560687886
-0.027192359799193915
-0.026856944601681053
-0.01842969772409294
-0.021738468258077535
-0.022739904529722375
-0.017560476146736097
-0.01520363893874462
-0.01762352734116161
-0.0125283539856752
-0.010911697192103609
-0.012651019950261078
-0.008387397301504545
-0.007909490017443307
-0.009197611874530165
-0.005469999001915619
-0.006038867957503895
-0.0074574915312695484
-0.0038936914564602354
-0.004832017740345473
-0.006942202472395853
-0.003349461785377058
-0.0035201166896457288
-0.006516667103119897
-0.002930289573152741
-0.0012690827369384503
-0.0045193875516323185
-0.0015642519894820683
0.002028551841336916
-0.0003485825315591162
0.0007824709338745869
0.0049104916889802785
0.004896565793922614
0.00303377100881963
0.005248964617140898
0.007960680336770814
0.002762821104008902
0.0017624779946105267
0.005494158574420038
-0.00034345968655831915
-0.003432091378609929
-0.0008852228562726088
-0.004413803963172111
-0.008686306425313428
-0.008175257400122779
-0.007940034947764667
-0.01260315927255303
-0.014021478789078187
-0.010446352626737876
-0.015579704777542818
-0.017838464748413663
-0.012697945200926635
-0.01874167811682722
-0.02103603164958945
-0.015933310857407977
-0.022654111138705007
-0.024845346101085575
-0.02044359461078153
-0.027347368499965885
-0.029533493123006425
-0.02637549192159287
-0.03307776821400192
-0.03512637163390657
-0.03386834956401408
-0.04035940127896043
-0.04233513905938106
-0.03831084544811144
-0.047529250007663136
-0.045535748304138535
-0.04048234545698082
-0.04886212760574364
-0.04527990503140474
-0.03701827701963719
-0.046386937195448584
-0.04010213352012515
-0.030644986970515174
-0.03884820341859848
-0.03279280109146003
-0.024503124273859332
-0.027925324512043475
-0.021852363730163936
-0.02027869737695439
-0.016927473284187682
-0.011131334219792177
-0.019212429446807493
-0.012027447865739135
-0.005932973476647045
-0.015244395365844507
0.0013478083585442373
0.005512133674999142
-0.014026184063196298
0.003908022427404438
-0.03558656129166023
-0.1742007729081736
-0.34630957964674275
-0.16672495209051297
-0.1695058644953666
0.43453723754626716
0.19180630414464772
0.05365556432927928
-0.002020677253397052
-0.02508143837633518
-0.04998884839888622
-0.06458076151897307
-0.053645468326555076
-0.04242284120991979
-0.03207430701775797
-0.020303053068200426
0.015119567353775731
0.1251541548653375
0.2192142100908238
0.23578179777052438
-0.13091577109716887
-0.07192877793960033
-0.03543344053415628
-0.0087523545086358
-0.0045271482750760175
-0.015281603484493441
-0.028126749756079983
-0.035533528558668134
-0.03821054671288182
-0.03550523139049133
-0.030410230307783004
-0.024339457225416306
-0.020000271022827348
-0.01804310919150102
-0.01660146746658357
-0.013162977409276005
-0.005637960898211558
0.004899789559359251
0.014127062205524326
0.0161057850823985
0.00855650846368276
-0.0041943136191955705
-0.016759052671611967
-0.02529151985588877
-0.02906545674953409
-0.030198907552536996
-0.03177853136520914
-0.0359880052936488
-0.04381454339905796
-0.04902493001812318
-0.04741751836191762
-0.040812857608746866
-0.02758756068525825
-0.0027102501652555753
0.026649986234769107
0.1034269628620003
0.18063467684821755
-0.06013172457764467
-0.16484944527931109
-0.18634916823410508
0.18047179499384264
0.11574773339709485
0.06187651607386935
0.011385504128745654
-0.022264660713683198
-0.04762586282417788
-0.06053203400764133
-0.05655592815195325
-0.044839648475293134
-0.030095350809734765
-0.002068756169498198
0.04992462447145851
0.12026586129650371
0.14435022848565832
0.096738550993928
-0.02221158136878269
-0.04244487480016583
-0.040709798389842455
-0.027917214584245453
-0.015583012096075193
-0.014148955642326138
-0.019336162488800917
-0.02578024610342992
-0.030257680866871972
-0.03015350460427557
-0.02690919673608535
-0.02322935112996564
-0.020808129217977367
-0.01875807893804926
-0.016508379422339924
-0.012169748849042244
-0.004558576798971425
0.004734253519958857
0.011875324811090882
0.01238987312902599
0.005177884712389003
-0.0059134981074904225
-0.016622947435567064
-0.024096212054589193
-0.028100771487047926
-0.03053907928847614
-0.03262467685340942
-0.03485487753153975
-0.03556602177538763
-0.034902423791658796
-0.029304393644905745
-0.01829758254218994
-0.0029512129697826612
0.013342713356026364
0.03153180216959558
0.011644660699456726
-0.05845101758381599
-0.08394918139214688
-0.047121586786408876
0.0546150048596152
0.05458776884184946
0.035747591789579425
0.010934020889936854
-0.014984129768095822
0.030222213308964872
0.052504366886311216
-0.07548084566431672
-0.09784198375153894
0.2746955589731864
0.055842421796421335
0.058812261696928325
0.08110496014171631
0.08817863626435977
0.07135294014452324
0.04397078958370548
0.12481138205201026
0.055217800575773454
-0.03047830777267132
-0.026894168462340644
-0.021271849460579216
-0.022226114787054867
-0.026689270965363037
-0.030114835781650716
-0.03091064218506893
-0.028341379504838726
-0.02473110946027609
-0.02174303125365762
-0.019231501774091275
-0.016383016969228614
-0.011703419426098058
-0.0043957198096402274
0.00397398909200856
0.009912565025294584
0.009617741260629828
0.002474226537014605
-0.007584242880334843
-0.016975093122978957
-0.023652619470261132
-0.0276871729167677
-0.030509696485232683
-0.0330053994080054
-0.03561851654426851
-0.03724044191224037
-0.034756893236515915
-0.025928161929648273
-0.013587207156775713
0.000787303483568332
0.013276249780213209
0.010915667319991718
-0.014750520343924841
-0.04496084499673314
-0.04346684481920493
-0.00853233397506592
0.039244723727960104
0.04746870142327646
0.030955145011896484
0.0015267196681839623
-0.020524574713856603
-0.04475061747205874
-0.06665796181172894
-0.04444517232503775
0.030924760576959698
0.060022954441921926
0.08326567891077219
0.07979480749935763
0.05779765435432942
0.05523043861649054
0.03952208105679533
-0.01625481690141558
-0.016790166495031882
-0.019683164462474905
-0.02623701041278089
-0.03073877937065206
-0.0324565592646144
-0.032019929761493704
-0.029252399785677695
-0.025678276517565417
-0.02240882879832799
-0.019387304723409254
-0.015961751189368933
-0.010877476618848525
-0.003966433112619905
0.003155151420973594
0.007662978213494598
0.006892886330131706
0.0008224951362018063
-0.007677453453717546
-0.015713450848416542
-0.021567611126248425
-0.025499389948109852
-0.028806238174875303
-0.032585981374592496
-0.03517666018104104
-0.03608200668770545
-0.03324312935591156
-0.026859276805717057
-0.015891005982152467
-0.0040548651546714245
0.0028855569641383916
-0.0031108210698377325
-0.018334757644141164
-0.02945447223307973
-0.022954781620891745
0.0003048964797267943
0.022118263073860705
0.026846174182731018
0.01568825814171763
-0.005547701350621844
-0.027142354656997658
-0.044936947098689714
-0.046175519886585234
-0.021351592599922847
0.01981444332096886
0.048002731563350595
0.06456515307762478
0.06511629988133909
0.057076665996045516
0.04481062607831395
0.016527444109424305
-0.012849637935379299
-0.022199456856389355
-0.022314413761094776
-0.02319912429291508
-0.025325998040577707
-0.0278149512443987
-0.028838211370793936
-0.027448552054735176
-0.02485647880955048
-0.02216589378339943
-0.019305608106724437
-0.015648154082646786
-0.01057079126917308
-0.004141622148025789
0.0021416081360893977
0.0058264851508408695
0.004474374514166028
-0.0012733659630883207
-0.00873359820585562
-0.015797511259369457
-0.021264830706917242
-0.024914434425235554
-0.027227402970710173
-0.027972067003810275
-0.0283674691279003
-0.02673875290733726
-0.021035203642017313
-0.012076626340760677
-0.0027105830776430473
0.005971659838043819
0.008290378023562325
-0.0009026987695942568
-0.01753752800096616
-0.03250778778197868
-0.026910997326792068
-0.012760638709866472
0.0006506765910633632
0.0037001693112972043
-0.0035562523140349653
-0.017382004003519046
-0.030959212751796583
-0.003664334521302215
0.19706888837113895
0.015955732314246927
0.019075337356894893
0.031148220136323346
0.039504722996575224
0.04155679598358238
0.03769337729647586
0.03276191189674704
0.022179858162854615
0.009418170817652357
-0.0011377101043841265
-0.013455799329450218
-0.019642741134768087
-0.026511712906177785
-0.036743510265226376
-0.017797046469354982
0.0503885003768173
0.11469092274501658
-0.02334923571351307
-0.025230903269437742
-0.01947529900534206
-0.012759638590774485
-0.00586160496350426
0.0000475002298892339
0.0031795747694490784
0.001630475718638058
-0.0036055737105537373
-0.010047040729634731
-0.016068622061353365
-0.020843418135656676
-0.02421114263441197
-0.026558480530181432
-0.02800193082460175
-0.02846867641044526
-0.026455744704630045
-0.020019361622283426
-0.010918463284771973
-0.002013363078864165
0.004872327411795108
0.007615042015719683
-0.003565001786596985
0.00993373699616736
0.2893103273538591
0.06431871864700789
0.03228265303395872
0.02127903102600933
0.013856614433236197
0.0020096282316241685
-0.012916901052009341
-0.02485920122798228
-0.028782192799453786
-0.0010216352205109451
0.018434453106527065
0.03543307779567203
0.046285103741994425
0.05081495071972697
0.046989579721049
0.03419194251442825
0.023357977259455175
0.012020800428727368
0.0013021867647202332
-0.011347518487322591
-0.022493002998418093
-0.026996925782341957
-0.0187312156907693
-0.018132611106346785
-0.01801019126890254
-0.0330049369615637
-0.026505650437291993
-0.020263637324932453
-0.013719021906796377
-0.006799791753132982
-0.0010308698871358546
0.001882630481080024
0.0004994505320467709
-0.004096518953212355
-0.009806315604773963
-0.01515249921872075
-0.020696642592666903
-0.027255663926714267
-0.03186062868648273
-0.019833096370391323
0.26025540096158395
0.02795092216216914
-0.004806683462112623
-0.011395457433207395
-0.007867893266995479
-0.004660797124866149
-0.0059748790887028305
-0.0056801685256461605
-0.005306923036973443
0.025180186714811037
0.02059428693706659
0.016045161250794103
0.007738116493834676
-0.0030458323349213945
-0.014726839010265984
-0.02236159509390212
-0.019483051234405562
-0.0034286787519864177
0.014526281022125276
0.029671856365457626
0.04026901479536068
0.04317085549391235
0.03938979170024652
0.02818738251092227
0.01479397006630893
0.0018022547701853262
-0.008941573391709942
-0.012535557963365512
-0.016729321534832607
-0.019070172235664356
-0.018871037962537862
-0.022098094087416958
-0.026968332985539877
-0.030094078182470268
-0.025703107583479788
-0.020221527413352702
-0.014170716340605368
-0.007836006747347635
-0.0025739156107936387
0.0000015822064638089848
-0.001423903644626745
-0.0056532276076655865
-0.010865706070588937
-0.01633286873655123
-0.020924237497988073
-0.024306295851864168
-0.03271160987531829
-0.035292693118036775
-0.005144874987400572
-0.005502651651646725
-0.0025847686269427537
0.0008974075169106607
0.003918338158814631
0.004762101886114922
0.003024536201814236
0.0014525345788746202
0.0032635009601861276
0.003988553138426684
0.0007926876721590463
-0.003758204247582738
-0.010940143784989864
-0.015741841275561663
0.022401640208590444
0.1930170081668242
0.022680552456894043
0.013832622935959032
0.018027968634810786
0.024519923170306566
0.028757901807038487
0.03277046912282996
0.030044627937531786
0.024477812914236084
0.0163381363990861
0.006099306220643438
-0.006322366387191969
-0.01317013800132975
-0.017501057027659028
-0.020494760125459588
-0.024167681153266323
-0.027219861449907328
-0.027600243707158932
-0.024385304886887137
-0.01963927481830478
-0.014268614286791492
-0.008756783464636635
-0.00422445150122223
-0.002118906210470765
-0.0035790285690108967
-0.007435103355832492
-0.01210290394071297
-0.016909468479701838
-0.021630167996461263
-0.026273228106608038
-0.03018572292365888
-0.027750182157120034
-0.015542600089031116
-0.009241557744456563
-0.0041563045919305415
0.00014405015901904536
0.003634888023122581
0.0048335824912095395
0.0056123839316748105
0.009350941392754497
0.017517660893488312
0.01782829790196524
0.013748125317843234
0.005574212480670323
-0.003249346910118208
-0.006841128900655913
-0.007900194795236367
0.006993538633317531
0.01667372052442717
0.026545446695059687
0.0334475018816488
0.036450854914669525
0.032351335733655784
0.028622246070255097
0.023116588122468938
0.015515246716763891
0.006160664202851848
-0.003924888365507233
-0.0129384738571194
-0.01883611653432297
-0.022389330284280178
-0.024721911135764385
-0.025861641137872225
-0.02552717310688679
-0.022940510738855835
-0.01889218898240693
-0.014071313489359232
-0.009119353069045693
-0.0051442739734582545
-0.0034297099102207724
-0.004816085928704232
-0.008290370840768335
-0.012527247915086933
-0.017080920568210794
-0.021247969010168198
-0.024292055327372702
-0.02464316575566191
-0.021794700780039165
-0.016167998940202304
-0.01218306868830843
-0.00852421717229009
-0.004610725622015699
-0.0001673201245302088
0.0032489554804267704
0.006196531900559132
0.010263291243738187
0.013691163840639509
0.01335593800978141
0.009670180570038508
0.002623632514720901
-0.0032306547385283864
-0.006328404763065176
-0.004413632272657157
0.004878792570618037
0.014526117388288795
0.023364193603881794
0.029362382571329802
0.031680082729117306
0.029146131637312427
0.024031301874362275
0.01678184259583456
0.008228679328042462
-0.0003098190646481462
-0.006034724465586172
-0.011520755146246325
-0.0166491698809144
-0.02089218832401189
-0.02357227177114655
-0.024883309917721662
-0.024152772686263556
-0.02178943848783551
-0.018185506519586468
-0.013907807926453557
-0.009591932139450903
-0.00623713149862426
-0.004931797195359226
-0.0066544406370318745
-0.009783722890262525
-0.013656880878693175
-0.01771068249194948
-0.021092412747589034
-0.0226640836789029
-0.02237795125075807
-0.01934884813099058
-0.01426020684467529
-0.009458708371225533
-0.004692758024673431
0.00012737806120451575
0.004767516347643312
0.00854439456775121
0.010127911913738186
0.009789447644745949
0.006396089377851966
0.004596122661998011
0.002691850721882605
0.0009139836069749219
-0.0009001592952386414
0.038570423442764366
0.21231379098124725
0.03376004853061498
0.017392556876311693
0.017036045947799727
0.020659726021778534
0.023338012826887855
0.026279322062361204
0.025163608454073692
0.021563133173641003
0.015369805162819088
0.007001055126616233
-0.0030577121109089576
-0.01004127474827014
-0.01742658265562802
-0.026627207451132933
-0.010034558572893187
0.05469134182293815
0.12090915803295225
-0.021740067422667358
-0.025138341510314577
-0.018792603003624325
-0.012842342467836814
-0.008878396486390699
-0.007515177180007308
-0.008962919052078838
-0.011491862471965283
-0.014614251404983885
-0.01907664459896874
-0.024830852540059605
-0.028688397341906834
-0.013170948485351127
0.2673280312857642
0.03732211559015634
0.00492249207874329
-0.0011607149306723057
0.0013385648269041244
0.005144400599502719
0.008172611101403734
0.010290975656758738
0.012531200487819935
0.01550909848884304
0.01426261020028241
0.009953746770639168
0.004778461811315952
0.005774006569185808
0.0057236763076638315
0.014931584598015432
0.01822804444106596
0.022915883430665494
0.02663326953325366
0.03118538294096788
0.03619323430322915
0.05456823912174835
0.1439329880331077
0.09939013619057488
-0.010298948458717372
-0.017084926314537657
-0.018827777343537282
-0.01972256105588858
-0.012855178307688564
-0.012302268895702517
-0.013164038399754257
-0.030268362091337247
-0.025325360001013375
-0.020044669999842633
-0.014458338373706433
-0.010412617977420918
-0.008966369475609803
-0.01002625457536932
-0.012497638680837125
-0.016153478573952367
-0.019833088299506623
-0.022289594240552473
-0.02830446435625541
-0.028257748877191236
0.00010883348721328161
-0.0042634457483490635
-0.004590852785060773
-0.0026210009834750267
0.0008759327674229267
0.0043284654256886546
0.007620997760047396
0.01039041800288502
0.011726943705724174
0.010508484453293407
0.007463884867495163
0.005987490812202253
0.007490346214521678
0.014715846105522642
0.059744554310200426
0.24444670838033034
0.05237834999165969
0.0318772090593857
0.02767786507706168
0.031704516413150384
0.04748869451367599
0.041784868996347
-0.006940398819807458
-0.0118271231066767
-0.01588846959551508
-0.01705156517901744
-0.016314081951869785
-0.017382627690555135
-0.02152903400542102
-0.025765474950016725
-0.023037032538735423
-0.019456079456076636
-0.015176711127367626
-0.011875098437083936
-0.010743849690833529
-0.01176891598312598
-0.014079389442756923
-0.017349563681051488
-0.021126201601518645
-0.0242526747274043
-0.024648646995008943
-0.019951027912400998
-0.008464481588367953
-0.005586476028321963
-0.003160261245223987
0.0005240033333344293
0.0045697986168358184
0.008454994087935635
0.011558776617974036
0.013509348689986028
0.013884199035577582
0.01263914368137109
0.010990882424228299
0.009360992067529533
0.010604143935963133
0.018113140244610342
0.02507732447566321
0.027243537767290826
0.02810541401931969
0.030693267974151915
0.03608616069051811
0.036566896553293
0.02306442234565905
0.0014372426947186399
-0.007487414991823779
-0.013088921026976896
-0.015983036448364667
-0.017834666884381883
-0.019014552422671843
-0.02048180194748469
-0.021300192282523816
-0.019820808186525506
-0.01774446797702075
-0.015342582229987042
-0.013495267193946447
-0.013078130013889541
-0.013994733916428323
-0.01588291359543248
-0.01842570972326189
-0.020825298382302626
-0.02075473403403768
-0.018883579054270926
-0.013950522537320986
-0.00824884484025068
-0.00600424457880111
-0.003563801120440302
0.00041747732355231404
0.004307670902118921
0.007937540315990182
0.010661618462805555
0.012156217439357464
0.01238056193292166
0.011623276278101188
0.010669607816049347
0.010685935568716665
0.012958206768928598
0.01767610651844313
0.0212935210092526
0.023352511044082425
0.02667713584019497
0.029983432609917426
0.03175439959159051
0.027814507966133866
0.01641177759095373
0.0032861925001674104
-0.0059724023123549266
-0.01232833902417759
-0.016923147104081493
-0.020038119267783244
-0.02083027749670711
-0.02078623815601921
-0.020540152394329936
-0.019348167838948254
-0.017501258262771862
-0.015504308725471927
-0.014026049738976032
-0.013868508692620093
-0.014979623844503059
-0.017027998297645675
-0.019517646561234746
-0.022882237873180777
-0.02582888429924583
-0.027080617222965953
-0.007053154846819454
0.26818305711995155
0.03661851656217556
0.00660193260801023
-0.00014498371386765613
0.001161172812104705
0.0040074383125312165
0.007054276874754092
0.00881373725392302
0.009476334470840397
0.009499226288654702
0.010965716266483166
0.015555172358540093
0.025046745491500433
0.09330664146892524
0.22446270934448603
0.04580707479858781
0.02866288157806781
0.025942785475314145
0.024879731500316304
0.020418033452393458
0.012985817739897636
0.0037713465447264394
-0.004303918955524585
-0.011929113700439772
-0.02016073877955179
-0.006868002110993847
0.06016980477841771
0.12359367889207551
-0.023377285072184544
-0.027996110131746264
-0.02329676821400728
-0.018804214294868192
-0.016235654036809342
-0.01571884953122049
-0.016710287569109417
-0.01848283160148882
-0.021090549148187386
-0.02242066382610116
-0.022358078187245112
-0.024426143883272133
-0.019466521859517288
0.004156560128169562
-0.000049409041834036493
0.0011405279516144933
0.0034309921689170317
0.0063909721929994445
0.009102601486372468
0.010866927599101166
0.011892063512993583
0.012943638478467764
0.013712672076930573
0.01645386282265978
0.028255697718959638
0.03510118456570399
0.027810710431532458
0.027111461993540864
0.026701715479878207
0.024688762181085587
0.019706746692356725
0.011905752861956128
0.00376101550238761
-0.0041244425539205265
-0.009165861427028651
-0.005895246363831023
-0.006628159777762507
-0.007260830896081058
-0.028119925616073387
-0.026049043123908544
-0.023691365415350146
-0.020287687007424043
-0.01805547291946985
-0.01747482383453014
-0.018351239507361138
-0.01984528667658525
-0.02177172325082244
-0.0232851098773168
-0.022605857643107262
-0.01983376318580236
-0.011901639805104725
-0.002176563696529299
-0.0022348313833780997
-0.00007081636380893801
0.0026960838081705836
0.005659032570511924
0.008278126766824897
0.010140648283468168
0.011436223447300702
0.012574955381193983
0.014618950558252797
0.01887657294119031
0.024231121995548593
0.02734343070800449
0.02572344833196146
0.02552398089158766
0.0247139109220688
0.022127058278890353
0.01729238830038523
0.010703983957506824
0.003698276215612177
-0.002280571720508403
-0.006159074576199131
-0.007967395928137333
-0.011555840295249994
-0.014734983387550046
-0.02026668856592843
-0.020599518288112094
-0.020737646549627103
-0.020152939891425192
-0.019569518039320354
-0.019513696339647318
-0.020119569689332484
-0.021014194527132306
-0.02347386445821239
-0.027325185953782454
-0.024284807892416826
0.00801108542137922
0.2736091929957757
0.045597860945425325
0.010995853580656467
0.003044458163238099
0.0035517013564182838
0.005703573192005022
0.007875112811665901
0.009636835128515691
0.01110650750206795
0.012790929284446733
0.015342811959286329
0.019076420078749472
0.022875068777101958
0.026014874874652854
0.025465983403133628
0.024517409739445717
0.023044682037429896
0.02009106103740203
0.015551294858292358
0.010370961274279908
0.004636601320171149
-0.0007211161509248128
-0.006438490997081048
-0.01259334847355261
-0.016346033401669256
-0.016783362829683367
-0.01905175118045758
-0.019999844397449174
-0.020587294197810434
-0.020665703295262666
-0.020514442618664308
-0.020807709021907577
-0.02181662649769489
-0.023936659036667973
-0.02588147470499643
-0.02493903361261559
-0.024810639143325968
-0.01775072545149951
0.008523283551956825
-0.00043793839879198904
-0.0018797210743581871
-0.0001371997338237933
0.002700045322306018
0.005297801614965366
0.0075512723744386445
0.00955993297552175
0.011802631645742023
0.014616478748879133
0.01797967316129856
0.021601533267199085
0.02421641300046018
0.02357888837103602
0.022256255844376
0.020572663099019027
0.01797614878579934
0.01375601793308386
0.008624002332867827
0.0030779524292688194
-0.0027006679121136896
-0.008632834407558318
-0.013728992330355183
-0.015556144349915257
-0.015419890173668887
-0.016506325232613084
-0.017732655248425638
-0.019170575005590385
-0.020502550571880145
-0.021347866834839913
-0.022308819137715024
-0.023512939970160206
-0.02534058708060098
-0.02713569304665172
-0.02608018955925384
-0.020262294953323212
-0.0101652478114872
0.0012866842844092934
-0.002543479334585763
-0.0035261360771937644
-0.0014579658048794835
0.0014515465742574267
0.004546680030522906
0.007377558879733126
0.010063338385757903
0.012867093428336474
0.015887830279274394
0.019160639816578156
0.022544979656063207
0.02482882522044298
0.024195408716439215
0.022537351409131122
0.02016396146363083
0.016789624299798727
0.012840965725320713
0.008239710400808805
0.0030300642558550583
-0.0029828425942320567
-0.010045081404772746
0.0003010909650772812
0.06295890965104615
0.14243706274979082
-0.016597060245182038
-0.026340304422193633
-0.024836329606760337
-0.023603652911648086
-0.023346219988906552
-0.024008883777895673
-0.025160093613097272
-0.026617065945795753
-0.02897410792757793
-0.03031457162601762
-0.022066319825318297
0.012602135463276229
0.283906959862079
0.04397001295980548
0.010828635023505395
0.0026690107414893234
0.0028649904072947097
0.004871577203110489
0.0073501557558057025
0.01000803955175748
0.01431750253138205
0.021535133577131143
0.030505396496328108
0.095693260774381
0.21450557928189673
0.039450755240658296
0.022430326032937264
0.018219678044990584
0.01534944223094877
0.011930042289245435
0.007734098534815104
0.0027088318941344744
-0.0016666597376926071
-0.00016052804630073414
-0.0010279039303802882
-0.0010620328680212752
-0.020168290896990793
-0.021383430661304215
-0.023164582194316052
-0.024185260938267377
-0.024964718906165438
-0.025736557237210543
-0.026776637499483967
-0.02799103283930423
-0.02644339417051019
-0.019439034067567085
-0.015269510497020189
-0.005606074598951868
0.01170479947898188
0.002399424315660352
0.0014899925899695503
0.0027051890090399695
0.004871950450333433
0.007527095115463419
0.010967501236245347
0.014078533472993149
0.018396803453475757
0.031130708705905213
0.03732255895988579
0.025246423609446844
0.02059277864414603
0.017343211400370023
0.014563537492785866
0.011860724908747122
0.008843942366011753
0.005393610275818787
0.0012536966987451252
-0.003707365218794112
-0.010512808487938194
-0.012081699283299682
-0.01764739915865362
-0.020092580168931305
-0.0230782723166952
-0.025484199793494405
-0.02684683206560031
-0.027942340061260323
-0.02920023613762942
-0.030023781910295165
-0.02859857186031064
-0.022509737174213895
-0.013557060446193944
-0.0028279529848009486
0.0022211219100189603
-0.004498308965687296
-0.0041582858707659804
-0.0006190154084971071
0.003584398411081528
0.006935032208816491
0.01013680766465223
0.013997321092676745
0.019541491174357994
0.025238284333097643
0.027033827645735847
0.022890492250727812
0.01887797229243186
0.01599960691257211
0.013215575341246993
0.010247888971719465
0.00682358717935964
0.0026520479147253604
-0.0029975686564805613
-0.009517672474096036
-0.012963170870639956
-0.01196008885986329
-0.014441075547032741
-0.017204629633120194
-0.02145459126894067
-0.025470551549102348
-0.027865068440861934
-0.029345411187081116
-0.030473978833182223
-0.030560024257811163
-0.029246489481554915
-0.025213428770207713
-0.013491219042243523
0.030034651264728894
0.2699809482510198
0.03839373171945789
0.009495452962263359
0.0027474077384109785
0.0033763656430542874
0.005989839024036122
0.009545053722906371
0.013940752485105401
0.018752849919501102
0.022793941682172268
0.024839856222004242
0.022529137706639633
0.018391590410680912
0.01512886657908219
0.012619920531361148
0.010264897844052823
0.007150403040463993
0.0025011839478970383
-0.004095253900493294
-0.010888942288741488
0.0010195699808422203
0.06797016749782152
0.15394025390907007
-0.015307613723920718
-0.030681042572845246
-0.031480209709230565
-0.031346634205542956
-0.03152532935252676
-0.031930531489374935
-0.03168416663912599
-0.027281354312370852
-0.01737070681578412
-0.009298521713593244
0.0005129425807988882
0.008093546212273688
0.0007206811511334399
0.0011778815145705817
0.003347808990086243
0.006335502662074463
0.009824775967566443
0.013752446909929827
0.01769187620321707
0.021091684763625367
0.02315085770297598
0.021377561605595934
0.017409286163868054
0.014331456563389708
0.012151390168657072
0.01016054692931645
0.007158199322364056
0.0020108212684745905
-0.0039138300284706036
-0.0036571055684790172
0.0010534494068176192
0.002901162180742508
-0.02133357849284238
-0.026848579213161566
-0.031230289190985472
-0.032678701378388575
-0.03310008001641459
-0.03271621054077208
-0.030174312784044626
-0.023882572904813104
-0.013843187764417769
-0.003772713378997391
0.004492872675136983
0.0038756764818100495
-0.0021299870866588653
-0.0011155498343838148
0.0024311015915199725
0.006138552149283864
0.009722753535899206
0.013308094676894127
0.016744019182396062
0.019797956002721533
0.021761777711290325
0.02022032601263583
0.016483997609363366
0.013763859999748978
0.01227336549746679
0.011014133299537265
0.008556083556070331
0.0034806028659136365
-0.003495448520924131
-0.007824599448527278
-0.00609660737211489
-0.007950037024373469
-0.01810091173216196
-0.025317257656454394
-0.03165271085848761
-0.03440828401146697
-0.03519019459921706
-0.03478284174695497
-0.0343138263866664
-0.0323043124450965
-0.017960500026276693
0.03332538960809558
0.25911446097981555
0.04339697274370262
0.00963481064364576
0.0012201190208053585
0.0028786294400521646
0.006092422169863092
0.009375952416012894
0.012574341158150445
0.015620724493677168
0.0185635842188836
0.02041081834507704
0.018961926047319316
0.015439800532634867
0.012686587296092216
0.010981173866553656
0.009339472510588495
0.0062855075743996815
0.0004945702912092139
-0.00678717261777854
-0.009803710210142813
-0.0077174985634611195
-0.009303247247704113
-0.015599669264226476
-0.023232235028187536
-0.03072833263786971
-0.03461437719841883
-0.03613737361294167
-0.03653577792353868
-0.03286714649427832
-0.022727308958458425
-0.012943005752149758
0.0003966265647301996
0.01588117779016962
0.003543007351074305
-0.0001699314822084519
0.0021028754155622
0.0058854045031941915
0.009245025088642778
0.012155678939996436
0.014909557234822346
0.017481503742359055
0.01915581454103773
0.017759295080945203
0.014319219420315851
0.011850417992805284
0.010738352994542438
0.00966626186949926
0.0065097537634815445
-0.0003651191669582869
-0.007906347713714975
-0.010186236235504484
-0.00756837244335488
-0.008554835883227512
-0.014573514046746044
-0.022198842632970932
-0.03016112351979831
-0.03476954628684822
-0.03664838705176384
-0.036159859826811656
-0.031902557633265625
-0.022184799699615326
-0.009959544173072654
0.0028760565687148873
0.00943026622143998
0.002165191845215353
-0.001642056811663554
0.0007791141025914605
0.005192075862951821
0.008743261538698607
0.01157224542011189
0.014052057955600088
0.016399281544027627
0.017990838515031804
0.016656014144632025
0.013313557884632917
0.011164696289043635
0.010579391442205693
0.009820972859186003
0.0062727303817213444
-0.0008387569591511435
-0.007030165487493431
0.00526811807023316
0.0766371335936944
0.16072159472345693
-0.010644139914056105
-0.02946945882003042
-0.03479423962351624
-0.03706923897842329
-0.03760661771425071
-0.03614382825576375
-0.03281710853160018
-0.02636357264751551
-0.006386015064370384
0.04787992124519691
0.2691433194404538
0.04518412154988587
0.011159533908905636
0.0037052793684847858
0.005909404784804803
0.008811805105235678
0.01117311070054768
0.013276549764697498
0.015384256805736074
0.01689825205740033
0.015656800034452023
0.012424230409287714
0.010568059779163716
0.010360583091268232
0.009551409196191426
-0.0039527952379856774
-0.008987263920040197
