0.1634870934409305
0.2106450722094605
0.2798148827724382
0.35894102762846936
0.4363252113553634
0.5024062576964811
0.5483069140215345
0.5631819239286212
0.5212851618629771
0.38600892662023917
0.23670590698523286
0.11220147039563774
0.041305123738273886
0.016078249700701153
0.00868985049867747
0.007326504518648062
0.012197387516881635
0.03098299232527006
0.07546867096928127
0.1441424787525214
0.21750522534539038
0.2688848885648515
0.27490787451057397
0.24071882809432438
0.19042157770264875
0.14784581599208388
0.12701941202635422
0.12379814548992304
0.12580200582262724
0.128838514849187
0.13309796520595626
0.14768555113076937
0.17797857297252584
0.23890100299380695
0.31922387898691507
0.3916620907588512
0.4316677795070528
0.43641880481697093
0.4176086744122792
0.38758851160410374
0.3570830412651077
0.32759291839897325
0.298242933384237
0.21872800273229076
0.16790792703139878
0.14942744808210007
0.5378389759627021
0.15141405965570676
0.2788472276798156
0.1630245315223111
0.2013862914792845
0.25868887345433655
0.32713858247717426
0.39490735846888914
0.4555560945677034
0.5055151334700827
0.5364011748769817
0.5202296851640644
0.4023651144548337
0.26982533886154164
0.1511088635877576
0.06904447226191454
0.02829762315381734
0.01395641116024508
0.009509208250561193
0.008619781018398925
0.012181552180117924
0.024863422647845024
0.052798551834571016
0.0991252664844583
0.15723963166825877
0.21091220136356023
0.24258031973553307
0.24047302618040428
0.21629528393960984
0.1888556913981715
0.1707767024084774
0.14586907595594428
0.12916282537890808
0.12109448082891847
0.1163615548311329
0.11251720465497661
0.11185770586392937
0.12291807992172943
0.1515521102809057
0.19786397148354748
0.2530061889880651
0.2974450017865958
0.3162642019170701
0.3175713478214576
0.3113819187342402
0.30355759290596307
0.3001957218566385
0.24494731118585653
0.17465560750920892
0.12803720024036921
0.10290977352266437
0.09520323148352365
0.5431923963705264
0.1652300189173108
0.2988230580274735
0.10130031992053498
0.1252769550406498
0.15987521159658108
0.20045353534408136
0.24328567728399253
0.284089598470638
0.3142709207921422
0.33961096592460255
0.3498405245176567
0.3409524687003372
0.3092906528063381
0.2131814822143413
0.1488081017962367
0.116690456079712
0.10670482471287232
0.10709045568910984
0.1116320510876954
0.1177257740970846
0.12504896475174
0.1335784606782779
0.1470535283259226
0.16640873978209847
0.18914788380054337
0.21120275743725087
0.2169886124270289
0.19080218673167837
0.14274104105867214
0.09229690843849818
0.05141384932514759
0.024363106409829305
0.0093369866901812
0.0018458761025730297
-0.0016750631788142734
-0.0028093581806681867
-0.002410973730932464
0.0011463861723246909
0.013334117045146754
0.04127578315356003
0.09028820626320785
0.1576567831099705
0.23446720886140415
0.30016307890958716
0.3399117031450444
0.35997830030785605
0.37435234780124804
0.3039787817257315
0.23058826952467953
0.16842646838351147
0.12326994479014308
0.09717626775802643
0.08655923963624321
0.08879048123863013
0.31230751671279666
0.3787639170187024
0.10130031992053665
0.1182369354472553
0.1459684187824954
0.18238137417862493
0.2283533089239755
0.2709050552422075
0.31600577808191643
0.35579977656473216
0.39184465472751656
0.3661408510670093
0.2546058550525345
0.15905828345296322
0.08988282995579486
0.04805302329857449
0.02672961486216282
0.017412822956509404
0.01334270581969906
0.01143231056356849
0.011453077198271083
0.014083993985809692
0.021433075716436233
0.03708375630097812
0.06263283930774152
0.0999789536867148
0.14512569719529023
0.19403738531023434
0.22956982293172354
0.2390167563766249
0.22178390934368483
0.1715717954480454
0.13836043866000922
0.11857095270237077
0.10703455147646165
0.10085431037070067
0.096988164197702
0.09426795156050438
0.09292673263406603
0.0954486994697477
0.10642808245683144
0.12907900656963384
0.1669147063379604
0.21701053880503882
0.2662993870373996
0.3030399970521471
0.32251163365460395
0.33558325266902594
0.3432911077161703
0.3187149885414407
0.23983809814721924
0.1784590641029371
0.1367993145514564
0.11061566192182146
0.09793355544114776
0.09547041392577246
0.421919970322676
0.23154438857236245
0.35628243466165943
0.10130031992053738
0.11626135580819079
0.13918032253538437
0.1739527371768383
0.21185464981426058
0.25610702646172845
0.29984606109408507
0.33935063422399625
0.380542215035794
0.3983460170885772
0.288934029088078
0.18951079035253338
0.11363661056248642
0.0639213779694997
0.03609239810109466
0.022256588827779256
0.015946755219060825
0.01289493609716937
0.011419371536658396
0.01143667847315566
0.013450584564259812
0.019202473864448066
0.030284111916259276
0.04994481160855528
0.07900790145982754
0.11618186794575473
0.16322540565046284
0.21090545163197436
0.23904821354757894
0.22842081973502054
0.17736570632395127
0.14177371682291107
0.11793765823796007
0.10233409152316279
0.09233471091189493
0.08531879812393581
0.08017308310612112
0.07560749721701436
0.07210634132571558
0.07097400981499488
0.0748228566259048
0.0856519821412699
0.10672453666478436
0.14015671665779014
0.18241780904299953
0.21694941295101855
0.2436236763606738
0.26117171020457686
0.2791923328419286
0.2745247818448895
0.20746449363200822
0.15357965410476665
0.11521670663580934
0.08913284203591776
0.07289016227988036
0.06380577416285227
0.05920912016194102
0.42016794717530004
0.2443898525480424
0.29564688798480454
0.05824348423045671
0.06572286452256881
0.07644228463403976
0.0906171201427188
0.10982184604389064
0.12727067334324882
0.1440449161036021
0.1633833971552366
0.1796314275337439
0.19258629109084843
0.20880972241634044
0.2156994439005916
0.18239742912506335
0.1495947944055187
0.1325783031012064
0.12449298947886915
0.12182797742586146
0.12091014427927446
0.12060163325477546
0.12042968266493556
0.12032123896665434
0.1202642455263577
0.12082614664704376
0.12218326147617051
0.12366554490074344
0.12526676196969178
0.12775499517407307
0.12320485675408277
0.11227482513464042
0.08781481862317661
0.06520850574712875
0.046629432846293326
0.032635240066321944
0.022478746293067196
0.01564451054718049
0.010515518004732272
0.007178953627131057
0.005073283136160142
0.0035309164147105205
0.002619090719826097
0.0022513105668177844
0.0031629310897004124
0.00672726460261767
0.015808278397598612
0.03402380177661054
0.06741589812773416
0.1197506624385549
0.17839335376937698
0.22633773956011424
0.2491588154869821
0.20929187462618035
0.16876124669686338
0.1282401093762503
0.09561317207949376
0.06914687080161908
0.052556863307445245
0.04172809924751719
0.035711229905005526
0.03331393464611514
0.033377316813996326
0.21500199476528
0.26096991125864855
0.0353775849337155
0.03991417408727753
0.04700411940255297
0.05706721578994249
0.07158901888546529
0.08947889566526832
0.10571364132435405
0.12205554804744705
0.14006130896894972
0.16136332626998873
0.18004486157934319
0.19769917203526796
0.1870197462844625
0.1530325457195205
0.1342168857015282
0.12451923893939047
0.12061181700673607
0.11950698759482903
0.11910811187639907
0.11904496565434039
0.1192027381360548
0.119496271393843
0.11986937884963098
0.12057674775483566
0.12187721876819621
0.12426959863249432
0.1270853499367534
0.1278901310457775
0.12303469185467042
0.10832661063641724
0.08665191673574084
0.06520850574712819
0.04777729428398751
0.03457522414859952
0.024690082094278774
0.017727910336934143
0.013006797448312606
0.009407074907057575
0.0069638184513576284
0.005438174194776399
0.004402121782502063
0.003801537371468193
0.0039017987570622026
0.0058429045170749205
0.011383704794579546
0.02349179613882091
0.04679274041847814
0.09049123314104994
0.14978850167755392
0.20876622132627737
0.252004991989905
0.2322450510976117
0.19417199933640755
0.15669446323976804
0.1183604690210229
0.08799589877936295
0.06743716112051176
0.052811378664611164
0.0439260093766608
0.039224121824024315
0.03759870479688806
0.03806929253788986
0.2051832748110592
0.2731881956527349
0.04021579794742547
0.044328273974732865
0.050796294524026085
0.06011695831119731
0.07249115195822739
0.08809883912398435
0.10436113295173448
0.12044227849655587
0.13570126515142908
0.15066706033690333
0.16933098462888282
0.19088266006534055
0.19950254026814349
0.16644116948497323
0.14632798198500313
0.1355653417023145
0.1303675689614751
0.12834144739427086
0.12694763382809338
0.12546339901298592
0.12379008562118785
0.12187183412092017
0.11982094716470679
0.11777135732090531
0.11585837398198962
0.11420465025429094
0.11263579094379492
0.10998808912532447
0.1047720175223719
0.09758140332291851
0.07975480359722584
0.06278230439098975
0.04683379935323362
0.035297663686449376
0.027158122137842893
0.02158256201901576
0.018020690198815952
0.01606085937824686
0.015531041854101962
0.015779021327591385
0.016648483700468047
0.01815961957462457
0.020205332735689918
0.02283195621874549
0.02679752723537654
0.03290977490210364
0.042428691921419334
0.05742751556322442
0.08233603436375267
0.11999097366399611
0.1601226017307572
0.182852332371037
0.1520266999362045
0.12429870507621807
0.09821939097523177
0.07498096919482833
0.05592451175855699
0.04103556871164704
0.030352258870941694
0.023139778541741245
0.01788530299455656
0.013812891329741395
0.01050488322998459
0.007564481422867401
0.20058851607471062
0.19845674605670216
0.004927628715158209
0.005041371876358855
0.005326208901367813
0.005890426460545458
0.006841918403761213
0.008169047615287733
0.010273558649834258
0.012722038976753319
0.016149237117519998
0.020457941949743597
0.024415384505460474
0.028617849119740302
0.034470000475191706
0.03639998330171831
0.03647716216220084
0.035834562401699986
0.03465885375762664
0.03305260515974073
0.031097805716822823
0.029630520035678898
0.028866502302510866
0.028735470428493858
0.0292271049684791
0.03031147174709851
0.03208782859124404
0.03471571084382841
0.03849931326491215
0.04411163961026939
0.052967589976462004
0.06721968045062791
0.08983878331498682
0.12389691159060394
0.1535998316836873
0.15878639553840668
0.14387988914854877
0.13362195057912715
0.12628631168297694
0.12079073490205336
0.11657257074637255
0.11351030472119458
0.11153762678109895
0.11053210059435437
0.11025013975180631
0.11059329144918566
0.11135174599284445
0.11187473128678757
0.11192498909302277
0.11123444274555325
0.10907973806960791
0.10395146677535883
0.09599783434759165
0.08191812198570589
0.06789530329379698
0.057354430974428015
0.048244332308552594
0.040027045496635605
0.032492682891006416
0.024897121593815224
0.018318474035952846
0.014307397650981657
0.011683065111023166
0.009979256133378356
0.008932007957019317
0.008351754194131183
0.008098795104088768
0.00800574100516834
0.17250099862241408
0.008017584947503006
0.008136060391216542
0.008494654617396033
0.009237624715013697
0.010519151426499434
0.012367890749384974
0.014522293927292837
0.016941520172577367
0.019654867845808797
0.023049180258439644
0.028772381284710158
0.03361027137757674
0.03739102918733047
0.0404104205834821
0.0412449190333745
0.04053820668707002
0.039133641066665024
0.037293446037222996
0.0351439357003545
0.03339527233370776
0.03234084395660623
0.031878175705863196
0.03196570870537763
0.032689705480507536
0.034116066432859915
0.036296643817799734
0.03941447161953789
0.044020289355064524
0.051132169444463124
0.06249318004849421
0.08102248590597698
0.11113886730365083
0.1454507924542281
0.16880316721984664
0.1511365754342899
0.13920688175442952
0.13085177681254223
0.12471504888161863
0.11999698571980522
0.116423474986929
0.11394515299826417
0.11244883052071461
0.1117949879623346
0.11180898320479897
0.1123560591792692
0.11314454914118477
0.11353118564380946
0.11340095146206486
0.11249751590114192
0.11026440809210689
0.10444355024212686
0.0924157074610397
0.078836241881415
0.06589187834929419
0.0537392211652421
0.04358776961612761
0.0349549282965798
0.02731275836503122
0.020971079254572166
0.016343066275921934
0.01313348214617686
0.010964636277691064
0.00948826059277023
0.008454062071094337
0.007710307287282318
0.007177628269202467
0.0068056807500103495
0.16939170604851378
0.006611485187754673
0.008335132174177029
0.010393070436674295
0.012784124277520442
0.015423806289389108
0.018124193879143585
0.020745965398821974
0.023198012903959397
0.024247373272390425
0.024131226538688377
0.023199868552993462
0.020787556820316227
0.017902757489812182
0.015164901852001145
0.01305126142745509
0.011591479724063491
0.010681748501634725
0.01018805803107518
0.010019022460827087
0.010102596022851056
0.010371483906382688
0.010760061242440593
0.01122097439275623
0.011723438668067021
0.012251821628596987
0.012801927648283251
0.013374933475389466
0.013963824117743107
0.014553625625299457
0.015101819496523006
0.015489129340891528
0.014640456995943518
0.01307548367588914
0.011169655812359921
0.009633312672705324
0.008637035051114277
0.008004460560879223
0.007639899371207348
0.007457089257350188
0.007387641465152658
0.00738614389713436
0.007416016973190165
0.007442304712044027
0.007431106930934628
0.0073559285536139996
0.007203478989071255
0.006982209221480888
0.006739526881441675
0.006524637622227584
0.006412502184265183
0.006516807214870616
0.007054934041993237
0.008146946986442399
0.009327804172959791
0.009970474339637641
0.010240876416742577
0.010239241455350564
0.010040201146662153
0.009675158232940555
0.009147893239200289
0.008473297830915069
0.00775402146649303
0.007086868001515516
0.006538117134614052
0.0061549690357824245
0.005987553987334601
0.006099590865286479
0.006508670642604668
0.007171667399143064
0.008057082729830783
0.009133032709891705
0.010353108373060693
0.011624892677022935
0.012812908145899601
0.01383417725112209
0.014689952300391829
0.01535991999475017
0.015786879026268484
0.015942135090845265
0.015596912385757444
0.015013888234742256
0.01454827062778034
0.014329061115908223
0.014292350305595836
0.014328532567997414
0.014345720035118619
0.014256733776888594
0.013987677753444968
0.013530083718039654
0.012916490443665718
0.012188564802391166
0.011382017957497678
0.010528101718491797
0.009649047480000766
0.008756160105182764
0.007850574777027072
0.006933620139048524
0.006011537150034478
0.005111688965556879
0.004241863081633583
0.0038223403437248615
0.003878792210154821
0.004303813096129076
0.0048714387991274
0.00549496416393606
0.006126161600596425
0.006732718914227628
0.0072902243447470205
0.00778000794610989
0.008180499177000145
0.008466982087911301
0.00861416048532071
0.008606177211736659
0.008444857770369407
0.008162170800085078
0.007840563855105825
0.007547615112729426
0.007358733623512396
0.007368252886662541
0.007741935361009755
0.008499896679070956
0.009327804172961085
0.00997047433963468
0.010240876416742761
0.01023924145535186
0.010040201146659194
0.00967515823294518
0.009147893239200289
0.00847329783091951
0.007754021466491734
0.007086868001512555
0.006538117134612757
0.006154969035780759
0.005987553987337561
0.0060995908652879596
0.006508670642601707
0.007171667399146024
0.008057082729828932
0.009133032709887265
0.010353108373064024
0.0116248926770246
0.012812908145897936
0.013834177251119129
0.014689952300388498
0.015359919994753132
0.015786879026269594
0.015942135090845265
0.015596912385753189
0.015013888234746513
0.014548270627784595
0.014329061115909888
0.014292350305598797
0.014328532567994453
0.014345720035117323
0.014256733776893035
0.013987677753446448
0.013530083718036694
0.0129164904436672
0.01218856480238506
0.011382017957502119
0.010528101718491611
0.009649047479998174
0.008756160105187021
0.007850574777027072
0.006933620139048524
0.006011537150034663
0.005111688965553548
0.004241863081637839
0.0038223403437250467
0.0038787922101577816
0.0043038130961275955
0.004871438799124254
0.0054949641639362445
0.0061261616005934645
0.006732718914230773
0.007290224344747391
0.007780007946112666
0.008180499176997369
0.008466982087911117
0.008614160485319416
0.008606177211736659
0.008444857770366262
0.008162170800085078
0.00784056385511008
0.007547615112727946
0.007358733623515172
0.0073682528866581
0.0077419353610114205
0.008499896679075396
0.009327804172962566
0.00997047433963616
0.010240876416739616
0.01023924145535223
0.010040201146659563
0.00967515823294185
0.009147893239200289
0.008473297830912108
0.00775402146649303
0.007086868001518291
0.006538117134615903
0.006154969035780759
0.005987553987331455
0.006170507690263505
0.006739158254683113
0.007625813054622696
0.009246560975799864
0.011600012813764993
0.014922562791520044
0.019414114970728313
0.025028855809287785
0.03133424039242938
0.03827155901398945
0.045839155804252206
0.05513708656710618
0.06465015421388831
0.07313683178212886
0.08026170182890961
0.08591833649378564
0.09023728652670741
0.09457039123113002
0.09914961112771219
0.10406098407609292
0.109299502877712
0.11431098055517638
0.11873504278952415
0.12254628107242815
0.12577062966970126
0.1284029514012906
0.13057207109682464
0.13246007731808415
0.13418701085192572
0.13583023500297925
0.13751380117796605
0.1395350050717011
0.14184500339911255
0.14639708127440496
0.1493350997531978
0.15116257179374537
0.15263068204407076
0.1509205879595867
0.14983849847196493
0.1492615064983057
0.14904565320191893
0.14910649372859336
0.14928112062613075
0.14934359052426424
0.14909267155332306
0.14839568133541076
0.14711214234780595
0.1453784900388335
0.14360177881238612
0.14257042077412796
0.14227065965902508
0.1425031502373266
0.14280347374972024
0.14120898835687606
0.13377127279429468
0.12453907522832672
0.11353594277354273
0.10123908251815898
0.08910527308360136
0.07715827210239132
0.06509213399388444
0.053489132656145785
0.04319529144220365
0.034968626385481115
0.02886302358349228
0.02469231231493526
0.02224468410830146
0.021420018918218063
0.02208669031832015
0.023935985974621876
0.026951915579301693
0.03135654362108868
0.03729581453837746
0.044871961729106014
0.053955115151184674
0.06392305211097479
0.07383677335795036
0.084916373573433
0.09625943557635816
0.10597988367207842
0.11456397104399478
0.12188412095969936
0.12759120520786926
0.1275163411240987
0.1269415933420117
0.12663432463318136
0.12679493486913423
0.1274181859895518
0.12839711626403721
0.12906944058638867
0.12906532164582263
0.12834000147856334
0.12698254989283675
0.12525411843169004
0.1233877781252335
0.12164382575879448
0.12028533242894805
0.11976871421357449
0.12078181811741732
0.12426323912681245
0.13135296405199892
0.14197994978335404
0.14993540599741656
0.1527193824922285
0.14930966297389198
0.1485878929726516
0.14954550051154686
0.15146867474761888
0.15179776606434436
0.15068655540448692
0.14964216491248591
0.14876086805286978
0.1481972458287667
0.14789797962667922
0.14769627347598996
0.14682779803958323
0.14493427374725404
0.14336589448381196
0.14453968502811165
0.15317147806845216
0.16131489170320312
0.15668624068532422
0.1434221199933929
0.12975715546414063
0.11707049151845376
0.10404517135209976
0.09088327488891194
0.07728971794664494
0.06218553450416202
0.04831754140268911
0.0386061469087375
0.03129090082005459
0.026185426615827345
0.023031526968357863
0.02166452204131068
0.02205161091637764
0.023873596350560966
0.15282384082138872
0.02695191557930151
0.03151139613096654
0.03766501435503815
0.04548253953695902
0.05476904855540847
0.06518428220861554
0.07704640513889027
0.08727068329993834
0.09706160000478636
0.10623628033799534
0.11465449691390148
0.1241803582283115
0.12630279676078365
0.12663616128226715
0.12666456731220244
0.126658589539209
0.12706709313215214
0.12791301939293565
0.12884084949736418
0.12921513364543077
0.12890653325366264
0.12784829920969576
0.12622486189831103
0.12429488054186885
0.12236660058801252
0.12078788355609438
0.1198895607583674
0.12007713184547297
0.12227690820763897
0.12744114174088883
0.13645880535177235
0.14599701895514722
0.1516702530430943
0.15080200705212785
0.14862430862042308
0.14863727202067412
0.15003399089159394
0.15223957522355133
0.1517489435351954
0.15050174194854624
0.1493738501577589
0.14851259245328505
0.14782844322361083
0.14729148824033628
0.14659536618502
0.1449986064649676
0.14344894368023794
0.14431774798951635
0.15188117883181917
0.1612405573890674
0.15568879966318172
0.1469238595918478
0.13433447052251302
0.11951722708308336
0.10541143896558025
0.09245146791495074
0.07920480599770667
0.06557641834060102
0.05213258634416037
0.04002125784892878
0.032203944000420336
0.026762573248477937
0.023333005089245334
0.021759158258833716
0.022014925495847937
0.023808402382914005
0.15281542573687654
0.026951915579298363
0.03167390030241357
0.038053347926729764
0.04616267862983063
0.05619264220773357
0.06910567718239169
0.08017150953744501
0.09105625028794899
0.10153673272198553
0.11179468728995909
0.12343012742234002
0.12884639116684232
0.1316249338313502
0.13207545668787643
0.13131832547614186
0.13092629350467827
0.13091602861724191
0.13115821817216028
0.131239579325463
0.13056967669791586
0.12903093234667634
0.12679534005191007
0.12394925313960933
0.12081626245762311
0.11784983360634586
0.11552545294838365
0.11440873765226493
0.11535941178035877
0.12021295159746834
0.12865753268956764
0.1417727651557414
0.1506915125571867
0.15444292810409305
0.15109933832523514
0.14945066971721543
0.15063874657624582
0.14800811366986744
0.14498784175408527
0.14166778939868416
0.13838504691491393
0.13512194047639056
0.13187041271355449
0.12858196251833173
0.1251400031466754
0.12098231197151514
0.11726956153846817
0.11695409811475192
0.12454566823098367
0.1486707274504112
0.19462239444332896
0.19923446869799727
0.18673045826649268
0.17426931463635442
0.15919384930100516
0.14137349047049683
0.12218622034012842
0.10382033587838828
0.08534865422722546
0.06883706025460143
0.05446469755394645
0.04492469250737652
0.038815255877082865
0.03588129017685182
0.03622637535310169
0.039571329717700464
0.15070631739098192
0.045620748427440315
0.05359361459660521
0.0653105347196629
0.08099925277481324
0.10349702400790788
0.12598757579112607
0.14859731543416782
0.1727183703164653
0.19996500681240945
0.22703567665169364
0.23920846269269344
0.16901144382727368
0.11072527896189899
0.07303424196580921
0.05428380760654532
0.04556979098160534
0.04194947577257376
0.040211902433002586
0.03863142076542962
0.03706241416154018
0.03541632801657146
0.033598468947951265
0.031616927118391744
0.02961204379470913
0.027604031296156184
0.02581463998906871
0.024671952992046386
0.02425494114202472
0.023325777084810727
0.022460476418360575
0.017507716481036478
0.012219176584716645
0.00702082193613988
0.004020678310815614
0.002852206250629023
0.0031909577482456637
0.0044275566721552195
0.006024668230074082
0.007773297670681431
0.009351537345196522
0.010423947701035571
0.011105639240488279
0.011428026897165785
0.011464514407505216
0.011813962589927545
0.01482733586207578
0.02407735188619864
0.04544141434802251
0.08295041260340585
0.13466700677107
0.18639776213566403
0.22736927520338235
0.2626102175559686
0.227099650989047
0.19405977542576208
0.15855960019325432
0.12284341885030008
0.09425894561139367
0.07321487092513956
0.057279423719465705
0.04714982279951707
0.04181959109197035
0.04034151533761558
0.04203064453444187
0.046627947103419776
0.055960410753631194
0.06820679533269702
0.08323308092816377
0.10054658030491401
0.11628185008922913
0.1311568837490614
0.14665298008627647
0.15735011770835305
0.16502918544688236
0.1723433818960461
0.16927307518789625
0.16436025742867919
0.15708118322487807
0.15126952054614506
0.14690497526213728
0.14344228746961768
0.14028165056988173
0.13654720399107054
0.13196232267982666
0.12669003557185626
0.1210100933245234
0.11534178636500822
0.1104972736781614
0.10733249426421787
0.10696544879079617
0.11054072006417634
0.1193609837995463
0.1325439096092479
0.14679098848347322
0.15340239970856484
0.15481321797352549
0.15285051820957724
0.14978136139584616
0.14615020553479816
0.1420614756973369
0.13762410220561888
0.13287276838436077
0.12776936313866616
0.12269894386399342
0.11754110732197806
0.11237877716087474
0.10753975481244664
0.10515508270006155
0.10937144796666576
0.12662292547089227
0.16153072761789364
0.2167337293776378
0.21592825236243915
0.20089195143321248
0.18594752700296535
0.16907526089159558
0.14768499825056866
0.12582276082047594
0.10442097710662161
0.08213583265303859
0.06446091989601221
0.0516090813544103
0.042676191969175936
0.03810893956337269
0.037618738998031476
0.04079470185691011
0.04723364840260554
0.056389124005980326
0.06978540795440229
0.08984547973709123
0.11205061351239351
0.13722939369669657
0.16484865745267882
0.18890354742271984
0.21560055189748037
0.24226235112955224
0.21997447465742337
0.15434814478534176
0.10143638039973257
0.06896638112082243
0.051243173804735684
0.043124646224531236
0.039865982120865784
0.03827147427478916
0.03716671992379776
0.036038555662454286
0.0346442716471677
0.03283485735135835
0.0309385395156205
0.02890356171024252
0.027408067851677303
0.0265467148376695
0.02706461526378101
0.02723619252068673
0.026029322375578645
0.02026051042176717
0.013784896949068925
0.007793045417116377
0.004294125999738478
0.0031491369573914225
0.003720730575585048
0.005233778544297407
0.006909199051800541
0.008243496798742886
0.009316689647749048
0.009612739684014734
0.009455910164640573
0.009460906908338267
0.011286731206184286
0.01840510893717969
0.035757917518208414
0.06704005127501411
0.11535562999717974
0.16644400025320638
0.21357835230246425
0.25143327482941663
0.27995816431642173
0.24223339276709463
0.20507222098558986
0.16432872670012275
0.12888563463217634
0.09864854054649227
0.0761339947402769
0.061414117567050175
0.05208840299856373
0.04883916482323651
0.050492583569782076
0.056534152776764324
0.06887685611769723
0.08494381236445434
0.10476944837057689
0.12437436455317363
0.144873392290798
0.160846012985685
0.17597305710201036
0.18704449259769312
0.19193537662951085
0.1923086993488014
0.18310742479238695
0.17074558304729093
0.15938802838816696
0.1507640546466795
0.14452693969518446
0.13960573010534977
0.13470178003710848
0.12895261121569007
0.12245165578036103
0.11568956896524393
0.10916314487831591
0.10410021055029343
0.10199779171157386
0.10429433771828145
0.11225607743404717
0.125217064895836
0.1402783538776816
0.1514330195119612
0.153671736122436
0.15163049373860465
0.14712210024626823
0.14231603216721328
0.13718058835755664
0.13166379725698324
0.1257269142118565
0.11961467352124888
0.11295548830581001
0.10642101835420081
0.1002682800909451
0.09611684701534451
0.0977797974274621
0.11137574713465548
0.14098114786764204
0.1891771122632933
0.24662082792036727
0.24440767453483725
0.2305154960113341
0.21199085411991023
0.19227434520933506
0.16594589976613933
0.1412126134973533
0.11249621831473156
0.0888682123306874
0.06893558241158264
0.05543502437522645
0.04761423546490877
0.0453152778950755
0.04861178520923992
0.05653415277676803
0.06863146826083874
0.08656933559579805
0.11002006453765849
0.13808930560125648
0.1656206259303526
0.19371892552513242
0.22098021182192304
0.24529537956296404
0.2675248468442598
0.2115853764613592
0.14875350009360078
0.09787781996004812
0.06520871398143151
0.047712147340322295
0.040121858856237425
0.03768831687514611
0.03693864037485006
0.036454649482127365
0.035640023817098784
0.034158510127495864
0.03234458352048146
0.030314289535529615
0.028785885422445055
0.029235115249150456
0.030234264183774767
0.03183210480128078
0.02942871207336421
0.02208348113549493
0.013917909494175484
0.007159468818072057
0.003715996075701796
0.003282422300864285
0.004548813707808871
0.006198040826686143
0.007850000536477886
0.00854586197527633
0.008848778861090072
0.008545775241639391
0.009236175572678492
0.01412919627188943
0.02762784816544998
0.05341024823317424
0.0935956090468961
0.14057592316633377
0.18679374775850652
0.22399890140997747
0.257295532255693
0.27518812838908097
0.23636517991773928
0.1946012846292426
0.1546272824653555
0.11766492440025848
0.09027891960811349
0.06885616131308947
0.05639868748192741
0.0501805776964868
0.051054283186471136
0.057575096889934306
0.07119317500486963
0.08957350808480943
0.10991710455276082
0.1319706773422774
0.15028630931319437
0.1684912702749621
0.18102752683113732
0.19028618411496706
0.19211551701922847
0.18422897982670589
0.17192967285736882
0.15699120304825992
0.14494718157126385
0.1371833954982373
0.1318720882425256
0.12732619664001227
0.12231112371583086
0.1164391712335594
0.11037688820990432
0.1047891777872904
0.10131503459207233
0.10188136138419457
0.10801495247232229
0.11953916902941306
0.133054503374469
0.14520225809904957
0.15077048082882943
0.14931948081873037
0.14484731416402274
0.1396093125192168
0.1344342701707994
0.12924980544275416
0.12385567164783193
0.11791434220248642
0.11195888114235239
0.10591435480192499
0.1012325838802336
0.1008908909571558
0.11024960976447193
0.1336723714541871
0.17259319264521975
0.22140253665184925
0.25269059752099754
0.24386324183723312
0.2308075497159203
0.21050604059105787
0.18801897081756225
0.16136504954682995
0.1323441965962315
0.10584131318226275
0.08118333097188883
0.06392278332554995
0.052130414167740155
0.04765933566154734
0.04990526262940109
0.058224671115455116
0.07206966060021396
0.09305198727214174
0.11821568492466683
0.147479641426491
0.17848329713514077
0.2050684986008907
0.23273705639742645
0.2543393458072711
0.26100122933922704
0.20306733819066003
0.14565833064993094
0.09955626678547566
0.06830173730883923
0.05104506589874824
0.04402471935221419
0.041473143120258446
0.04006677009980475
0.03855477623341393
0.03649353754053527
0.03406674700793126
0.0316435004583147
0.030825474119070367
0.03176961127855575
0.033954664840562906
0.03567042923946773
0.03158094455369372
0.022840337364164836
0.013393006002096475
0.006413200552998396
0.0035517793491673944
0.0038129311033082334
0.005472766010420904
0.006956989002080231
0.008116897135205803
0.00823075031622933
0.008418728721046875
0.010929420666195844
0.02088024545653026
0.04290905086160146
0.0781177415544789
0.12060653978148891
0.16330125037332166
0.20032911596597536
0.22886453624369235
0.2564809079186801
0.2672589860073554
0.22585048150406517
0.18253817828757754
0.14068524999980403
0.10662268028793462
0.07944099088360357
0.06088141685308339
0.05217826726415058
0.051175607302131706
0.058224671115449565
0.07326846750283167
0.09352391270510445
0.1167805732330642
0.13806941417354243
0.15858764142259082
0.17597712128499088
0.1861817518001378
0.1901946158191768
0.18541408540680668
0.17128315647782372
0.15490181950750156
0.1426774626992
0.13599527189058067
0.13186398646429215
0.12778140974782823
0.12267027225070504
0.11641164543030344
0.11006469901891636
0.10479249642814863
0.10300380214843234
0.10704151667407551
0.11707195679413862
0.13003438412267995
0.14018194484019253
0.14434095851694584
0.14342670767096444
0.14064620516014853
0.13800532224516568
0.13581225137188513
0.13256089930028378
0.1277387761752008
0.12202932495739449
0.11545365186909129
0.10933742786940907
0.10622727538803667
0.11159860294102986
0.13120155274178924
0.16490677373219337
0.2072540779642777
0.23972860264757795
0.24085904211740156
0.23274827356555394
0.21835306367506618
0.19697012620524498
0.1708203235280446
0.1440638667766218
0.11582150922778293
0.08904619394665451
0.06770795399424027
0.053799131846119695
0.04628777566021369
0.046869055623908015
0.05481466221318325
0.06894794820808052
0.08769096314583946
0.10874443346401161
0.12926853367573451
0.14636189921006737
0.16158955612161224
0.17174587815525075
0.17332175275578843
0.16581062130979318
0.15265619425645693
0.13817938580145517
0.12644930540778682
0.11927931174210371
0.11604621493919424
0.11364737367836479
0.11046995467019853
0.10676450559520656
0.10322302496520275
0.10136261118090129
0.10352500406668483
0.1110693202296779
0.12240786621702526
0.1338095459508528
0.14077589982994484
0.1416087557449943
0.13938736863036244
0.13614203111170695
0.13312954580120737
0.1303966830500075
0.1273117493810801
0.12372320432762596
0.11956683247495418
0.11578712255389405
0.11435906313506958
0.12030141045809092
0.13898212923077358
0.1701224216694967
0.20805673536482847
0.21994495452690482
0.2242246363485891
0.22006840147952328
0.2072489553856205
0.18943628417663155
0.16776502585062675
0.1416898567654873
0.11474565769450755
0.09004981070937798
0.06947174380855885
0.0537305368394699
0.04493946507481343
0.04466737019858391
0.05229390208517759
0.06689043990260954
0.08856879980152055
0.11525027785150022
0.14474705067944776
0.17397591705689627
0.1999828819915443
0.2214457900764479
0.23573367242723725
0.24057470701721245
0.19456730908451736
0.14599386565359548
0.10310908550262676
0.07281577558750271
0.056734656220947165
0.04972961684609571
0.04560201317517498
0.04180340258404377
0.0376587784776065
0.03333067140062189
0.030080596862734715
0.029515274002156294
0.03149479316110926
0.03343364593469752
0.031682576022790496
0.02441192876729707
0.014867470872586552
0.007192332630986953
0.00387554787655231
0.004190623359175231
0.005769337242717369
0.00731558989350678
0.008485711695431775
0.00979771472372215
0.014948305775988232
0.03114439971268368
0.06096230912818727
0.0989689999548125
0.13708723476974755
0.16740627128577584
0.1907286434378273
0.21158064116660288
0.2324386573171816
0.24605972600033443
0.20501567290955333
0.16382934929763301
0.12529538181678124
0.09179428337548128
0.0661234870742424
0.05016455648178616
0.0456604682259811
0.05229390208517741
0.0671186369579437
0.08670499594526408
0.10814882093064546
0.1289036320514797
0.14709215790233673
0.16062159655919395
0.16678773413912645
0.1629088455137488
0.14981568706642875
0.13378396345923213
0.12117104900343734
0.11554682258757258
0.11487574073478687
0.11397037737684561
0.11143593292298064
0.10794429339203679
0.10486351969819083
0.1046287536632079
0.11040207702585163
0.1218951748894089
0.13453574071628505
0.14222091184002456
0.14108320470609337
0.13667574412537797
0.13347116593900496
0.13310685029465993
0.1341550532532911
0.13370957288203053
0.13125371464252283
0.1276814172094874
0.12424913705317453
0.12487978173215657
0.13856181627001568
0.16857769706022302
0.18896323733383663
0.1951273788575549
0.20279576446463277
0.20668555424881924
0.20107525547815402
0.18662374930885148
0.16607058583528642
0.14187034563962014
0.11619630732991659
0.09155544497266041
0.06957338918711253
0.052112673849917066
0.04099505673848314
0.038464031622582794
0.04469328723355519
0.0571079623193634
0.07295269332308045
0.09006841894479922
0.1067747645635316
0.12131714173889752
0.13140934567158277
0.13455950442964199
0.12911710994675568
0.11778751686496096
0.10641184887896837
0.09880131347356233
0.09675743303376487
0.09847434432876334
0.09989490129038918
0.1003221614361403
0.1005346831252446
0.10191067462073508
0.10668756497606588
0.11577546087454224
0.12683094477099865
0.13580570580999707
0.1387987484426495
0.13675714131724953
0.1350117096281776
0.1348733848953639
0.13637109562462113
0.13835978979792904
0.13949287428785392
0.13995598403000298
0.14077656843594855
0.14454673419853387
0.158416817154875
0.15840783338377556
0.15594225481265786
0.15821068862682514
0.16330981917424198
0.16798054145029867
0.16640555310462732
0.15698056166185193
0.14179343213921503
0.12307107408130218
0.1028397223209269
0.08274922614380935
0.06398870385564268
0.047984452429205945
0.03684056443671295
0.0334009105393925
0.0382980282513599
0.04947656311952949
0.06374201985268224
0.0792557812766063
0.09465544769185838
0.10807655635567534
0.11724542940949953
0.11967825556552347
0.11386766981305382
0.10428492241942644
0.09556204650095712
0.09067262572998244
0.0914370088144014
0.09550242900018324
0.09796730481199427
0.09923652814925021
0.1005324556396616
0.10376577684148496
0.11128850955442637
0.1226576843070637
0.13365927720526416
0.13953783775302636
0.1375041918346191
0.13374561094426363
0.13224956402276816
0.13372162744966665
0.13695736414184165
0.13953268703637353
0.14056306817642567
0.14110111769693773
0.1433436778973905
0.15414327603002764
0.15890769392918724
0.15338119196640004
0.15379189887459344
0.15903758762960557
0.16570874642655925
0.16757644945088507
0.16036637267024184
0.1459735740666433
0.12711227461664182
0.10643370731345211
0.0857359835854582
0.0661344389954501
0.04919329795722368
0.03721615914028013
0.033297097903856786
0.03829802825136638
0.048074922813265794
0.0592617228813469
0.06997168141562371
0.07896382005693962
0.08529970019532873
0.08743700826347142
0.08360916350519221
0.07276761567142909
0.056686758223317334
0.038891420405808286
0.02293735874028091
0.012025153009281864
0.0072465461085909535
0.004874769412456052
0.003180477101083675
0.002099013272933159
0.002279587576715092
0.004874330813371963
0.010030997744447379
0.015827987748631332
0.019652655781887317
0.01936419646310824
0.015776761054799675
0.011574906106723848
0.009043949725568805
0.009265364151792577
0.011632304663843906
0.015025980855590815
0.018757734202925296
0.022677838069134298
0.028230530045751934
0.03861600278524317
0.05291906720517788
0.06772830685966402
0.07978227093724903
0.08617171391793096
0.08604070531724703
0.08118732290392598
0.07336589552106532
0.06411201790283946
0.05414579939181523
0.04420982863806082
0.035251507971067284
0.029004232076702184
0.027776836822099492
0.031901356747982744
0.040917527479219694
0.052119224486630866
0.06403412999775593
0.07562015637291697
0.08531049279106437
0.0908918413801165
0.09022393206671661
0.08336654323843766
0.07600298349873766
0.07133276379575523
0.07128857481330483
0.07634820609349373
0.0822890018595988
0.08697901389933409
0.09115244956670007
0.09632464808854621
0.10432277703079881
0.11548867740032684
0.1258560793208998
0.1325207788977732
0.1327728625283836
0.12882664107333686
0.12763314040763973
0.12975203233943505
0.13451930192696823
0.1407470124267418
0.14668067782215632
0.15122157712200823
0.14565788467825913
0.1385076156868742
0.12689942596637288
0.11547330731202807
0.1100951211703477
0.1104222444713173
0.11432856641296452
0.11802213773225656
0.1150267316633985
0.10622482408405447
0.09382391183695049
0.07952268451524469
0.06551133885467483
0.051995560490472235
0.0390368043725133
0.028370317129644367
0.023985583848737762
0.026884667381601446
0.03461856235735935
0.04424748707228995
0.05470136735732656
0.06519330336445121
0.0744679017200541
0.07947772748760278
0.07844295300251158
0.07244702306923442
0.06724598415780991
0.06495994087829138
0.06754537528684379
0.07524261300072907
0.08243545273452466
0.08791305954277426
0.09315257751554618
0.09994144095193855
0.11063281563440441
0.12236467454770472
0.13189712074454574
0.13580078989878805
0.1318593011819208
0.12786994508419988
0.1281474418934516
0.13223420819932147
0.1388192434958278
0.14574888586319631
0.15177479027388882
0.14908868412866633
0.14246956409168196
0.13210219810406396
0.11762680769605276
0.10932771337029838
0.10824099600043324
0.1121192021097972
0.11766537703297386
0.11707850639484782
0.10945072814111964
0.09683487665008576
0.08250215868183086
0.0680516513624859
0.054096980988188235
0.04095034313817025
0.028892511117789198
0.023915519559659836
0.026884667381601633
0.03498680991241473
0.045038794934052495
0.05587440624027218
0.06702986430263291
0.07592807438542719
0.07992956433078977
0.07700790289852674
0.07024373398174541
0.06535111382465968
0.06398415735845153
0.06769119664608785
0.07700385525577262
0.08420168795390778
0.08988780332367811
0.09605571232658798
0.10522405883346335
0.11753527384256798
0.12911341583704478
0.13625481093625935
0.13557246641828724
0.1299640689932043
0.12859542949047453
0.13178375541955242
0.13859593844744095
0.1478010370808484
0.15626795282180084
0.1477921975001817
0.13902747436904989
0.12749779131080405
0.10963890071449287
0.09654020317580356
0.09149774596482196
0.09186874606632608
0.09545233841440257
0.09597737042665996
0.0900035996365206
0.08001544564773719
0.06756279951405561
0.055268560851916004
0.0439285858871021
0.03337664616502922
0.02417817359645173
0.01834341550288258
0.019935843279612807
0.022693903160608635
0.025332979257639186
0.02744775660347365
0.02884994698489407
0.029160316204495478
0.027704540126999116
0.02420846547430707
0.0196604959978669
0.015123531185533928
0.010931556936253178
0.007049460992709459
0.0042343474884578205
0.0030892884575169552
0.0028194792851295634
0.003079864588052539
0.004043269246496636
0.00563742919423312
0.007516385075896545
0.009101761531763269
0.009819397921124556
0.009526231865209142
0.008964193097782219
0.008622494468657482
0.008546632416385019
0.008745707155323561
0.009269077496216194
0.00999136563770801
0.011180699738136218
0.01362575224300074
0.01815697919082815
0.023227599508019448
0.02800543023046535
0.031945303220303575
0.03398193085754879
0.03387288479017962
0.03234030229294842
0.030182334724871418
0.02771892017212637
0.024825274721819723
0.021633539356817704
0.018485438749295167
0.016744973485859904
0.018088605788680694
0.02301984840262302
0.02910052123804056
0.035761440123239605
0.04302496461300709
0.04838606835177543
0.05038130951381485
0.048393972404019256
0.04546958796526723
0.04507505615549542
0.04799830765865931
0.055624118548356916
0.06703477369733128
0.07684404554901567
0.0857627857549224
0.09583567504231172
0.10915075802170901
0.12174649018063441
0.13073574621197293
0.1336953249847341
0.1297600700296057
0.1267276976573728
0.12871579484384166
0.13472810743451247
0.14420227402638763
0.15428989441101457
0.14291448367584375
0.13172364942738712
0.11835421131542864
0.09906509494639208
0.08218189886457081
0.07446239268953085
0.07319876983928406
0.07630498826169989
0.07960511545251181
0.07688717435860397
0.06951933035587296
0.06000176002032639
0.05025507191124564
0.04077038431759161
0.030982759061921977
0.022452276410699544
0.01658223298527791
0.01808860578868643
0.020496880947149337
0.022870259503206352
0.02490170597399366
0.02637871235431836
0.026914102381016547
0.025697622150978965
0.022534055769692918
0.018389517613372486
0.01414813387630202
0.009851621390811749
0.006138044235854031
0.0038041195511597423
0.0030239658134438114
0.002981884830169368
0.003526072445675747
0.0047006347655885
0.006332129747129342
0.007890291084141262
0.008946737347170036
0.009084454141038239
0.008713571738190318
0.008482309068468438
0.008559739944210925
0.008816232311461003
0.00911817403643119
0.009654119031512106
0.010302879983954035
0.011681985650537538
0.014487608520140454
0.017708119948909678
0.020562398193685327
0.022844693249217674
0.024090319791589453
0.02396031390936989
0.02298064170921636
0.021668824927409402
0.020241525476433396
0.018621131628272874
0.016793138731023283
0.0147153620824364
0.013269568746046012
0.01348657816036436
0.016625839651721597
0.020443768815909074
0.024925836226658192
0.02899724259066298
0.032047433320527105
0.03275337794020006
0.03128148167958311
0.031174583633206875
0.03305302002403162
0.03765256411361606
0.047142121514426504
0.060490822677866284
0.07280485529623552
0.08478419154872982
0.09909564958824021
0.11381508619230467
0.12457311741800556
0.1298980755821964
0.12911164278429144
0.1252941289360408
0.12632976535140378
0.13135644574114813
0.14053351760905738
0.15561750257851725
0.14050030195237503
0.12533974816624402
0.1084648222466883
0.08720253476966533
0.06416360761581345
0.05296626419186323
0.048911497034975215
0.04913524905390969
0.05168810382519744
0.0509588540128153
0.04693101057813269
0.04081953584721595
0.03434307520329953
0.028496331385018947
0.022794156496635708
0.01631738821381216
0.011726410787106605
0.012291966018887676
0.015302976443988444
0.019061178138361688
0.02361138828259483
0.027981238180553314
0.031073279725413926
0.03182476958815239
0.03086467417812914
0.03141398408812501
0.03418658717484554
0.039749878383828305
0.051266743451036476
0.06524676038078991
0.07803571196917085
0.09097683390951461
0.10685309833083209
0.12125983779540292
0.1299229725510957
0.13260582418782363
0.1291771567609664
0.12744672324094505
0.13075034010081663
0.13816983933427063
0.15078031523448815
0.1496204782329541
0.13352443590519347
0.11725037608186847
0.09642051377502034
0.07057320694938178
0.055517328103558694
0.04976932416653905
0.04903327318953173
0.05164599094919453
0.0521489344321302
0.048459322630811284
0.04246816924104484
0.03573446068376229
0.029126510350022488
0.023026764567111356
0.016270660909528854
0.011429673231568665
0.011868464690681368
0.01191416447267261
0.011775720604133011
0.011419290235625454
0.010875063308724564
0.010053081256429602
0.008918620435561613
0.007714242009844718
0.006923631413790858
0.006428055628646494
0.005994448247501616
0.005461393143629442
0.0051178319361065245
0.005144288254014621
0.005390311354678453
0.0056855098568381335
0.005918635568180805
0.0060238516582618775
0.006086810971237533
0.006254835091650812
0.006801134324588842
0.007762191617855704
0.008940713574365397
0.009994682167790796
0.01073599801453847
0.01117509826651375
0.011428284910953528
0.01154456342413753
0.011307074289169106
0.01069722616012736
0.010011713225910324
0.009423878244600078
0.009074452861196902
0.008978917182505913
0.009129308410540198
0.009385948632739671
0.009700800169097357
0.009989301644532749
0.009987275431883418
0.009382023475790757
0.00859657709925706
0.010294326879887369
0.012717477130267016
0.015331263716890272
0.018084997359321675
0.020097569244251212
0.02111217470207538
0.021998862109294248
0.024068058774666112
0.02758013590950422
0.03387518420377193
0.046937234149319426
0.0629300956439118
0.07819091142457843
0.09474646818534105
0.1121909643807073
0.1236134201581901
0.12885048744180877
0.12864309893166614
0.12557315817180098
0.12749784504626846
0.13346332407893402
0.14476984359299838
0.15385745832510622
0.13539697923303878
0.11546924254050739
0.0926073127187623
0.06266328882568137
0.042667387615369555
0.0348915751418268
0.032168621457959554
0.03286130669057141
0.033546278063146626
0.03179252797818037
0.02822810449310783
0.024083252598994798
0.020342882215468688
0.016276001169313974
0.012755267322639985
0.008873578125111655
0.008596577099262797
0.010377683052657702
0.0129348210795871
0.01571826846281562
0.018546237858572494
0.020576663838338304
0.021647112084431375
0.022678856942485358
0.025202077743446405
0.029222817946543505
0.03705989236985582
0.05236596971597489
0.06879716353429341
0.08478169292462738
0.10284649666404819
0.11955848961264134
0.12877780375766
0.1317356348284123
0.12899059881599137
0.12854770479791428
0.13283954113946192
0.1415454364460117
0.1583327548004158
0.14523327236600567
0.1258809627283991
0.10376043434647395
0.07521676371374428
0.047592397934479634
0.036068533342023534
0.0317044408364355
0.03120083887239204
0.03170279611630726
0.030028601292260704
0.026525377187287723
0.022211419467393356
0.01853878869662484
0.015055345504608927
0.01150493093309594
0.008147722430551878
0.007513653156055826
0.006222275549293554
0.005003045592722466
0.0039416567414514905
0.0031128129496825014
0.0026395765082041596
0.002635704916939541
0.0031572575445545
0.004141458104141386
0.005517350980750457
0.007143603269445335
0.008398991841531516
0.008828068640814684
0.008608727253455925
0.007745952106438433
0.006393224855711736
0.005175306129899249
0.0044681967864120455
0.004684868407358415
0.005883720803584273
0.007780341972759749
0.010206966010229784
0.012761715098302448
0.014819136159138213
0.01601710069883004
0.01569533396148367
0.013201371958333857
0.010062824925199759
0.007378900462546671
0.005296464023767378
0.003978280423684496
0.003537419903420491
0.0037452334668760154
0.004320666776906161
0.005111482723430909
0.006032294926750874
0.006946982306017166
0.007018960935832689
0.00562968288127926
0.006533382805508081
0.008067077571802436
0.009903041089511974
0.011822215446996947
0.013776727089221582
0.015849939862772798
0.018136476602421497
0.020700802610434388
0.024196927418552915
0.03254900444698376
0.05095999410706283
0.0696986004651253
0.08813175280658651
0.10826226499634181
0.12131096955810161
0.12669077591296504
0.12706743140124785
0.12574807823358514
0.1287614515437439
0.13595416165244253
0.15082399889940407
0.15114381668440888
0.12856684434728335
0.10422539306392309
0.07392706189119211
0.040715606511039046
0.025819534515745812
0.02062520674411724
0.018946635700385905
0.01895110844491732
0.01820337348535983
0.016511182890204073
0.014350761321727709
0.012081510929377409
0.010439632554249586
0.008386815546537937
0.006275416937364664
0.005629682881267603
0.004006671834748862
0.0027137396236318985
0.001822609148553108
0.0013805485409510803
0.0014440894183259667
0.0019861439832922585
0.0029509982933856316
0.0043353240115688125
0.00619361430500065
0.008377365279526225
0.009767352031394191
0.009921193235643371
0.009184716505113249
0.007620737623849627
0.005857378681146108
0.004597961632292573
0.004243208955546085
0.005035837261085733
0.00675004691656822
0.009086252059302136
0.011850771048068828
0.014297752485124549
0.01575836242008799
0.016095216072104884
0.014208527955455094
0.010966366820885181
0.008051002651185968
0.005743217910662383
0.004187493684356484
0.0035637197329344934
0.0036750786775757716
0.004236141749121569
0.005026880540600446
0.005962554902598042
0.00691951411969538
0.007040811210099844
0.005629682881267603
0.006527337887514325
0.008084187086741154
0.009968416880633362
0.011962916589032074
0.013986109091338832
0.016143045337561984
0.018508976712243906
0.021247425406806058
0.02549401213007526
0.03705254756676842
0.055843783974898385
0.07418228959631605
0.09327757258128788
0.11215596629391089
0.12216366691368441
0.1254460627847966
0.12434135273869293
0.12535885459051915
0.13060163478200326
0.1416754017649898
0.15703969649137192
0.13617650887193375
0.11278913831776391
0.08437079909243825
0.04722210054420621
0.025930991252448764
0.01870985946933986
0.016087475102171865
0.015518223601136971
0.014524753878332927
0.012929916699879751
0.010976210206295653
0.009434372662965504
0.008050282236855
0.006722198306152172
0.005243782538955448
0.004576028573194576
0.005338552957600921
0.006764452790937367
0.008617417309940516
0.010803838516693087
0.013186972307315433
0.015761255093216242
0.01763911448524077
0.01921756479721241
0.02289403286357313
0.03788856700477554
0.059283127882222196
0.07985968909769862
0.10207120899647186
0.11789632578719955
0.12328652107660895
0.12417912119033314
0.12447376935179852
0.12855150604906274
0.13748856338851922
0.1583763898446324
0.14900105947945738
0.12297440763905099
0.09311994943174715
0.05526001573175732
0.022731674077472824
0.013341379149129548
0.010515380181334948
0.009485514145884204
0.008686520084219922
0.007848947156275377
0.006950810453365912
0.006090914752316564
0.005520085749025258
0.005121198287175536
0.0043253074362679484
0.0037679802792541426
0.0020368562351606263
0.001305052830657405
0.0015866249172199107
0.0026962862689383638
0.004030445214939782
0.005022042652181313
0.0059606110227394815
0.007563750042475411
0.01052801778105017
0.01412692737304618
0.015377903231645711
0.014152453272744208
0.010878364763644382
0.00693523776131133
0.004398087267087718
0.0037223003776948316
0.004842371077477167
0.007323451277370848
0.011116872103624591
0.016109853439766897
0.02060400819844932
0.023259517364388842
0.0225421342629741
0.0173144233752807
0.011733707440151713
0.007877868718452197
0.005284957839129708
0.003587480515747273
0.0026532267852761677
0.0024180280119573405
0.002767544593206088
0.0036870708611141945
0.005030855459951892
0.005540294217627658
0.0037679802792541426
0.004484936025763905
0.00600081664810348
0.008002677940179836
0.01037226175722476
0.013054721061287283
0.015561755833483997
0.017037549140232665
0.018523228963129672
0.02438591512504566
0.04268263037601694
0.06391191630351271
0.08486719743932318
0.10534853413526761
0.1171474628071173
0.12127218165692566
0.12226497281915753
0.12494684966979716
0.13192792902762468
0.14745667581856509
0.1546237812898471
0.1302159210924303
0.10289949299961151
0.06818559253051508
0.03135361229782363
0.01544934405297127
0.010821001099466007
0.00923860926890933
0.00836634462133316
0.007480443938690888
0.006512790386373757
0.005678371924460376
0.005297614970123747
0.0049810888558854405
0.004325283578072159
0.0037679802792600636
0.004550476980364852
0.006231139940632661
0.00845217054422846
0.010998608155943779
0.013750315960043651
0.01618939285164822
0.017696357834073678
0.019908983326244283
0.02937020847557833
0.05001283473624607
0.07157940977533417
0.09251427827063138
0.11234008627007945
0.12104061832293864
0.12405425508523305
0.1257042509745173
0.13109788966965058
0.14286220130901325
0.16490684427824107
0.14228438365582557
0.11485666609560852
0.08354049148778075
0.0418765552385821
0.017911028213443703
0.010642612329588668
0.008450171847085668
0.007232308200465498
0.0061139393645054385
0.005161709414763053
0.0044200415447707515
0.004119416242134115
0.004224828215842469
0.0037103913966868296
0.003244719148074264
0.0016635800909224157
0.0017502424500344857
0.0034492512388754433
0.005997284919036136
0.00803720361315578
0.008798281458555768
0.009498327523315142
0.011919973187427362
0.01685530954732358
0.020321451839290794
0.019707222886715857
0.015676109789635927
0.009401019947940145
0.005062994922437706
0.003954851775046694
0.005351352040807537
0.008793079541515869
0.014755288259640047
0.02248071683123502
0.028868397563184083
0.031425413204597685
0.028121244720251497
0.01904032665306421
0.012283542422615683
0.008700049936629095
0.00641850648311478
0.004449345156885369
0.003014724208811511
0.002440979271099801
0.0028563859840363692
0.00412899464232915
0.0047945401818361155
0.002879097000391314
0.0038897443795673134
0.006294146224700703
0.00931488257125172
0.012569682810199176
0.015193494113778239
0.016098713805010788
0.015269416188794701
0.016834091697844705
0.03045048859434981
0.05375394637179158
0.07479963457055576
0.09643779387915294
0.11000932148474493
0.11553300167769398
0.1189051743714618
0.12377698922959832
0.13384839595950937
0.15667482560328294
0.15265405659478298
0.12560414610020482
0.0936604547721992
0.05441761574557706
0.019762096420131346
0.007994727454365321
0.005259373454267006
0.004276834258858572
0.0034219204446300777
0.0027464548428529634
0.002328984181065863
0.002427929172495828
0.0030956204938498155
0.0032179318191011275
0.00287909700039705
0.0040091808200872405
0.006664601446214058
0.010131507765098377
0.013390040084489038
0.015727072731489544
0.01601008093609302
0.015495112949493092
0.019858172550862307
0.038415001357920794
0.06073450861685259
0.08251655813683682
0.1027406323998159
0.11375767028398895
0.11947913287259841
0.12416350082350018
0.1324970142843161
0.14999225117191337
0.16307742504990602
0.13711230285017584
0.10739639495730777
0.07054981893055534
0.030335691018711735
0.011466769225961793
0.006106096682248856
0.00468181019081082
0.003745795788197189
0.0029225468948938333
0.002362253899607832
0.0022429864045124077
0.002860369524158024
0.0031923693970919986
0.00287909700039705
0.0014762931262949734
0.0022495292568180947
0.004885554000162995
0.008048898100970574
0.009805804251298289
0.010043896334245666
0.011066062770837548
0.015132194976608115
0.020365447739842207
0.02124903455821281
0.017850352909941452
0.011188452675367685
0.005775376970385919
0.004135422174198859
0.005502043324284908
0.00940170410652826
0.01654471065901275
0.025224452574573175
0.03146239649442033
0.03275540544236048
0.026283840299696402
0.016263231830191592
0.010234972646913088
0.007578102941216784
0.005608178515040993
0.0037294913132459215
0.002535745511206093
0.0025020869431086057
0.003642747186160533
0.004269108528383396
0.0024506663813145257
0.003918372439742912
0.007295826735726671
0.011371599650882119
0.014978244510261418
0.016551963887251702
0.014783236255500414
0.01357973631822033
0.02172825938295172
0.04302486697270088
0.06532246353514645
0.08535735584674557
0.10058617652659771
0.10788801342518899
0.11504477136089561
0.12442133454756625
0.13989141327331164
0.17156153446828581
0.14952891539658159
0.11958779980893157
0.08484839934886283
0.04328459741161491
0.015491894098048816
0.006343562217866842
0.004458248801920139
0.003370823787026689
0.0022959870685370274
0.0014577940991744587
0.0013037816191073064
0.0019052053234767479
0.002344116803206416
0.002326901319223788
0.0015282007977716432
0.0036739744412378483
0.007909583251767088
0.012145121783469678
0.013732944596473081
0.013095697693755182
0.014795688141358565
0.020451538376403122
0.02438518364985931
0.023238952107197213
0.017822227414916274
0.010115729360141528
0.005532640275279592
0.005169928835720798
0.007939861334182823
0.014592443040914449
0.02430608496843493
0.03221804990037713
0.035494928642818745
0.031235662194396184
0.01990636572880437
0.011445040686244856
0.008169682491957486
0.006342669696092948
0.004277130912502444
0.0026884896881494242
0.0023535782071469153
0.0034234913454062044
0.004089890440682939
0.002326901319223788
0.004076240385017342
0.008180228852870768
0.012867964167271503
0.016045921782472848
0.01591394490320012
0.01328399075680183
0.015002705904621494
0.02863003352104839
0.049289074419941833
0.0684091248944648
0.08573726440270713
0.09821024326485148
0.10916042811822477
0.12033579274701482
0.13481293849636033
0.16213604313853067
0.15370773222209386
0.12735376339551593
0.09695432854694819
0.06090500419614805
0.026361295741555806
0.009186820689893554
0.004426595939534169
0.003472141678247017
0.0024949066590671904
0.0014296138412319324
0.0009054752448532193
0.0015460136808477984
0.0023979539614662113
0.0023269013192356303
0.0015521837769849611
0.003915861255328982
0.008382287659087589
0.012552898376319566
0.013660753762372673
0.013115355911520465
0.01590001015495705
0.02204247551042186
0.024568430669174395
0.021824370582799735
0.014872869648113556
0.007645871696203381
0.004950160702344072
0.0061106201243047815
0.010807181540020324
0.01983178839786326
0.029414590946264346
0.034916760332553975
0.03372111755053364
0.023549330221504704
0.013180893913972333
0.008674679393074203
0.0067415804626338085
0.004625460070810291
0.00284466441497655
0.002322560921159493
0.003315869976420749
0.004086839699616873
