0.858702343819217
0.155880849487239
0.6149717296396362
0.0863324199523208
0.7829968788438814
0.37107124424869065
0.3883023646327167
0.49613513552306326
0.24448681474561051
0.753581844365445
0.4876707801422072
0.47126842775803474
0.6126237733474578
0.8190349592293852
0.47407737021271207
0.5570375529975937
0.13335252293393846
0.5818298884763262
0.07383200643515136
0.18527204692269236
0.13700008086004586
0.19713934087515972
0.45741085061116604
0.38771100407364417
0.014337648493302033
0.7432422725054848
0.07571991391069474
0.3245712686986459
0.3187802145321252
0.11422305395661479
0.28509883472034614
0.4917433576994148
0.09485970192454538
0.22767634967022488
0.2575407745391316
0.5404931698571878
0.09721771074169121
0.2520062521792444
0.08929589613991162
0.29351602390087195
0.038001582181771396
0.08417403558566827
0.30080322927086306
0.0915097080160964
0.4713132870290294
0.279130086304615
0.190388289236822
0.22581648808148405
0.24900638142110915
0.009159395629619274
0.13341367484896746
0.2279232793926201
0.05284157667497274
0.03752660169236347
0.11368647722405048
0.04822423084154816
0.24269906989716752
0.0551420778033477
0.38864315645199377
0.5920858435555095
0.29400624893728755
0.3000438586368838
0.027763462159960808
0.22655075860794088
0.26980338444111507
0.3732171398351636
0.19433885707231796
0.23992183755669688
0.04461224678490254
0.43486826600859574
0.09738478792217099
0.09584243617824356
0.17250397805293505
0.39147599218911705
0.12645813485341015
0.19274279591779392
0.07443383592453023
0.8287411549372316
0.5131127177740619
0.2710053030221444
0.28952879172638735
0.17580053759156247
0.2055022905806787
0.025775417892410855
0.12531518268932798
0.04896874996483486
0.10438430694567749
0.1059583219757496
0.508707876921577
0.6478172269307239
0.2731142751480313
0.4731317709478522
0.33186005208145214
0.0753858242586849
0.1595971276773324
0.12740639251106758
0.22754977298290288
0.5165753375904196
0.5006268309459568
0.08344669029859131
0.5089634513393335
0.32842879156060234
0.09109274162328805
0.40451256898360954
0.16852130271938232
0.1868357278360463
0.19454370904949472
0.20868561831130836
0.2610372820981202
0.0626092327074776
0.05499492788258393
0.20141348078763333
0.4053107156631802
0.1467386832330643
0.31366973297606937
0.04313187616583901
0.14060610331352855
0.1954215822401924
0.4976827853298342
0.48712095576262765
0.007238797445905987
0.25380384457642396
0.0500025330896596
0.22767042625756412
0.33688603805956424
0.20377939134732398
0.2701663824940786
0.24014523248156353
0.37419826005997414
0.2715760030824892
0.4979640133966225
0.18095717584093166
0.049739327365431615
0.08238137845336344
0.0980072995512338
0.04639704554034262
0.13690812943524452
0.18211308641722543
0.500284261564336
0.05850808846944546
0.04702758354444557
0.3555439670314348
0.23379722368215142
0.11879287098803143
0.2338979471895891
0.11157720654797204
0.14638327995750322
0.5636494210824763
0.18202237408352565
0.0043354579024284835
0.1612984747033536
0.08992821915378395
0.07715989243489635
0.215624398674069
0.04628112163090473
0.050553279914016945
0.28658476271737876
0.037494406176128627
0.0471082640531986
0.06764347291356464
0.011951895859771418
0.15451082317521464
0.1269781151338287
0.06311992248932966
0.10839799167781669
0.09805641646259863
0.29248252437154104
0.09488389949520318
0.14261851643220133
0.08836160565636741
0.02710802810764574
0.05436340394719394
0.20838275029241166
0.10292269537223946
0.19413304087836958
0.10608647903515478
0.05319265086553024
0.010332967307002006
0.07939637312507446
0.21011289127410637
0.15684504102957136
0.1914261406311097
0.09751339523750707
0.039751335705083005
0.10867791932198975
0.07704162097349107
0.07407923145898143
0.19227595886403048
0.037017766445978734
0.028005496823204683
0.03274511023960393
0.02505608474811631
0.07028917100975843
0.038107804971429945
0.0280309554490112
0.30486672443071716
0.4642793945728161
0.44327804034600427
0.34244280193451004
0.24272159474180696
0.02209527980021654
0.18235418804212059
0.41590644234028407
0.30778863115018323
0.21341523949698948
0.10448590261747219
0.04667901138563429
0.19946443058141022
0.0950169292720856
0.03650016388360826
0.2750193766954738
0.4136167385865109
0.106380124945449
0.004577697382022621
0.0718273192861301
0.11015843871854501
0.08254273859751875
0.07220346233751038
0.3432940621843993
0.0037422301609447805
0.03791182279283664
0.03980343741952489
0.14417385340379826
0.0985264636343077
0.1504280134058958
0.1117204240714261
0.322484061465933
0.5112414603098813
0.122573812771206
0.02457316004466816
0.25310972843003593
0.12438940042172841
0.07096846635247753
0.03893504051297387
0.04820520423842338
0.016440641732876814
0.034870217280404854
0.018615713058708898
0.18180188679721432
0.010099335512319896
0.0449880201040711
0.22412472874534803
0.11270895676254385
0.04511799196495761
0.13216076780483743
0.2667887856468539
0.37495376851565715
0.0211938475710634
0.3850923786332751
0.1301618466047677
0.3087097522679995
0.028543770574642857
0.20099476674790254
0.026480369430573414
0.4109021773273527
0.014318561905079116
0.07701163284994342
0.06976710609092843
0.002558509037071846
0.047516390905339025
0.05614147998193791
0.14038303534176794
0.23483797442405677
0.2881890733978492
0.16130216848303597
0.07679485565696695
0.012039355790124544
0.09504796217690038
0.17868316895073938
0.19763311933128094
0.18570384698325526
0.14073288362541853
0.09453470851405196
0.10276545718835113
0.023248097120041694
0.22275749825439364
0.6107251225407342
0.1121678668587934
0.055408744105921975
0.14521019189863446
0.18591202599828266
0.09432319473746018
0.37351115495427784
0.12003027037155405
0.08590923090943899
0.017537887955455182
0.5235764613697139
0.16420784560497578
0.06674541417041942
0.08847856781397284
0.05949166533379959
0.08014274460481369
0.026648606292350056
0.4570459943291118
0.1286923333244654
0.06119561876031369
0.3433489884442089
0.02157493725994246
0.10091555854236876
0.012926365444470019
0.08407477681770227
0.022556063509589528
0.006621034721109321
0.059956542773168114
0.27707996486660497
0.18710108859581093
0.059049949000498994
0.3839701473646398
0.36073350566902607
0.2636597199203264
0.3804467500902966
0.34371453592335566
0.20454484287474453
0.25355530460421305
0.20987310402246354
0.18713713175282834
0.040239004824411465
0.019212972058544726
0.06556443373674714
0.007045859173342639
0.037566047664233326
0.3127064737051005
0.002831625200628536
0.013895173121409638
0.050328678131524904
0.05283326226330843
0.34413673803141115
0.03716443888437824
0.1072735296298191
0.17876027484944523
0.14170346019387609
0.24504524987885165
0.04313603517166421
0.27098709817147315
0.030952158287995368
0.29372352531997015
0.15656711343712917
0.04356467132945428
0.0793743771910864
0.08393275807653336
0.00413367640772754
0.13272698982483846
0.1306325699771686
0.1314481650196566
0.32889277575378
0.1550687520342429
0.15580494604379355
0.20787603035812094
0.26062490001254696
0.28972603968538824
0.22772578101276214
0.14860090198524378
0.2581248276894157
0.2935480248282372
0.27306913367795993
0.1537901170896654
0.21799585317986733
0.13271260126760043
0.16352254688826698
0.15211486102668711
0.06702045953082125
0.13910302100433294
0.09767857170129302
0.07254377111974217
0.07015798803609845
0.2025658638427897
0.028895225732370997
0.01853939121960209
0.4280361079233665
0.10776552624039229
0.04194898399709564
0.18219261266090395
0.000364107679530809
0.1959135297484632
0.09629535889419649
0.14545780438499026
0.3012647416543872
0.5752036074562485
0.06552112219992172
0.03239791866989261
0.03915502610121546
0.07461429368602818
0.0001409758034493641
0.04511334964567858
0.030463229956040477
0.018240182515372762
0.06211099754439539
0.041819217288754956
0.5226326859219512
0.204270758580821
0.224420219572623
0.16758923726285727
0.08134810047578067
0.013148470576401792
0.09191133121844206
0.16689066776852723
0.20260503155480042
0.2046498800897409
0.19400657017241452
0.13853162363603105
0.05594597393586174
0.13098850285723934
0.28090348617688393
0.38220707886727145
0.4036267077966266
0.0923904041214626
0.1393851634363572
0.06971341379704618
0.08358145739305586
0.197579407609359
0.10520193727743994
0.1785773859068576
0.18549761757797387
0.17438917242058147
0.1892380137156087
0.34466329748548513
0.3039621773807935
0.14999964222046142
0.07662791288849963
0.5767134246289816
0.23659219857258507
0.10530714771342399
0.2922018361290019
0.06045557710824172
0.12770216017174227
0.09543218836074063
0.10033158710860593
0.015556434260505889
0.15534114593509896
0.3049791241226043
0.003479271752943652
0.05827436043794016
0.049698614352344433
0.11317185441242157
0.05134479089605861
0.04315134481731651
0.0005944714323054962
0.05139376253898367
0.023830733224711
0.12121254550238834
0.05064005618068057
0.040840469451706204
0.20290295734616404
0.0700460709215876
0.06873791418892236
0.18945952492138948
0.10192491749461227
0.01855920504978766
0.00943045671954064
0.07231395124547105
0.015612405448340094
0.05144766502584371
0.04541082583117413
0.04455375398027941
0.061659187030131846
0.1405082418844079
0.13180594342442098
0.05089949291820717
0.08009683307508912
0.2811296163925801
0.09439355432191016
0.08275512267346652
0.39631217031549143
0.1638692213460726
0.30419141552730117
0.03423665126312745
0.07773683131407548
0.10959049404892872
0.048149518394344434
0.3887313513837493
0.08835899648205192
0.47173345269878425
0.07981566718197441
0.1403765859053717
0.025716390150969284
0.18215000475758483
0.09890035002321827
0.26642859700534993
0.1174189756015894
0.20337810520486474
0.012491185754940255
0.12400463534590397
0.07348543517963227
0.20351247313387655
0.16684300442842911
0.19234414191143656
0.2498705768796604
0.25375808886008
0.31230263168635347
0.30292358842562495
0.293944491147024
0.21993627307117902
0.2336742271453193
0.19754100936968488
0.25049607794082107
0.1938354484290579
0.20893876550767776
0.24538044395017677
0.19655156791158573
0.12339304708147429
0.2097149536339975
0.0973612641534413
0.18541187247716606
0.13245919956515667
0.49619575353621304
0.1661436414708201
0.08083307218757678
0.3021102488368328
0.17053572094067204
0.12235050985949916
0.28567977434926345
0.15343020954997383
0.14348023809744428
0.22174170267454332
0.045416431817696445
0.05633496036421967
0.052780218661170775
0.0796099302352187
0.1319118092205232
0.02660969698025789
0.2745890841628941
0.12809466584684415
0.003900054952462567
0.011654169179445416
0.024570528991376878
0.10012980852381126
0.08216063598895368
0.019115379521300713
0.10415335455269689
0.006154310990877543
0.01155669703358797
0.08900206962057203
0.046838544672861165
0.003104245758755453
0.15725784007709454
0.07983554006730198
0.0724161032074384
0.24038949639242752
0.10607626146332408
0.11758673436861161
0.24890749548100927
0.1254849989858497
0.11021890120212552
0.24942018214875494
0.10834308495255468
0.10804963301895412
0.2859868477712826
0.12525147988606128
0.14837271170985505
0.2314855890056152
0.016261232473102436
0.1454788151150776
0.03436931751398026
0.1252250334560215
0.33669114950213047
0.6115095445272815
0.06756151146506796
0.11214279279940229
0.12387071239116378
0.05870239644234037
0.0194914045878746
0.09979515809738598
0.16411507845787296
0.13103729767581687
0.044481940558535236
0.4343953931728682
0.06184063278645676
0.0040827650272812765
0.2000746008044248
0.3262562920987398
0.33582440404720315
0.22110993697463138
0.10406385813906262
0.03158931967164941
0.11810550938236057
0.13233220374281732
0.10899817147996524
0.025388071659655356
0.19537358921286938
0.5555921991030911
0.31288991555179424
0.0730786908072071
0.1410729416974033
0.017316154810815138
0.05906881943201821
0.13877385819270954
0.025597479407594305
0.01463388961079417
0.026147949696238716
0.015536265618471726
0.04124597214389822
0.00014888903382180227
0.0346470246453395
0.01950510716038849
0.09206664742885566
0.03393132980559163
0.032993177072732666
0.09238250473381565
0.07541592713799097
0.009363374256088833
0.10264751911955704
0.0822253003633262
0.0006855507219248064
0.06506003027064046
0.07680802222282963
0.1502302246490119
0.06829773750887896
0.08888909623342667
0.16227718354893125
0.17470154577632824
0.18757972730423195
0.09814672542794123
0.14514542150942722
0.24843470798593517
0.19755674012562366
0.17549756524904347
0.33082315730576084
0.0037456440857961994
0.041552472781855684
0.11902981629600075
0.07481872654268563
0.35831615659841776
0.07010900726161773
0.05683405481751831
0.1681721065777242
0.05255076845738645
0.4576497072854115
0.5643142990902361
0.004269966498115776
0.21309541129794035
0.021163796712935754
0.555588562751729
0.17315719794474016
0.34898668115276676
0.3826366545485841
0.11235588117720657
0.1311005948852163
0.24919320514591725
0.02251575449942371
0.03516163614102008
0.1931321004173765
0.0776978928631219
0.0681116026378677
0.19868857823901198
0.19143843832811794
0.223305627955417
0.2711723903659109
0.29551355042396277
0.26593696690530755
0.2547424288635155
0.24493515463062857
0.18121351205928649
0.22084551193786317
0.23426307458695136
0.28109445770935076
0.22110902858081447
0.2425218824294958
0.34190697005962467
0.17207568446825425
0.26735116068170106
0.3081220147822077
0.2292752837852864
0.13135506036107333
0.17982888221996748
0.19255871686378354
0.10000191841509032
0.2814276912482821
0.005356096209468586
0.12941390539755032
0.3469195493429019
0.105693760263469
0.15305421570193956
0.3219839113351065
0.3467952181649805
0.1342242252704803
0.1713259660736542
0.055972524047813235
0.023314811173851056
0.20916945666332337
0.0013137535145298779
0.08842988872770736
0.056804781778333924
0.1637482063656379
0.3510410381428433
0.1634925381122841
0.29966542656374506
0.44182731585134616
0.49633644763752893
0.2491487487243222
0.11371583774426007
0.017571259079825097
0.06834844720435748
0.09706673021315695
0.09681500086597415
0.14085039584727985
0.10829258207536874
0.005876633997647502
0.10826442166964738
0.14932538652419539
0.0229265336903461
0.07142101890259522
0.09987568211592424
0.05571575232321271
0.04662736169361179
0.1421949422323321
0.15975006081728232
0.03449496852087908
0.16093157647385767
0.7123932321758423
0.35806352380723605
0.07647951980730108
0.22064911264487558
0.03684856210954215
0.020957431953793144
0.11459873786351424
0.10472028853981054
0.21509840832810911
0.09823836749987197
0.1711606033804443
0.3447283257605449
0.22536044271334632
0.32832456847448016
0.38813265033953026
0.03782787561071943
0.2447253257263745
0.3466970612257866
0.130145559808574
0.13267788712942624
0.2430279367379679
0.2960760224110421
0.04293495922411235
0.12140581583181616
0.4508759302210779
0.19453732516604041
0.028964405347068192
0.5186250951925535
0.2688476992707107
0.13419724632258875
0.5118202802246208
0.2785524930369641
0.12335982965548171
0.42123737002241884
0.2280269586129191
0.10454424461242705
0.2960833816343398
0.08597347330392358
0.09295967615036116
0.04524523744578221
0.220635933255943
0.2505088207522921
0.009243447936281957
0.4902179273097979
0.06879233991680066
0.001477395892133776
0.0727005706443471
0.07113788010554745
0.49307349603973527
0.02791466336635271
0.0424875201119699
0.20170909200034326
0.016127965206924947
0.00896221098675145
0.07149410152357946
0.05242946375702005
0.04736249421260487
0.13912641426260242
0.034263669254947476
0.039601390878346916
0.11673148713334493
0.00662579971562508
0.10587458577303079
0.1750316306128743
0.02145302433748531
0.11163614227919831
0.26663897543486764
0.039691712236486945
0.16980702995625804
0.15867340696545096
0.04115752480839776
0.16559737525310667
0.28788187381756036
0.055686270606994624
0.13063478298511752
0.07605653421287092
0.29794119941007763
0.006019332659387047
0.19064824332715302
0.2182085078426615
0.11535971148937471
0.19225907796936173
0.24805417401605312
0.2166014937722145
0.18374703639802367
0.1665824921406577
0.12902654149655018
0.08519710946073819
0.04424554289385769
0.2475825239014016
0.1164969031852064
0.08306550192403767
0.20538704764755525
0.09981985663984438
0.1906605299796304
0.22505321500767633
0.08175192997144304
0.017096471989809393
0.07707372625129062
0.08956202018667708
0.05594343573244389
0.18737128994302726
0.04836366686219768
0.26186737261327353
0.11006567023864519
0.07501364035758831
0.19803030703094743
0.0899961310588396
0.07360543130526823
0.27017947321352515
0.2067059769441157
0.14661403053774247
0.0011368940965604118
0.2238826778030408
0.3813021349901575
0.0023523595103350364
0.11077711322378733
0.30435257877326
0.20159174454960496
0.00440359378600963
0.10869798021317086
0.4521700115111458
0.15103273594384176
0.18345517047210352
0.22955439779976758
0.22997823506532136
0.14190640164500562
0.10872710822657959
0.008506594172169396
0.12920533445980717
0.30438865668745235
0.030844557548658932
0.11199380831667353
0.6360015108547853
0.12387651859623328
0.3760814854908703
0.22740210631335983
0.06129469124359942
0.3366203170208888
0.26468376099894925
0.4112549264973141
0.647537907308178
0.22618183699261876
0.06945045660932182
0.5593910630106933
0.18333165368514326
0.11947467644214659
0.6258640485225172
0.3159115865682045
0.38461075776024856
0.5478109768695802
0.6461401455774215
0.44680419728738635
0.40539413035685357
0.04060852958615127
0.17541809346509718
0.0922013273646954
0.12142877930489597
0.30884032340652
0.524850706927419
0.0821852291342418
0.1293478778349078
0.2250979992217329
0.29365415892596514
0.24393553761979403
0.10820776941096849
0.0712532215395854
0.0010104225458077432
0.15119980028996638
0.33056564939924415
0.1420231405325695
0.2602170643123125
0.13609338472594476
0.009905318400725782
0.1013628446330937
0.11812270834202179
0.04039744375154654
0.05185254176455069
0.10466800810062094
0.09913946364967957
0.3003612176943369
0.2190010212307403
0.10092268224121437
0.0022411292868241214
0.1907077065736713
0.25226013130668457
0.13484749697386683
0.1539566821516088
0.20515800377123772
0.24177992122686395
0.17113897009270188
0.08121050411135804
0.04548691306498941
0.15742938736525763
0.2190519707232325
0.22768561172928373
0.24562221658766908
0.11745653249006313
0.014373945427664334
0.05180732178322875
0.00018723858867221443
0.008536640468763356
0.06926489627758506
0.09541220307074297
0.06143134873806488
0.05560281228743484
0.038297232563482
0.014627373989869272
0.022280546140091895
0.04135790617490791
0.5353191307634806
0.15307030331463256
0.6194391705920518
0.27138872259411106
0.4932968057225227
0.04709410920438656
0.22247795641858897
0.7738699991196677
0.3059935166166716
0.009438107939714217
0.4241505444370914
0.456800306109745
0.144609258769582
0.3048572869621169
0.2004757887071937
0.16476929544156813
0.1903357842213811
0.30136392706399984
0.093551003366237
0.020886339973542632
0.30342677383404904
0.241306734029485
0.09364207029234335
0.3862010081193034
0.025922559129776153
0.25046759056252726
0.06603012157704262
0.0021297190127782806
0.34558334103689337
0.2572599239282585
0.11700237744983252
0.0291787729803552
0.10563996973737727
0.08348798793149886
0.004185878133043702
0.027682921026735117
0.17190542651055005
0.000100820770064158
0.005592414816750973
0.07702828559730868
0.14995849740481074
0.17635695279518432
0.03542979419971032
0.29993137293737177
0.1541638085402681
0.19997203939336092
0.08376298826237596
0.08739207710940178
0.08480952573797487
0.05745393770787914
0.01818188271164656
0.13968662598596665
0.11549799781223144
0.11525304694094364
0.13376106778801716
0.1796566870115317
0.1624460262843268
0.2914303993044029
0.19113527180824244
0.46513687075948695
0.1297036771729413
0.18043472348415454
0.1023219423784722
0.040384302377564296
0.047823074443299904
0.3965791208286289
0.43045808101470084
0.03113997526066757
0.3865297926233283
0.23850567340614853
0.24964369445998244
0.44125387637923913
0.23023011051777206
0.3719908458827207
0.4781514166638298
0.2912527770960812
0.38428397339210724
0.4638817095157141
0.05688195127006024
0.34435368386587895
0.40877431031391065
0.5794166449239584
0.11404195040281308
0.2346017940034042
0.030708033077168295
0.15705494565441025
0.20475673091576446
0.45523346016205474
0.16510607623989623
0.275152859580772
0.3992580288968747
0.05598694421343494
0.16609014897178742
0.045969285674833785
0.1271284161762716
0.36938328602925946
0.6533130625564988
0.07126096805922273
0.49793637923877176
0.2195013430912957
0.2874270855054549
0.28693515818328896
0.30954662241658293
0.2898892473724467
0.2434339501345178
0.19143557696716695
0.09756216518706093
0.020558344520232672
0.10755783704709053
0.6531692661601937
0.6683462912562372
0.3007268951411148
0.3030191151080587
0.3789554634898059
0.514502612463948
0.13506201957803682
0.24665928769859488
0.3308315968336534
0.013318568169596978
0.05411166261760047
0.12455312977293855
0.10171124304452442
0.06152809285174565
0.03465336257220619
0.0467710781519006
0.06513375404390735
0.013591483535726714
0.0604314794285958
0.04031180485902292
0.010108986999786233
0.03168437337697648
0.05274896212184167
0.047193318146218084
0.05546520442835433
0.050302648489706295
0.10883894424329867
0.3233402811436308
0.40606907681420323
0.45272563055887705
0.7491032112261032
0.7636520405558281
0.07590475656076143
0.031361991857808025
0.011477254498933248
0.13963478599767584
0.17498647879829973
0.17030777395828478
0.20665038892009258
0.24570468595668504
0.21409432390475214
0.10669302711698146
0.08623177278614926
0.14259458162890354
0.29775737556161497
0.4951320455704074
0.28872876607456144
0.250425484418646
0.14491933842795673
0.05222171753243976
0.009308847270241755
0.011581870747391435
0.001515058936596335
0.03760673623262364
0.11665314500534767
0.08977549899889878
0.0715322811783467
0.019825887557194173
0.047090961835677334
0.04307867189362245
0.02152749667600362
0.02159882548268852
0.10493292092007928
0.29340658133905095
0.011354590795479805
0.2034929821653234
0.2055815291227236
0.6795944585337339
0.33819956547820773
0.170027831469943
0.09156537394594957
0.08369261866712602
0.13860668975608298
0.14046844248830764
0.018884813964878025
0.16443567244864893
0.12945848303711283
0.2320539665289911
0.07426798474562307
0.04339167262925943
0.5038033669941233
0.321422001280456
0.24277103434136652
0.05071001462495571
0.017364330267242382
0.23500088908849354
0.2812813401082188
0.24634878954466455
0.589337475004607
0.11381902501352087
0.12927501788427426
0.010757976984904289
0.046233516802188526
0.26125577847572845
0.26036443196735637
0.029587002285838403
0.11782240967934698
0.10743220732869006
0.3982005792711066
0.2178205365511774
0.15398777366455238
0.14787948361382056
0.12418520404556992
0.03464657069784649
0.30980332891956186
0.15781510875471952
0.38590735221255007
0.29047021676295276
0.14420332463554594
0.031162141076112815
0.28844487496791665
0.29471316353693267
0.0932367867289593
0.3009401941932031
0.39574549590214225
0.17270425935831746
0.22291295563900546
0.20478581840926618
0.18147117914315042
0.12850046368649695
0.2643173354574231
0.06527806213001955
0.15667389277119148
0.1887619253615363
0.23282399016378455
0.14669424812488532
0.4579881959049769
0.545626429514811
0.06700546812564409
0.5328867768127026
0.21290166709181305
0.2296581691672651
0.5256559068296162
0.19759580212420802
0.4157158029631783
0.4101846950092265
0.11317684410728723
0.11876855992495611
0.007415184112070386
0.19314808820891405
0.4134560971473823
0.6342701862879178
0.010855443776747874
0.019866593161540824
0.04498968646564027
0.05517766998544957
0.15176231327256012
0.05799065842260437
0.23868510483889321
0.7236331868315384
0.441912613705859
0.020233231115820635
0.017981305969769948
0.042257176772466445
0.14893436225470402
0.12426047751455906
0.1294596969154222
0.19833422679382098
0.1357853998165265
0.17814116136125988
0.27819327926759824
0.16619782522080434
0.2504221567098547
0.32658892656018945
0.17178989733028793
0.27306155650861036
0.21161529376703406
0.23226924896969187
0.45156444065064344
0.2642222694204181
0.2942841271930767
0.03709481750356852
0.08914225068253288
0.1251975681413437
0.03533581166497467
0.028087010283919037
0.05436071860058077
0.048860447567614804
0.02661614085955409
0.13905273706608423
0.056474774170150455
0.00894571513251171
0.10706864047766536
0.47231565886022964
0.6704464548087729
0.2939104215501596
0.09238375727922618
0.2978219550118812
0.22055066517305766
0.12045796506200589
0.05314637216286573
0.010411226021960599
0.02452167028638675
0.06776579300953456
0.17311525094062746
0.42547346549633125
0.40063395382054257
0.5027011544213851
0.15686638303513048
0.035740481048904954
0.012795426289914114
0.07641999650899398
0.11695792404068399
0.23411249806041415
0.4031380152257739
0.07718246224238187
0.26071377280287655
0.12880214303414503
0.08005473752231466
0.01826276016579944
0.14581490658526736
0.1921394929458583
0.11755192870111217
0.06466571224429339
0.005182953683134282
0.024335768987279474
0.027590653321285293
0.03747722502700428
0.026985902773158543
0.09832043754688044
0.32506942988337173
0.14387171033126012
0.05827728447505175
0.02542798366854209
0.032971951527298475
0.023603741057050605
0.0509346395790481
0.10029737213823883
0.12986854767482137
0.08873868651803939
0.03691406716917532
0.1521274812849182
0.160036409348274
0.07683679429252631
0.014672299503643793
0.03388666702901719
0.10064543493895263
0.05651433901246378
0.08076253090619084
0.004204610860986738
0.2844416083376684
0.04978975627970352
0.29548356529644215
0.41619916635321097
0.13023061878115
0.20338929520900614
0.2704741263573354
0.2052085713042348
0.31060087701331035
0.2989126834661999
0.4573949148711705
0.03713796781190805
0.19561832378805744
0.015279496018531291
0.02470959421150637
0.27394718273294644
0.17772177171909442
0.18519224126725362
0.25235624580031357
0.12877141850864127
0.21593133970359432
0.3653608796359859
0.25469431914656454
0.39738393675003275
0.4081856023930546
0.33297147358957674
0.45520431886288215
0.39088518840085174
0.3317490349326828
0.44049597270526636
0.40292740756828416
0.35185934644762906
0.3381863084619376
0.33432697022074376
0.310631207745363
0.2482552418889954
0.15742355961244225
0.09923312995079506
0.13070815834778185
0.16153384891397968
0.09327215884199055
0.3140304371558121
0.6433099706581877
0.036145551970160714
0.0599036599531495
0.012310182550418852
0.13689589889817508
0.17253378694970933
0.04543939632827133
0.0280755824682946
0.030199722854709593
0.06534678261846091
0.05033036650953582
0.06732758641538591
0.19380538176493853
0.19918057568474973
0.05239018769533884
0.07851773688620439
0.1656567126550907
0.22910169941392902
0.2604354093935541
0.2673079495111145
0.2072977621668981
0.1324979430441433
0.11209438127105192
0.16454058022975915
0.2006260281437833
0.2198529696033272
0.03486282157873102
0.23712227317065782
0.23447649418437327
0.18677709807006326
0.12045358981051182
0.06295964636726367
0.011296606019623718
0.04087663073390867
0.0006545013046496823
0.013625549834664956
0.5905141135081136
0.34639856785696677
0.2998304519346407
0.15443434560250024
0.07743664016844569
0.005265280763722737
0.06064876370642597
0.11051519286291961
0.2671519952455174
0.4014803194200649
0.5641735826526076
0.7629977172723575
0.3543919049738778
0.4378704589370311
0.7298012965116144
0.1639258050570995
0.22908214410050157
0.2525890995355089
0.07477968958227871
0.07710679487816971
0.11797694776466246
0.05514704203948704
0.09013418619390715
0.00847871165610746
0.13995880980761172
0.16859106633866666
0.16525343183056207
0.1771405318471293
0.13320716574325941
0.20186632550756434
0.1253515052025778
0.08965432272470428
0.14484884066280285
0.07430044654287696
0.04508565743936619
0.05767257708004185
0.04660528806152123
0.022854348683246747
0.02484746682894457
0.035728722322448996
0.01943736623364218
0.002497044286677918
0.04036117515205573
0.025460559622042456
0.0062338700857695354
0.03719602205246912
0.04033085929005386
0.004317004757602275
0.06878356746360269
0.16175880910960477
0.30675994095742
0.3664136045097192
0.4277192039928722
0.6413031616437128
0.2515890908139749
0.7746210502347215
0.12207033472505946
0.04859347937909157
0.019639273112838012
0.01730202509561257
0.04628373499066399
0.07653710090783006
0.06503545814044555
0.04252319371567219
0.028153480763643768
0.029329037999404284
0.05907166124508206
0.0682130648230619
0.03380862810170307
0.010943296720846318
0.048501872440427835
0.06777567246932617
0.05700329068603793
0.042947490103286384
0.009476226493748907
0.01973789920445955
0.14666547258246074
0.047711628292352745
0.16853945225103298
0.27700034377946214
0.06336605427415654
0.30631192384280137
0.20629956814479147
0.13757086160144608
0.19123380956397912
0.2406488008480499
0.2827299115396011
0.32073644971128723
0.35276563667046346
0.3237924082505891
0.22920972194073577
0.07790101382145453
0.03669155664021829
0.10210512828969566
0.007979815090984221
0.0019306806475097305
0.044313103100709406
0.09567243486648627
0.10021917223656893
0.05499338812529728
0.045807380065211546
0.04592676847533549
0.038586658587095396
0.006448177310566079
0.08151874442162137
0.12480488796187972
0.09562728177308921
0.03351778046817569
0.06700671505667577
0.14859884235515183
0.2074319668019315
0.24369248681389513
0.2573743867991414
0.1879181755044264
0.1395420582116002
0.1442519059433562
0.16868934364802757
0.16896864337496947
0.11396689476653378
0.017868430824709403
0.15920976588201957
0.18033007514934016
0.15683727691378913
0.11225698497532022
0.060471923118850586
0.00785823919754058
0.022830991305625
0.12692934469300057
0.2346446515015343
0.7738690105517652
0.40027587366522255
0.21165658440895266
0.1160265909816748
0.023267728382461335
0.2611250167463146
0.1664031733842026
0.07448348336016943
0.15898893297258415
0.136561095844183
0.1022009028241148
0.07369361650079262
0.06877531976065433
0.048644021986303354
0.011302296494283045
0.008609070759992083
0.04381842873786126
0.05913101387410587
0.0652304638885787
0.08738027628981976
0.1328220386339778
0.09658194873688239
0.10766834304477486
0.34010763684737366
0.406412268165599
0.3185446001108922
0.5786615914889607
0.4932933397367575
0.24354185149565805
0.49470688400716134
0.5375685797438069
0.508369081547406
0.34353118390562065
0.13407952356304295
0.34181660172892864
0.3806854723703174
0.6227274922199078
0.04953039578751434
0.013243639871848283
0.051276873283663135
0.134515627858097
0.17372997160372444
0.13754849893930052
0.036841747671496776
0.016492705379117727
0.005117727101529015
0.03846858427649073
0.09579316687469394
0.3607906784334585
0.3830774488817976
0.41496362118624985
0.266700214658259
0.13361268141144755
0.053954287760900665
0.006269221137023218
0.010392286931904547
0.059227724348038815
0.06579107989719286
0.05837677761638088
0.0402057914303112
0.013633333670967043
0.023679866087143453
0.047979538899940326
0.031197160902315293
0.009632702109797248
0.02016008886100361
0.045564904589066965
0.06182481737711827
0.07116069140502078
0.08653360185423374
0.018378000855944834
0.03790148224227596
0.06636026136772488
0.10759794338790041
0.39659914024352755
0.3248756184978128
0.3038034708067869
0.23418839986049267
0.1734903383366401
0.20414663427821142
0.30342760508137157
0.31745082054101603
0.3180274665882664
0.32878928813104785
0.28819859027790873
0.20165862963048653
0.08630101657312705
0.016768818219431825
0.015326671661904913
0.003480966700355956
0.01200885335513835
0.040390007941369974
0.06587419634949443
0.07059305475111868
0.05294392144826758
0.04730400644188791
0.03785366339096804
0.014275707872126075
0.026744394141374795
0.06509091744817277
0.06823520771275104
0.039419999392908286
0.005814854747629931
0.06586466783949113
0.1377787815003926
0.19435915227616057
0.23843020546980528
0.26472050958608323
0.1955383163368615
0.14820462646377958
0.15207833795078135
0.15550760763830077
0.13625632563348516
0.08232828129402121
0.009600461492554536
0.1418671835972522
0.16028676169699432
0.1379775263994441
0.10283230982247483
0.11620064400799208
0.22379768714179177
0.1404821914458433
0.21462712713034865
0.06142510677834356
0.12901738146022668
0.018545354664254554
0.0409781250163364
0.07908654079506403
0.029148901084566112
0.06512432209664792
0.1167086994588215
0.22896935314905592
0.2872897887129036
0.3295020211792453
0.31304695794243664
0.265083532903438
0.3613977151284417
0.16616273011206814
0.13454819272773358
0.14689005900473734
0.15742147491298158
0.12521698758514996
0.02482093011860032
0.015232796062709792
0.02666306315797929
0.07993248233887872
0.17672724336872542
0.311276786964171
0.3449700054598484
0.3058117898276333
0.22475730742434175
0.13603299115421935
0.07346701976065546
0.040491356995426005
0.040701129646759523
0.06497176359109962
0.06479995454362827
0.05555153323639283
0.03734446659630902
0.013490000128743573
0.008695890421336762
0.014606931508311154
0.01061285263741324
0.008216797348486127
0.0318536282405185
0.05398072510291825
0.07644049639992424
0.10158850133333819
0.10306630058256842
0.017972695223248458
0.04139082162165997
0.06783833136466871
0.08179587473812233
0.4522953674333551
0.3919376431758409
0.33233939271834
0.25319570433713534
0.17632235237133495
0.26007848424563274
0.3572195790749837
0.3606341465403064
0.34382842197536695
0.3222920557859962
0.27375454688651196
0.198869937308126
0.11376998470420566
0.06127641797746214
0.0320627721742439
0.013934735440023285
0.004699483379755828
0.02559883109948824
0.041857166739577345
0.049199880292293365
0.04143356404262629
0.035282882072177155
0.023482374005500302
0.00007469379678297708
0.027888714874236484
0.042125004353808816
0.02603250034558567
0.0058633954169044124
0.015360986594566806
0.07216348352043922
0.13494123012649523
0.1907362850724436
0.23969902466153847
0.2707706148292301
0.1968224063185991
0.1550737495494614
0.15163607034197635
0.14275986074531927
0.11929122735898663
0.07704161090553281
0.029513896837268738
0.11977951626927666
0.14152658521908534
0.1288413065047599
0.1258304876314795
0.1491267877015751
0.14984690271518125
0.15039731397503953
0.10988480506384903
0.08849009176123815
0.026749293103463252
0.022729313028291134
0.05630444266039793
0.0031992985922493344
0.09932823857873041
0.15085530107307749
0.21757231724208165
0.25502429304647917
0.23686328731425652
0.14138242560367129
0.04621437777380012
0.07557462239662521
0.1101403193391498
0.1327534189328415
0.13878637322178747
0.11622949113819803
0.020207340708651114
0.019911672627600387
0.05010080120927331
0.11086018899446431
0.19494561624563328
0.27851715278115113
0.2965855746420733
0.25049013004088677
0.19315540907282513
0.1322614828488043
0.08921979020049217
0.06804836249863676
0.06654614088834296
0.0727267232344948
0.06926617518137161
0.06010959786123064
0.04436925343191567
0.027029671943357494
0.016121836828945524
0.014029160237453042
0.007796645872047869
0.026883036855969558
0.04940173881941995
0.07343678182254842
0.032562422713127134
0.0206299466546485
0.4512058416975059
0.07008429993283995
0.03304500906007363
0.25004905122828713
0.04922910402966704
0.19145655290009225
0.16296825630644213
0.6343298760632748
0.22978824517624402
0.22383366887400272
0.26680473337420174
0.3325695087262118
0.39044844531003053
0.3617818451596808
0.3223951096516757
0.2562418234765146
0.19679716181155685
0.13133787939725672
0.08454448099446898
0.0775864426492425
0.04591152895763126
0.02022284221068535
0.001531562607499981
0.020702927982242395
0.03725335708243644
0.030913092351400245
0.008428282317037662
0.0037792606236935165
0.010058329467923963
0.02330319029772084
0.0182183772827719
0.014842016956443296
0.01751007720036824
0.020505392099221927
0.08017961883728192
0.14098811156996163
0.19329713808993176
0.23411210105550356
0.2709136765788417
0.19059910841142244
0.15810180636103277
0.1481621298468876
0.1331693278509155
0.11032217545055595
0.07947332566940155
0.045831822587431945
0.10039351924283826
0.12683641707520812
0.1305399038206349
0.13558496655599217
0.1358285003510828
0.11009279003422826
0.153169273367583
0.13253691603480833
0.08228388832207013
0.03051548635517424
0.010606100400196439
0.0367313696990353
0.01920903793296142
0.12521626083540316
0.1685304089957425
0.20935209146239453
0.21905051709203519
0.17010974313120153
0.05366840558507206
0.10423982562068186
0.007254000480164894
0.07430024971047071
0.10976529467724018
0.1246204264016739
0.12502556765668968
0.004036132444437544
0.016403165373994062
0.06495807202856171
0.12986075707112207
0.19988920549724892
0.24936360472875446
0.2623768855687198
0.21320129221991926
0.17462019525701447
0.13361531889937
0.10175532887469091
0.08471201226405177
0.08271534555622098
0.08118301829580984
0.0764546179109441
0.06850286335959724
0.05652101909021942
0.04549273950889368
0.04157842437155983
0.0376047270216302
0.030383934791975528
0.04819893733152568
0.06250608608558796
0.06529167956572562
0.0720099693863692
0.27725346953533736
0.7433667791456396
0.6155326667598022
0.1771221346702458
0.2125720899117647
0.31014968405515697
0.07245733870686623
0.1854785380608045
0.29245381123760167
0.1380552899449467
0.2760847337767758
0.022656033482764792
0.28244476246767586
0.25822813786285553
0.30744866047378117
0.0328575661939047
0.025819577708040185
0.10090437853720174
0.33597791768745766
0.6805586059168296
0.10816716712221872
0.19404518593680592
0.28410218270753673
0.20193325083750788
0.05816340745094123
0.26497115713492897
0.30135943515518326
0.2506211926418125
0.19445905319561144
0.1439295686726787
0.08962177481438421
0.11600639174112347
0.08324182694675838
0.051301639408695775
0.02300030259153616
0.007882862985796608
0.03549910089856883
0.03011403670636613
0.019348450915033916
0.016644862942337912
0.019349966590205624
0.0136621326033068
0.03081411037356563
0.14830407829299955
0.1659556660624953
0.3746296867651709
0.21552754386423006
0.19485868250329352
0.17911198075965812
0.1018101653817867
0.4141546787764859
0.5008695043651924
0.29186633062356393
0.21267043567689556
0.15733513685904887
0.11704758473927805
0.08514882740026705
0.055343606501985276
0.09021606358341243
0.11854419147369685
0.1350001667430557
0.14672735080139548
0.17897084605166869
0.2796369018457185
0.0017347842798772217
0.246162236053946
0.03859944589455738
0.030937876514180153
0.00032587833998687366
0.08466891770436334
0.07550009276728609
0.14700849714221206
0.06679882348053491
0.1415853358225465
0.15230260612878205
0.09348483646331746
0.023046738218148156
0.09554241784319782
0.021037260407601226
0.050873386837943346
0.10250140505422026
0.08282151294601918
0.05047536350176614
0.10978970754589551
0.3439193054613359
0.20058568535810756
0.18438953775332784
0.21275970216102813
0.23948251692944295
0.30376397666974486
0.19724641775416948
0.16861173666595225
0.13764960791125605
0.10608752501905508
0.0932887703916703
0.09672637286421204
0.08957144846847218
0.08537757006301736
0.07932226064720495
0.0711306852302467
0.06509340181431349
0.06577124133924717
0.053500646972667834
0.05077092652975218
0.047985867890786245
0.26744503810817793
0.40678115925930997
0.34561173244629306
0.21746144837329823
0.11734595880537294
0.30646528736297485
0.29938269621697333
0.1515132809699138
0.17428996695238655
0.4939243029302843
0.09619247980447973
0.18744883835007806
0.21658243219407294
0.2692875897209896
0.38542647955278686
0.3566226699170593
0.27856582836397337
0.19304814144341048
0.16279980447089662
0.12109052137172392
0.15326269991456998
0.12524443111622885
0.08608952845280743
0.04861423428015793
0.006163397719058834
0.035104029328396576
0.0052079721240118615
0.03852280351001504
0.04455842945544165
0.03202108824637137
0.036055050380680936
0.029010692101279826
0.0162253730409182
0.009180561557984093
0.11336938234311619
0.11868061336950628
0.14756458536726752
0.23970979746076504
0.2640948032696668
0.22207820147637974
0.18792243630894978
0.1430181324567851
0.09303067867543453
0.09891453063573924
0.11275220039149376
0.10565770970481406
0.09654916241147966
0.13071231173666195
0.1405563846288609
0.12437587387158011
0.058018613572228664
0.20625025285619025
0.07868301677032755
0.05438755782431047
0.05148811804560181
0.0033624609290725874
0.14469038782438384
0.13917419454442978
0.135887327504078
0.11279206184239365
0.11350471936923873
0.2052031407578999
0.022076491476361773
0.32900473832047344
0.16509789913376716
0.11145516227090704
0.08846491915846032
0.10053388332115415
0.03844430469028971
0.1254209563464177
0.1593602509975403
0.2051782323339502
0.2517671821513493
0.3219771044148243
0.19916976031219724
0.14646040306535557
0.12528609286202932
0.0999028428510327
0.12972394655448197
0.1604164894192195
0.10822249118098429
0.10490172770718072
0.10132677295976983
0.09615659377363224
0.09408137605460093
0.09641384376474348
0.04925008166423374
0.016304113659210306
0.22490822052360943
0.4457790205575407
0.7350883231590155
0.6191619129291944
0.31153350410311453
0.28357695071395594
0.33620236405349013
0.4156310291259825
0.4078420433525385
0.03383653992062985
0.30091787099748124
0.33724139318053864
0.15278617028734398
0.1332361253035777
0.22873942755413676
0.32639000630360115
0.05071678739046802
0.07801766405913121
0.6932758961491354
0.5095699946416362
0.602870033391183
0.7370879371412218
0.5429909103114565
0.7930530983366899
0.04307997634106462
0.1360973354604763
0.2537228010476544
0.2579198938783309
0.42715721763831327
0.3976816541383723
0.32502053203775466
0.25217804258771387
0.2502955459929853
0.3282011831668093
0.008843862586531942
0.28767306957758026
0.0522901381315449
0.0005442881500257457
0.004082957214941084
0.014487998946453758
0.03578475256790385
0.06710381523266207
0.06805530921463296
0.04577025360145125
0.027971618265112415
0.020357346146393188
0.03600920225306967
0.018767367134313727
0.07246698524985191
0.12133229013856535
0.19900141198899168
0.3112120095940346
0.24838836446922577
0.1812010920408896
0.1551196185596647
0.12314188648761232
0.07184364962837436
0.03282253315663164
0.24209512469434774
0.2534753887457649
0.03202025097701503
0.07011252275523389
0.14881466529181403
0.28658632987161636
0.09055933955046283
0.1864914477835411
0.014736714883518257
0.015812064111864872
0.006198539144327185
0.040477039587451163
0.16376327776912905
0.17164586258432069
0.14066110782049324
0.12112708097761055
0.09112489078553676
0.03428963424351187
0.07804386973712252
0.0648196145053049
0.08324231665591723
0.10105395880003179
0.1273500027898382
0.04251415518511725
0.0815605341167587
0.14295559791516904
0.20176400085252955
0.2559779916476915
0.28711200436630946
0.19403472716041836
0.12033542830061703
0.1101173922090584
0.11341373107137592
0.16473703035345277
0.19121758358278196
0.13014562399165108
0.12103947622432058
0.12541496968080607
0.1326788858480321
0.14823237250465698
0.15397437497853228
0.021689392041754074
0.09505099386048504
0.2785525584807024
0.3464489970786907
0.3412096147564556
0.38871932872054915
0.0712164176893503
0.6503866660504055
0.8020895453229325
0.1804835390178005
0.21622785697653207
0.2025238713062503
0.09050842251201634
0.3580597223124663
0.3188344035403289
0.08040146235618467
0.23157274143211326
0.27287228386868345
0.3165413294177783
0.30889540879703703
0.2427308566725026
0.12230261358822782
0.07726178015837178
0.07965450057773044
0.142246922553448
0.056937226295559806
0.18699389451179382
0.02730611071691727
0.0075490808194379495
0.004939518450890433
0.05548018732470135
0.13845271505309803
0.3014089530150987
0.19607407168941013
0.22694390488486915
0.23219256922105272
0.16366865186061086
0.3314175535690005
0.47794135478474864
0.2652113605846647
0.15009471935649127
0.08779232012533025
0.07041415613629526
0.030240770502470954
0.06443308457799551
0.11464129594346281
0.15496753092081056
0.1459605314219598
0.1909192596142541
0.13218075391693718
0.09759930384179265
0.07462823192295984
0.11401537219554388
0.1294112097853284
0.01989873140604479
0.06433748842718898
0.11493401218747099
0.19235336229647731
0.14541391712146734
0.23823359541733985
0.10110585500317468
0.10507903114448784
0.08032047631871325
0.004442587099563078
0.11816026915622414
0.3297572902400007
0.24445814211000555
0.2800506523619286
0.2675227790007427
0.11632558847903135
0.3215444264687957
0.4469230656032391
0.2550264146605695
0.20460744643996392
0.20312594785262322
0.20469582257753513
0.14118463621493174
0.1358119033193049
0.05515553865683222
0.05062273327360796
0.4369602641266502
0.04996233632736284
0.012891630850987615
0.09463854292485893
0.22731212399794062
0.4662369831125851
0.27641294106647957
0.004713409547868114
0.004923519662636794
0.2953341643230407
0.5039031754168652
0.1317842772346036
0.18907390088002257
0.2962749502555478
0.40099446926695687
0.3725293824515864
0.3343219307561683
0.3121448544491001
0.32753247873333247
0.2633960853310299
0.22374097231567996
0.17692263355693685
0.15189740655688255
0.09727728099359462
0.1201778107301775
0.05715886060340488
0.021590824080299973
0.03543247600513167
0.14345974863739355
0.04298295117158438
0.1692335914873009
0.23403200414432482
0.2770145226572225
0.34004901966059814
0.12670676267632888
0.17444253415621191
0.1466279566020764
0.0966818295294463
0.0580123890025249
0.021802289443082313
0.16090908379722488
0.00583597064239906
0.06766324776770521
0.16457782215419792
0.1052122557010653
0.16838812275540138
0.03318157792469715
0.2455775065189696
0.21433978450824137
0.19559134518703014
0.03396496082846148
0.10679801282350038
0.06359092305704528
0.027422102436247636
0.021715713336979987
0.014220763915488571
0.033087088981080356
0.10074891740814146
0.00020400917813688524
0.17527867660244262
0.2199683517944097
0.21233502050229622
0.17864089533578562
0.044969466924645846
0.15933348196991268
0.2041896261663831
0.24338524966208447
0.263894142856819
0.14053697922409336
0.10234114785302939
0.04115792960574091
0.22729975302359984
0.7401570232271653
0.41211998518395476
0.052739045535409354
0.12975228691105684
0.2096634234649365
0.0009263743970146163
0.06024986272994584
0.13141018264238774
0.08947652962891955
0.11472880343965064
0.17108867495379496
0.1858362672970807
0.18424708065149253
0.374068808352701
0.26163452790897757
0.2260716792566555
0.26241032972613276
0.37324061773173756
0.25521869368716765
0.17302773506439384
0.014708729181989108
0.0236008765113504
0.38376117536966325
0.559488180953391
0.5180097604606377
0.847068159445322
0.8355977081235535
0.8129887064743277
0.07660299357031403
0.11206564152281448
0.3709675116204426
0.3644055378669879
0.09320030352136585
0.24960770006903132
0.31448906160455015
0.4627454656817289
0.13764892638149132
0.15059066145140737
0.08332303165841438
0.10321374059362756
0.06135118459692433
0.11220636991990257
0.10163330465461949
0.020675999165552503
0.08246933914928309
0.18685742512554832
0.041879653920950506
0.16105148042928094
0.19928535097982203
0.11480501645001014
0.4398234438425835
0.4177040438009651
0.2798505166943722
0.20389748567569804
0.17763095978943702
0.07425806547205088
0.11928887763472823
0.11886407809544582
0.22444587688764422
0.23104265913481847
0.2269074222454024
0.0009324918404231067
0.09942890401633905
0.09260410574134728
0.09443599105023771
0.41480803950573153
0.3199866503276185
0.06462730416489794
0.2885636144668167
0.1403711609060061
0.08497647002593818
0.002063496378365958
0.1759430349022659
0.45739658772778413
0.31714003699771887
0.28624305916332843
0.25408356079224753
0.12469970039537366
0.18230047422836404
0.26763205708676485
0.3398811866295228
0.33659273287424063
0.07254666340442596
0.05691422770521573
0.015505790444678638
0.11413372917729415
0.24262121027261357
0.2248111148509366
0.23834864789142404
0.4032489232708618
0.07185311499621776
0.25928443662096246
0.3176303361346966
0.6778535356081145
0.352440787629168
0.015014013942663863
0.19178953842913096
0.34157025602110114
0.13912456445921145
0.5939927113902396
0.4511726695626286
0.37024502814878835
0.28712628070728485
0.31506524307809347
0.10803138291932553
0.33192538735698124
0.06374317198020442
0.018887087069580567
0.0604685724693945
0.3019339589132002
0.3902268507592724
0.25511836460878395
0.23121011805223424
0.2577069020423586
0.13382310804543113
0.20436236812373754
0.21376497886708293
0.2248948046272084
0.03928410459787379
0.13234968834580196
0.11049178081700539
0.04199627451469651
0.2222068921116594
0.18023167663147216
0.13116328382051337
0.11420979757033362
0.1031514952575899
0.18050267537413808
0.19737117595462259
0.14062373018187482
0.16147516641432094
0.06661906788918716
0.03912787877443378
0.1942742366292982
0.11122078471414258
0.23375296360898545
0.21970329500817468
0.06932018275781694
0.22055918028091062
0.5371437767981954
0.3987945931037912
0.21138830115463791
0.40700029219091893
0.40451512992992017
0.20613580704011963
0.09332901492497658
0.02579458870667524
0.19278235025120824
0.24297826169391024
0.24368152665241286
0.12289919185078416
0.19040418236996537
0.01051774440643441
0.2214682317089336
0.15486907922896537
0.12028881495700115
0.1479464557856014
0.29945140230683637
0.036919445032510004
0.40429539801971726
0.3899815382659232
0.3719645147804783
0.3737372616508485
0.2523576305772559
0.08186846086553957
0.10378589923138933
0.05221039338666362
0.07195028831834842
0.10590154427680096
0.13278409077277548
0.08210206581115917
0.5084992862122707
0.5569785888017996
0.3934329814278741
0.30085571407641487
0.047860073309033024
0.09461248783578373
0.21605103093904443
0.04571594337754428
0.15175074067769082
0.13913328868088204
0.1756324589924626
0.05464735324721766
0.07124918966624916
0.2381961652330984
0.24844353027380864
0.28769213057614546
0.0343964449406966
0.2569629336256511
0.1353003590561869
0.18578058118354637
0.04977561772897839
0.11411486194658871
0.18964226813755808
0.26077652996260237
0.1891143090530059
0.23142208556432364
0.24927828749891962
0.16174200396193525
0.15961319763711426
0.08714183745818238
0.1845700948899101
0.13218109377805654
0.0941407544026423
0.15750152715640117
0.27983324109935437
0.3628513033639798
0.27728647504861803
0.15717217134269862
0.19177235858142128
0.25578945773249384
0.40437698785364273
0.47826249660473646
0.5616219132682623
0.2865949350304602
0.0017931009467142822
0.16580686176298465
0.12950600969741555
0.1702176029729865
0.05019697485587567
0.11014381157588209
0.08678222808718045
0.10342266716238543
0.23400148197985743
0.24630378587902013
0.2431770809106886
0.26475059254215877
0.18519619385234215
0.09832925569589941
0.22148831103848635
0.07519662929470813
0.13524155433829277
0.05473749380518806
0.0890704488777492
0.1310214107950955
0.12447315983863322
0.0990887037863851
0.1942101613716817
0.03667120850698098
0.03916847587820896
0.19015794943510275
0.432339416722673
0.3468076196949825
0.34599419597149617
0.20175334669409023
0.23508721602424057
0.2871103024751588
0.15601207999993214
0.09797685617110596
0.06550834765992758
0.05313721416388955
0.10340700867714765
0.03710074604209266
0.09502816387935085
0.07519136265045037
0.16165134567936623
0.01220313794430504
0.25877998749728043
0.47144793807717233
0.547305806710281
0.5178848366116868
0.5026947678150194
0.4660674751713657
0.017603745139485663
0.30970913002282247
0.0773613721638238
0.06624523878591326
0.18500203812395655
0.42054630656352776
0.2382580010948555
0.4637949936123375
0.5863135815071222
0.3852748525046408
0.18835260897550782
0.18618483598926014
0.2947012540531532
0.36153516354486254
0.1699998191609305
0.263369418085609
0.3070382650530457
0.30656176431555604
0.07338057803252548
0.2992744841043128
0.254096060598362
0.16791579016863262
0.29059756276286364
0.3499602274209278
0.2256528297031467
0.27537866930593985
0.34606453852544905
0.18890171365542088
0.13090122267079027
0.12910583147217136
0.04650276393545541
0.14398401153197377
0.35673855138569355
0.3720427236951403
0.19204759307001723
0.28000620348634636
0.4721774948493124
0.4308962878459428
0.2689786264711451
0.4222969860135677
0.46727440067917103
0.38821101819477616
0.2084438324263303
0.12409225402362467
0.09955490179839842
0.11149555880343087
0.29917596806839697
0.21839233770177285
0.31281987796370575
0.37291761498436143
0.05875218501264348
0.37057374714312175
0.2196113014720343
0.029590010806936004
0.22918848143873474
0.1538361003363881
0.04559004895671433
0.020240914965079092
0.13433331876012936
0.12003979735413406
0.14243964431919628
0.18706652833361614
0.1636632682092107
0.3823796543983119
0.5818504498174797
0.46913876386383113
0.26185467482506786
0.19627994168215498
0.15710038626205522
0.05684519860802999
0.11222256996424217
0.18458887915021416
0.24412194388382993
0.32943839275442227
0.4715789378332362
0.5914392545315986
0.535117915732033
0.5338415558745566
0.5815025569360343
0.1497954063379332
0.31087434989595975
0.1957015532944604
0.011134450378530357
0.5162007735124781
0.6081409115529591
0.5114013873441755
0.15451849403813644
0.09544446468314507
0.07362285348618054
0.1603079498470782
0.25611237055069724
0.2842748980654478
0.005464163200256084
0.4194413305785272
0.28098204175525515
0.19118384007031192
0.23613054850545037
0.09727072066643294
0.535190682819817
0.6195056273909144
0.4545980245995441
0.28572363315035343
0.12651731101143654
0.4865064112678719
0.2831689318308114
