-0.09616611731107144
-0.1416323761699305
-0.2533594688075258
-0.0700290933062335
0.15713633499696344
-0.3151544910549174
-0.035863479342196636
0.0019980341591513406
0.08736271546347055
0.43748138345732407
1.4971804994315492
-0.052432249681930165
-0.21127367633986344
-0.07518554717930212
-0.025414427921835736
-0.33311434913817606
0.06739499643015359
-0.15460677889363103
0.18277792814846927
-0.11025938321032575
-0.04836419736914871
0.050889198142228254
0.28418576255765854
0.4522140836449881
0.23853256577608256
0.9136482334519963
-0.2649019093612376
-0.17894550166096562
0.08746705698030183
0.048897964225709245
0.4298690611654868
0.41390326002718164
0.006300512970166816
-0.07011298530333915
0.052582369739292284
0.1696587295295618
-0.0903775228226325
0.15229136238286645
0.04264572926361593
0.024657095062702583
0.20182146317862512
0.2580513631786835
0.17039123968707437
0.05151513992233209
0.2679275911230769
0.17081115920231232
0.09512123100865966
-0.055331145362211565
-0.044480575936261535
-0.13226058127256274
0.12452459247081521
0.006852125273791032
0.5337414468735532
0.10815573163841866
0.030533438679248293
0.007813592530553498
0.20567218841905793
0.3317080191708985
-0.0009013745979719046
-0.15279334837156044
0.34917231727579406
0.38670664454548725
0.29818882117355866
0.32721744305734046
0.2040370227496549
0.06877788745817986
0.08401036344016677
-0.10205788411803099
0.38375210039222285
0.37187559798870173
0.060319181934304356
0.13652703900742302
0.27864339909568797
0.3060608344003976
0.6862808738961753
1.806633892046456
0.3456647354198339
0.009999427813959516
0.09024954955010961
0.038553704939051775
0.007696223685446646
-0.15197943800149882
-0.18953370208603298
-0.0995682481375472
0.21251155814833417
0.010553403569472791
0.3312583022994889
-0.03854828252374154
0.3786946624342158
-0.11399713879704038
0.12274570845528729
0.2539160921132866
0.4346941216679981
0.5437333095679664
0.6135429998308236
1.7606655318154143
-0.1685683785600313
0.3240951243977877
0.299600002002372
0.2916557699816566
0.3426131315215117
0.23013417838054245
0.053459702213943944
0.0585193922914283
-0.15404346830518265
0.2947435523516506
0.25617255658374666
0.15833965892045582
0.2216336265697197
0.44785103882178906
0.3299465986366154
0.38106449868634235
0.42807464774644755
0.4082524027768508
0.4899891188407657
0.6261610628989158
0.0957145315145197
0.11529362027286022
0.002941374561087201
-0.14368453087881844
0.08165999062769949
0.289584826402009
0.07162189868767085
0.2720849298575029
0.9739556263681795
0.04799567316335171
0.16382088367033393
-0.022624801727808563
0.07483147644413185
0.031200280945291453
0.011408376526581415
0.004304405477009998
-0.00853943341247429
-0.09012571916514084
0.3362247022906936
0.18614949484337812
0.12886199110896293
0.08196377697653384
0.05639268786142182
0.08481754880429182
0.010699300452435834
-0.01655499246012937
0.1935270524096823
0.8594522055521638
0.0487676625505451
0.07027237174601644
-0.12801173613838812
-0.05314138047194078
-0.05351530076328215
0.025321585065903596
-0.09102687949439942
0.14622211026091625
0.4108327465435216
0.015644887726595225
0.1235684620065633
-0.0080892363520077
0.055890625824251416
-0.061080729277782214
-0.16610929310872075
-0.15406883000856256
-0.09838138241619582
-0.00010328834975370516
-0.02550456699530107
0.07165746220383129
-0.07733175727707875
0.1822729817289609
0.30400131180542855
-0.129668496368959
-0.0882302206641497
-0.11676797963220117
0.005950616345058168
0.12157129053639124
0.0520269209289953
0.038765762528589626
0.12099249424298547
-0.05988225843566036
-0.1012400421322332
-0.08644382628176336
-0.07187448550572795
0.03756167341510852
0.05199483682500228
-0.1017639444474848
-0.09693003864699443
-0.13782763421253952
-0.10617693114202395
-0.14944538201199023
-0.164719633443364
0.18649087621190497
0.012023705821936764
-0.01533436483129591
0.08468202144094272
0.20914289542969783
0.08902134776586412
-0.31691881455069904
-0.0030397607346242805
0.09734110008774888
-0.03541669037179368
0.009217789734284748
0.06088820611362844
-0.09875465428392835
-0.03803740184966972
0.06695616134810428
0.07439931856499452
0.33872548535446356
0.035254915814272314
0.24897772637324206
0.3276227879222085
0.05396970882848434
0.10519463906500492
0.10612971471081589
-0.013243062381248505
-0.3037000149363056
-0.08773805792027772
0.014873027728799088
-0.026147743548079194
0.007598543028722038
-0.056353838397900646
0.08115106019073073
0.17391287501177632
0.49224675572528603
0.11992247390611277
0.08367543520414383
0.18892428500426023
-0.25098482610658474
0.03207178122667992
0.2501051885644043
0.07153825563414568
0.05358064795797923
0.22160763697995883
-0.01269606486383884
-0.07362487947642327
-0.158285222796649
0.09149867153985927
0.12047938661766219
-0.14607342994159903
0.09444997268426056
0.1956231311180523
-0.20298881308920685
-0.18626569324237716
0.0378908131868988
0.0639731577032257
-0.20635086045940498
-0.08955747058945557
0.08511839055099474
-0.10311335795071042
0.08847395975588632
0.16379213278218063
0.09394288072515078
0.22824484905881529
0.10257041127910843
0.10875145502242098
0.12056764859287444
0.042724660258876
0.05472085751786093
-0.04851619534401802
-0.0886546474109956
-0.062408766455284426
0.032232517097037644
0.061542610121677055
0.055743737826924045
0.053382979789364515
0.02820767354621584
-0.03309018814494302
-0.05638147178834041
-0.06203004182728747
-0.06672408333298047
-0.038689701856523956
-0.01668203317970407
-0.06978638789773894
-0.0852328442065825
0.03718123892471725
-0.11100433845581292
-0.07908114934608038
-0.1203897978085694
-0.05117898660468842
-0.011873908204058925
0.001523407954849565
-0.1758193359787677
-0.016965462567453682
0.08457872645631762
-0.14052964835439927
0.14524781533627185
0.24802076685971786
-0.1699426166588157
-0.1191262458777595
0.15209625000563276
0.17953972996010648
-0.11288857782680892
0.0011067011501400548
0.10174118189276646
-0.09872159388014334
-0.33536215843261247
-0.1441701652305684
-0.09772125458081177
-0.046729372286485465
-0.034152586018478676
-0.09453506939428716
-0.11675520599403771
-0.15842067782382285
-0.13420768851770834
-0.3817398654935404
-0.23820113338210144
-0.1420384222556892
-0.07546746704373303
-0.14078368119026463
-0.1383122428437654
-0.15035022697311648
-0.2085347845201177
-0.2023766677234426
-0.40141427890764786
-0.213872520050878
0.038584365229779316
-0.14900055951650032
-0.21329147773637355
0.06923011929294384
-0.0445728489309169
-0.17046276788484763
-0.11057306494418467
0.12814782508092593
0.09677009788782123
-0.14214781896652554
0.1838173894138126
0.2105287531609694
0.04540130622310429
-0.18060037612733476
0.15995713253843608
0.19153523210073575
0.14318868468435747
0.13957004735960482
0.12107289716130926
-0.0006713318658854717
0.13952778308141733
-0.376674971024461
-0.15135763246292538
0.011322439774497095
-0.05171079512143073
-0.021135204929899343
0.046675714649437317
-0.16145620218515344
-0.09830397891948797
-0.009280334280369756
-0.2913711479300596
-0.07637695724202503
0.019773080047280067
0.035595837304861766
-0.026517422247758493
0.007615067220378413
-0.0010681446993993093
0.035968596243212136
0.03949508386888373
0.08430677242843881
0.08855784122351246
0.19568682052440223
0.023496767667494922
-0.007993613450698461
-0.08294441151354429
-0.19792696883598013
-0.04975345786657398
0.0715539339861937
-0.1761585268006323
-0.026972190743111413
0.0611162232835058
-0.1768365145170575
-0.09515857505693337
-0.08471386864879901
-0.11641307752763203
-0.17555104227920226
-0.1403560104397132
-0.14869856060462552
0.007733461299121724
-0.04872144830433231
0.01800229781677376
0.09463684235311881
0.11950540485315325
0.07688237461613526
0.10780068158852213
0.09295827635564247
0.02108840566286352
-0.01991015428478904
-0.044562690665252425
-0.0635602540816052
-0.03685076666083517
-0.004780028175613016
0.03417942246766115
0.041043349960610265
0.03856531971342336
0.014595826101441722
-0.029610026941071232
-0.034883444648453055
-0.04376790675676173
-0.042994906190872706
-0.08294713091547723
-0.09076351477021793
-0.07315551359458092
-0.022095513033363323
0.019886646228519655
-0.12786769087215072
-0.06532405754976434
-0.061586262184867846
-0.047090784532196894
-0.07565934153326875
0.0018483747970501896
-0.09454964235694016
-0.10460434353959103
-0.08021474317775695
-0.10742113287092889
-0.0718437030571098
-0.18832079279325648
-0.233393845001207
-0.10412160702939197
-0.004414923652802383
-0.21435780130602086
-0.07471097302822638
-0.027280536887077378
-0.2004920301956023
-0.056997892754439006
0.00517075993552038
-0.07511450592750324
-0.03733210850878965
0.025865987302938764
0.053811112819910634
-0.03516589387023178
-0.018931147136403148
0.058302867819181314
-0.09323017406577067
-0.06736331989604716
-0.03259294487171202
-0.13154529928937814
-0.11836786284425777
-0.09680362158002054
-0.11897238598875953
-0.09138845056922931
-0.0793512839762478
-0.08921556171908859
-0.019885796777491527
-0.013372074116491939
-0.10813996619116431
-0.07273963792615468
0.02445349065450797
-0.1891947030787669
-0.1574445489781974
-0.091171900716433
-0.19353097969986993
-0.16401098966437128
-0.15214457020290006
-0.1329247100607725
-0.08994406049988662
-0.11230680810927957
-0.06802892415666839
-0.03247154896759613
0.17348302996406773
-0.06950283121036821
0.07728912392010456
0.20727213157863827
0.07153574218350736
-0.09405723262340696
0.2845120540213253
0.3652504993482239
0.2570116673633893
0.26017248853994396
0.3469163739050235
0.18356150099262197
0.30553036170136494
0.12082575794934519
0.0932811251739471
0.12341116044862044
-0.3111693345678805
-0.09980905650188651
0.0244910390278244
0.009480877119901199
0.04212367729045735
0.11338353435364962
-0.08891621060119731
-0.00022861721214434416
0.0538511914141071
0.02539668333154166
0.03199756413315075
0.10522788325381227
0.011679326080545616
0.0674804101027561
0.12418454608288026
0.08131481238611821
0.14205441752624115
0.15672665473316194
0.08865948282838237
0.12774713180480998
0.254638180647242
0.08689304874813397
0.09512658133179919
-0.04996603732007998
-0.14862678835508777
0.11308800084404047
0.16099648609941647
-0.1050925808303535
0.02725241325925179
0.11179680701198902
-0.13593541930564404
-0.08856875860884711
-0.06509987572634879
-0.08677662698120786
-0.16189817314136795
-0.12824220419536958
-0.1157465170786344
-0.15554667733323355
-0.09394908502325938
-0.07264114441141362
-0.08910447843068492
-0.05257755877476955
0.00801099899211899
-0.06784204606350291
0.004362231077671697
0.02848188725676104
0.005558029216660154
0.012888802107575426
0.04228923359106185
0.0018087681505435382
0.01707664424297692
0.03776086700838066
0.03343146457494034
0.06614137992495273
0.06798665167450743
0.10481719106353232
0.09354263318003098
0.11559864231279804
0.09674481886840045
0.10052754426449234
0.12457911370687053
0.08545485650796505
0.0852826385038391
0.09404293063486363
0.0858100850373067
0.09234451259837934
0.061348653115431695
0.07304450804957244
0.028765588311885637
0.04141544732422023
-0.012378702188489965
-0.008843735701334482
0.012888751785830599
-0.01863755680827528
-0.011782582714004453
-0.02649887361046377
-0.042394438950515145
-0.03619465162699176
-0.04261819823346377
0.051602719632004856
-0.08465317354038937
-0.04710466033452876
-0.0005681851400807236
0.017002379244292765
0.02233787760350381
0.01598937044615334
-0.027651900033836274
-0.01989360540410226
-0.03416067073061427
-0.04926875667488312
-0.08863336690981743
-0.12793028257734956
-0.11346964291771844
-0.05048494316385266
-0.03069663144834478
-0.04412717661071763
-0.03287761451060217
-0.07496973486611422
-0.14225039578539447
-0.18076468752144262
-0.15356018551612588
-0.08994257514302467
-0.012126059937037081
0.21866663203483974
0.049707610287913345
0.06231287098837274
0.06088507697585649
0.021236659093441246
0.0693932286485266
0.10235259980827166
-0.01778406832453977
0.012465696722760988
0.08126207607193972
-0.051711610139863196
-0.0021056878477085372
0.04738288171546645
-0.01700046813386466
0.003335143649006722
0.014351130493952396
0.0013331319607777503
0.0008889762200847695
0.031943143735659596
-0.034357620164413016
0.04390004943797238
0.03953965093610429
-0.04511664947154673
-0.011514092260716813
0.08604960928235067
-0.07849158905926704
-0.03669016619889581
0.03015061693660906
-0.057037860233912496
-0.06223999859482243
-0.06680325325455094
-0.31633317034201497
-0.08953326032106385
0.15015150866468652
-0.022124615238769685
-0.07167510321521506
0.17915529742120712
0.030027323443339166
-0.07057313143848207
-0.000999040493628034
0.3047212567509838
0.2679673326990048
-0.06510602173756888
0.22833163661612338
0.32721950704709596
0.009180792960975237
-0.2427040079764732
0.13726226395089122
-0.02136370060440429
0.19060072735585645
0.1314155095648048
0.20401917636140715
0.09953967798072394
0.29076036182807935
0.954453183068398
-0.3469936505658455
-0.04494139315890683
0.171969652598076
0.02189553303862557
0.13286208544326022
0.26396281806815275
-0.062068014740747496
0.018509873860108328
0.11433460808094598
0.041780035486078254
0.07806736428701361
0.14655495355089254
0.12283326240767112
0.21053225145535662
0.20669570977512347
0.19877482617325637
0.2125014058833516
0.3158219323692496
0.19602708527398816
0.22965268025414515
0.244876902995472
0.17785479152422928
0.15117008727979678
0.22674033618645256
0.014667866829422005
0.1047846612920017
0.10288247701678299
-0.018508615415652185
-0.004624131256514008
0.04804991121041963
-0.08762975936574852
-0.06972187351433318
-0.01838332449472263
-0.11125868847679216
-0.08052866802519987
-0.052158596320744655
-0.09054667883973841
-0.05442553721426213
-0.04342648547475236
-0.08625784505861739
-0.03537794477694464
0.02800427966329677
-0.018874593931377803
0.013925755022191066
0.07036090484898533
0.041823115504323605
0.04183177193700802
-0.025067324470369884
0.0039006210402990626
-0.03169958478235535
0.02638350637452186
0.23037404672231615
0.13461656096397018
0.11100330524466726
0.11277172994142853
0.10198846395763933
0.0766400459553146
0.04969022235005671
0.031913097763418274
0.017810830665825755
-0.012085674707181804
-0.03871957964539263
-0.05575347061104935
-0.07854602284649986
-0.05104170671293415
-0.020947504980252385
-0.0014814893935277684
0.008963430461389477
0.009790231833061436
-0.011132546276397537
-0.049860090492923614
-0.04885366133866212
0.3049738991361564
-0.1607682170309467
-0.17996380389411704
-0.14831382409092556
-0.12293099923891021
-0.10153131530045933
-0.07995642499736222
-0.11903156434767068
-0.07004564479661829
-0.005273727336689016
-0.07181950474766566
-0.05284084555394891
-0.08823137169770748
-0.03173070233291414
0.0011545338962808127
-0.042950422214313444
-0.015883597158892065
-0.004414040628708538
-0.0491648936338987
-0.04079851457560402
-0.06117264177395665
-0.0494057025104494
-0.07386523752428639
-0.07317156329187807
-0.05073380424908375
-0.11979749785159102
-0.15119994007417412
-0.06533758607601373
-0.16419154075454662
-0.1755508566394634
-0.06858161489968789
-0.14269461861187452
-0.15520411863229638
-0.1412002838360417
-0.06741702609813285
-0.1398490961946619
-0.11254791459763006
-0.38065188570296465
-0.18674235653292875
0.060098869728833215
-0.12417042622186569
-0.1738429381374948
0.10795983723958513
-0.08804360694813121
-0.23089319047513213
-0.17670913862418924
0.09062840903497071
0.06459499828982168
-0.20157760005773823
0.09718424905687015
0.13276374818304348
-0.1192784548340231
0.10108809512668238
0.11878358208495005
0.04610575093683872
0.09058593021535152
0.13550487531544336
0.12645931312567527
0.08059895052632854
0.09667792764952193
0.1457303305384433
0.04711722048333422
0.09057256202167685
0.1264658747881564
0.057269747912500335
0.08468832392991454
0.11597762529166736
0.10252962338061916
0.016392977732734154
0.13247202215462522
-0.5648407101951006
0.05474698423788782
-0.009928969725303272
0.1529417101291801
0.0034261969146696936
-0.1547498004685917
0.08436970659684823
-0.047583112911516456
-0.05799030565649427
0.008053932401850539
-0.06367801423315861
-0.05346719038653858
-0.027836679708829748
0.016776262418089216
-0.04065156614186938
-0.020953631084394964
-0.29545349299430257
0.005999243225614792
0.06391310665611133
-0.01648111730112478
0.008704964171880603
0.09206219451908249
-0.0006742873680533334
-0.013331686513483876
-0.20180914247748039
0.023823003403760368
-0.03132925239224399
0.06926831059552246
0.12156013149600534
0.178040143240272
0.058168019396530324
0.21645524419305812
0.8590638075730752
-0.2630903891120362
-0.0070438108698450685
0.16766951431590169
-0.0006530968959131411
0.09523711783979621
0.17884306353841556
0.17338188955765707
0.053455748071847
-0.07784204698099845
-0.24323363627988925
-0.015771412040802985
0.09711424922170364
0.10054566274466617
0.0195778335650984
-0.06461711881384502
0.034682825836548914
0.14816507274341223
0.472064456744509
0.10860781244693474
0.16033257143573343
0.24871952516491935
0.19612825397538752
0.23839672029911524
0.11040678736907811
-0.00045259242068440564
0.2757560068223683
0.3053582892100168
-0.003997683807432373
0.27506633738864084
0.21527163966025525
-0.1344843768292979
-0.3226670312650459
-0.051008687824169036
0.2525888024248135
0.04623581879387745
-0.14022643777791416
0.16805339154249338
-0.23707015315392627
-0.1578341523727428
-0.43870417757578883
-0.1932793219725784
-0.15250397393017145
-0.10326016932333579
-0.11951708611026027
-0.18098081543155564
-0.2230769235022409
-0.07258896937330978
-0.09872284483504648
-0.019061449235874967
-0.031068901865585613
-0.059471695380471645
-0.0423177652481474
-0.06739436522074968
-0.044787454792180464
0.180478527378104
0.06424049379754271
0.04671251695998552
0.02835238121990602
0.062203099378700666
0.12742239614958337
0.22271572911530674
0.16589825592275037
0.11960614979781403
0.09108168123888871
0.05130593296309632
0.01889115270718944
0.09656348411808735
0.03693664668591473
-0.003636998198359165
-0.02479563813689356
-0.03313068045604786
-0.048068606664599806
-0.031788015130512354
-0.01932626874418475
-0.005436556423334682
0.005135720433204205
0.014804235719291653
-0.014142316128002985
-0.04118608010884234
-0.04375993714124532
-0.03606447605958546
-0.08884692271008895
-0.06193084071941579
-0.03330841127923978
-0.03335214454499233
-0.046007056137627456
-0.05408338003270258
-0.058375403224840416
-0.05014574750487166
-0.04421484528384201
-0.047573920426515204
-0.09226991245092325
-0.13446991950207238
-0.1716100107374155
-0.18428047956708105
-0.1871298159267741
-0.15219233019415912
-0.08956949290073998
-0.04416075435539485
0.03772229336230101
0.10384900432548944
0.14441671866841269
0.1819948460295137
0.15346771720094493
0.15358475286067652
0.49872849983049306
-0.5621009932746401
-0.06906412347957969
-0.13146270860830866
0.11139080713386984
0.009596604833070344
-0.10438939396617233
0.14933590614845588
0.026415125259216382
-0.05401344307619016
0.11132618849984247
0.004104972302915871
-0.019456836332800986
0.030020972068861562
0.0218047683746192
-0.037368134616950904
-0.0037269949139230596
-0.2914484558764538
-0.009267779731392811
0.17671426357251552
-0.011686609474547
-0.08635172864058072
0.15134749340791787
-0.012069848731794952
-0.11847212555064116
0.1951151685740772
0.1451364617775261
0.4187875690186385
-0.20500612684059477
0.374089283367936
0.16854487109872557
0.07506186316334623
0.14577027497549605
0.39736693985546384
0.45637036550205096
0.4027692925604384
1.0401098598439187
-0.33616935325030417
-0.09944803580451189
0.06046947842651612
0.066418384841537
0.09341785918139028
0.10208511921939736
-0.14874631724978216
-0.11749067689162104
-0.11738995357691434
-0.410790400351262
-0.1852275669028719
-0.0402903352383889
-0.15456631824498884
-0.12614761596423746
-0.05637062285512945
-0.1862904691430782
-0.13068681960985484
0.03743483587533611
-0.35131386278304866
-0.38461335713570494
-0.09186583271846516
-0.08411474429457527
0.1879643065060549
0.07800428009682253
0.05047619864192124
0.35882671766096136
0.23484287624442018
0.23689691279356329
0.3404226750409797
0.07700668114233006
0.1682312118502112
0.18811131366788997
-0.07150766847786372
0.10044432768303455
0.07413346440710247
0.02926894656581941
0.015097401798373766
0.06288970635255686
-0.026703251401310468
-0.013746994607075624
-0.023312120549562332
-0.013240820742432546
-0.0017224974832688589
-0.12153254960259055
-0.21219681873793889
-0.004622898984604079
0.01648689165891476
-0.18038863225281115
-0.1016731757795282
-0.05066999197121391
-0.21614735274169766
-0.1481872011564435
-0.16972479812085342
-0.2380555959248873
-0.24367735102799146
-0.22342971717710117
-0.23592203641942144
0.030404698860913987
-0.019691189711407153
0.06373332949525023
0.09966810583829963
0.09910148522325149
0.06558510931703454
0.06785708272657107
0.1150434778643658
0.17069086695288477
0.1940934506673614
0.15424710626144172
0.1139620527315248
0.13140644311149918
0.2541345983095908
0.16746002120260312
0.11553927348612533
0.13095118897700098
0.16362568586249931
0.035615264062058005
0.04547826952692138
0.09193823572403004
-0.00004364857823596635
0.004231809052552271
0.010865946223432288
-0.014802563004212843
0.0006091927024481913
0.04558024571301236
0.007028518791350469
0.10865244070945163
0.10703847086513382
0.055937350399238306
0.08096535092925183
0.22145803517855805
-0.004081777711060497
0.026115064283835504
0.04197846448922904
-0.009803833690483071
0.00753005819165542
0.040574054541176185
0.04310055447647662
0.09933179088780802
0.14765937814470165
0.4130724194572119
0.08668109039083369
0.04597147785255731
-0.020886156169189207
-0.04019103365565546
-0.05374283389258147
-0.06292273043405919
-0.041454510458912575
-0.011305259459684358
-0.002061932054203963
-0.03641930669908505
-0.04944770526919773
-0.05431420175293397
-0.045313128924333174
-0.03626842675670233
-0.043822291300260746
-0.08054418601863872
-0.12938194160702382
-0.16155818181708345
-0.1683770697105838
-0.14127473784244365
-0.08779946179587356
-0.0350570213116036
-0.002020681480604525
0.050511875571141174
0.10151153438419297
0.14563895511092675
0.18274917423224568
0.19229332725672732
0.14289564006066194
0.11698661410342065
0.11401181675700117
0.0011077954007389368
-0.18005828121418918
-0.155688915845823
-0.14281435754941812
0.16720244444322338
-0.05607568878124941
-0.07178591988164326
-0.09400954293599328
-0.006991398624375117
-0.007551454746484582
0.04458581735545794
-0.2077516243422936
0.1349994307685462
0.2651741043230871
0.08518805057609408
0.08675464020485399
0.38737729403500953
0.16186267972152668
0.09864475546649737
0.37578282318656536
0.23817214963468197
0.32075995192337586
-0.12012331250127989
0.5542764045157841
0.6359518050607523
0.22100158204610795
0.2333859354202822
0.4344111124900671
0.5371238279592829
0.583695415670068
1.077134172344857
-0.520095579493575
0.1435837493898226
0.3790233072267801
0.49547672934510983
-0.07081912334235163
0.09130290993680679
0.0013167764984906016
-0.33523554571629016
-0.06238207294172127
-0.0042336891428398915
-0.03972133395925212
-0.02539968527543124
0.03735460717964448
-0.09858981822998963
-0.04749201077647758
0.022623579124159132
0.011369565391406988
0.002631849363724237
0.1057325022933156
0.11026834794066798
0.1452624042152459
0.1069403822910936
0.06885152088998148
0.050511788064040164
-0.24917955824360988
-0.08993506131328169
0.07688502567727573
0.11498560621776649
0.04273606696939686
0.11530988284061544
0.08113891238994878
-0.031915942252578045
0.08468935553089238
0.0993307951268424
0.12551224384321782
0.14257647203227045
0.01748672980599969
0.16440223389222464
0.062268911088443346
-0.019151243251116917
0.05705712884305797
-0.02610564891515954
-0.0622860590589866
-0.11015164473946057
-0.11327072711669703
-0.0322346434899598
-0.1753758284967344
-0.2073924519589962
-0.22145246109866193
-0.22943064849609077
-0.17709671561539325
-0.1156780566304938
-0.017863100823576894
0.24533719946215282
0.16233494201281784
0.15019937461976218
0.11331986734867017
0.1359800912454323
0.0973709393718089
0.09183392224240722
0.14096132910351653
0.07554742046295776
0.07596963440622884
0.13826016555977094
0.0733201500587799
0.0765896757638529
0.12259984357246734
0.00605531236608059
-0.004891705219186304
-0.27552774949543596
-0.08317100250177609
0.20906919886515996
0.041353987719021656
-0.07290792454794345
0.21391450478525725
0.05112613342564007
-0.0398031340920732
0.15590126066353766
0.09777832220543278
0.06947286925391982
0.1149735773401657
0.09886205791778263
0.0877892823984161
0.10718856565156448
0.0982195450217431
0.08277997447589724
0.16907545848838107
-0.1330630437785313
-0.1363592589651809
-0.07246850163178692
-0.002260177216589776
0.012803388733183263
0.06423203419344381
0.11260111637461101
0.1273146601525582
0.07412004017904178
0.06327290486214984
-0.04793687425577953
-0.09858729109365041
-0.11150591771861007
-0.11171364601460385
0.01824448231399184
-0.028897263745605167
-0.0442626956125422
-0.05253668035068104
-0.046296259812037555
-0.010410410996241348
0.028378052581502222
0.033577128730421096
-0.029994807397781265
0.05506561638201651
0.1702528761347928
0.4144054260972188
0.0994501661750001
-0.004587915566159895
-0.08913901296096621
-0.13146027004397293
-0.1373697781210674
-0.09895431983810848
-0.03778804441357059
0.028682495763539262
0.037015190412910126
0.06903004185005085
0.10955377931044702
0.15973003131051003
0.2055984396649646
0.20581066589507785
0.15075707680670014
0.11820470484930179
0.06274390125246762
-0.018732005838612148
-0.09162407107326548
-0.09879535676700801
-0.03588989760438893
-0.02414409008102983
-0.025242519024795684
0.032085561125241996
0.04958207724619357
0.057095286445928844
-0.045849463181884126
-0.031201284988204292
0.08430922762481641
0.5318985461948802
0.2319358847362879
0.25514791305275675
0.8503969479440793
-0.27018698226605603
-0.013898279129306301
0.10506862959414193
0.22921019644458945
0.24294603135285892
0.1585742901593412
-0.16302354301836158
-0.14271318696313165
-0.19446768457717312
-0.4397701550734721
-0.2417924697377026
-0.19708262608981578
-0.19183841103637841
-0.163489344730203
-0.19367362147057532
-0.21757783977104844
-0.12418998342578258
-0.15054863274736166
-0.1804802717982404
-0.03593899360671282
-0.03458395737587966
0.07710193375560809
0.02486716383857543
0.0030937636889583064
0.20946596531040834
0.10114264130552192
0.05719385002324148
0.16599173939011336
0.13542158758123646
0.09245708330844621
0.139429456298307
0.1056124997302213
0.08930198979158505
0.051196133187447895
0.05381582578308175
0.0411124492413846
0.22126553865660495
0.050816512501559996
0.005189971398175952
-0.06316006078856864
-0.10838015107715898
-0.1302322517543239
-0.15854211768650484
-0.1838138495651781
-0.20690836261025664
-0.20151236162256697
-0.16500039222947765
-0.10978440052704791
-0.019221058829425458
0.05310691184294239
0.05873063032244469
0.06808721793341022
0.06176708361893962
0.03807595505847278
-0.01416652653271816
-0.05519727586847156
-0.07613990899506512
-0.019540812883235698
0.03545740406800474
0.05751979242143351
0.03683440898950979
-0.021423911116665584
-0.11673768522525635
-0.09976772753604701
-0.05975747796536701
-0.01905500882302985
0.0162168430486595
0.05648784802246676
0.08325998114405084
0.07069100265147482
0.05647583745347351
0.01065203224659833
-0.045573392298450255
-0.07773864680907336
-0.09664326980279331
-0.049613071507307316
0.028613347503789188
-0.017632870364067965
-0.03724759540057798
-0.04777954948718591
-0.004580865801975115
0.13487830310095594
0.07288792180219592
0.011797573547126378
0.023495608281654257
0.05223988745623964
-0.006353161537948765
0.01630679201368168
0.032953701026002674
0.06852750447187916
0.08213745554242452
0.09049097223908148
0.1935041329514664
0.21772753532047467
0.17480365289017918
0.2938915347173829
0.2055992234152959
0.21957919483395344
0.1308259174450059
0.07751183572478754
0.05947285892957871
-0.01250850700416209
-0.02878683026138862
-0.06920369700835385
-0.0735768004321205
-0.07907232788678845
-0.0860301162445426
-0.11317800474108741
-0.11096514449194489
-0.11384748395597791
-0.11723216062080946
-0.1096533171749467
-0.11062545867517343
-0.0806828282943628
-0.07453302325886715
-0.06766930134763816
-0.005006008986035287
0.012058400669996694
-0.006962532285491596
0.06216288859372282
0.04351792713457092
0.07797846162974298
0.18727695634799563
0.18268621562499351
0.1511565795358552
0.3934195145641489
0.14965965171922752
0.17914161405306384
0.21515167450308403
0.23338621206458562
0.16725429666727964
0.11324429068220107
0.048294333016513646
-0.016325915293066567
-0.04989579724467674
-0.04501700541626796
-0.014920721865324116
-0.019081947375748365
-0.0053451823298247825
0.020343613648787923
0.02851313961236543
0.01967456415047683
0.020739088384366944
0.07147181293761365
0.15738283043967877
0.16756861789743838
0.05989159789644427
0.07121273538675546
-0.0026276988105150556
0.038441536696669915
0.03620234061310901
0.008720608259314838
-0.040527079413661404
-0.16962629198066542
-0.17775370260874251
-0.1600597114219192
-0.1214082634319899
-0.0622581137832702
0.02299307211029597
0.05076885566395864
0.04977554081944863
0.0455953200607509
0.04614836016602564
0.06838338346848813
0.02847964271050385
-0.013773282307077694
-0.06464345445695394
-0.10048098378428516
-0.12516214778637708
-0.14792126926457316
-0.17142844793619189
-0.18722831999425538
-0.17826054454327528
-0.14537008766426496
-0.09180052624187751
-0.03304075604050993
0.0014976349585732462
0.012762992863066258
0.03951402230168627
0.03606132145364524
0.015469440760900732
-0.02045408859374237
-0.04807092738231211
-0.06734728338469775
-0.018626807498147713
0.01583097319798943
0.025948338499090784
-0.00034507151584844964
-0.058629444100617156
-0.10611007038108827
-0.11117569751492501
-0.06067584441642779
-0.023228716276099404
0.012784924208649462
0.04148317572021082
0.05510878106156636
0.03269897908246597
0.031351670393666015
0.009642567148841347
0.3399887223330206
-0.11473349965365462
-0.1246840856576592
-0.11895453930461805
-0.07197278553043862
-0.08291536033367602
-0.10509261317328933
-0.046722651627876255
-0.059481208829340604
-0.06984658010664405
-0.02778370462605262
-0.05180448897146264
-0.07284478828180896
-0.02404205615107624
-0.037442213823357384
-0.04157660122743281
-0.036223843237806475
-0.04112273203924294
-0.04056909291808242
-0.037111927991381743
-0.03631538842410881
-0.048338104981964225
-0.07203439543830112
-0.09469721352601129
-0.07527081012194001
-0.34297314677717433
-0.226600231852135
-0.24679821056890539
-0.06899246864358485
-0.11278094263997271
-0.13798085961694698
-0.17326198579311114
-0.27590384452619826
-0.287672110331835
-0.06737678079972192
-0.04037451060477509
0.05743559099057022
0.11662955925992785
0.1048561614435918
0.020232233876469885
-0.07449439030431493
-0.08671613953004101
-0.09675266515367001
-0.08462747937707904
-0.05064510451804449
-0.033743056195001675
-0.02852016475126451
-0.12742812122668423
-0.1496363245917616
-0.06768766055833764
0.08443532405830873
0.14795410659385486
0.19710324313888444
0.20992406927292123
0.1601283202258011
0.10670675260785953
0.04949368700827947
0.0018350199206387807
-0.023187590994523666
-0.02375552621849006
-0.012390963542924238
-0.002735383855959894
0.003160638900558954
0.014377697956968472
0.02011677281189672
0.02547704499951231
0.037121944559397047
0.06363911232878355
0.0711297699922453
0.08628112678131836
0.10469206149526011
0.10901645815369218
0.3200042965032865
0.1011077083875736
0.023306376499012266
-0.08039209966482053
-0.15035606606046414
-0.19326159780356525
-0.1382583447990686
-0.10194532547789306
-0.05683237585417972
0.0013870463286108636
0.025999857488708117
0.028768903934603268
0.02712426816522201
0.03108740248948666
0.03416758064120062
0.011683879504549993
-0.02380834274977983
-0.06335554927514322
-0.09528219752068967
-0.12102972721822355
-0.14657014832212087
-0.16420470323219374
-0.17061297979862208
-0.1590079107061232
-0.12859079008734453
-0.08617247123411581
-0.05029710493988315
-0.03780895740752882
-0.024735168552356135
0.009391854618320955
0.011237110366257852
-0.0019295318662954086
-0.03048005670906226
-0.056359390619299954
-0.0859883324011744
-0.034283757853523916
-0.007049447960347233
-0.002463200294470086
-0.025214747382392155
-0.06916722457546626
-0.10188486627009677
-0.11132459181378118
-0.060063369350461804
-0.02604967054100349
0.004539498861664132
0.020732545500603827
0.020862171425119203
-0.012987337696747647
0.01380036216546171
-0.002519618080281949
-0.040171641471355574
-0.09870298561734075
-0.10766504684747477
-0.10557308076583297
-0.12546091453546418
-0.07203025926109247
-0.06884553507964797
-0.09350093086168285
-0.051465827718150114
-0.04381567261816932
0.07136593414312498
-0.11216705864341772
-0.021182706308074672
0.03591815721644159
0.06766668406661597
0.04137281803558185
-0.023589329340467508
-0.10247003510197111
-0.09697706946446047
-0.08895620705071411
-0.07514412286339978
-0.06225499562263315
-0.07302013248173186
-0.09394144236666457
-0.14444080181196306
-0.09546210376111891
-0.026489765715989322
0.056505299494892525
0.12665261555918933
0.17663832676386632
0.19141135987720048
0.15026828390639388
0.10290377115494576
0.05465881789313537
0.016693915153350586
-0.0033703692596677437
-0.006195336536224394
0.0003747904898969423
0.0035661653264776327
0.0067907301362020445
0.013386215038339033
0.01977776010149701
0.02403019653202748
0.02563699798353747
0.01531443452285175
0.0367716300088719
0.05281069581125397
0.03396399304697775
-0.01634516004995243
0.052758702346643316
0.09261087654454936
0.023113020467182138
-0.09155615516789867
-0.18942052430945072
-0.24228434359848117
-0.1515674436393484
-0.09574887643624519
-0.049505358162391516
-0.010194045255236817
0.008383224991506122
0.012153278489042685
0.012022816713322254
0.016489335569339347
0.016235657030724132
-0.002129725242312891
-0.03130608669995913
-0.0644354983860719
-0.09464272508681287
-0.12051319129101914
-0.14319027974591947
-0.15394269172225986
-0.15594319521809702
-0.14358656699418257
-0.11815954501211479
-0.08909299489458747
-0.06879961187919864
-0.06773548687826716
-0.0485782684313682
-0.015529981885902683
-0.010108655699826441
-0.020202366116107845
-0.047931141080909956
-0.07871234244590783
-0.10772858633681659
-0.053913076980975916
-0.029627612765968092
-0.02580326381815906
-0.04405578348423089
-0.0829851189538304
-0.11735917730434725
-0.1339561814631786
-0.07055707181357271
-0.03290308352844162
-0.00469318860033624
0.0840526614252482
0.18985009598926933
0.38022119273570715
0.08255567131321209
-0.000870275754267652
-0.06965397323726391
-0.10690390968324012
-0.1301974561774885
-0.15944679519938415
-0.10404743132673366
-0.09023378826045841
-0.07620151384401919
-0.04471977377509179
0.0326332497769416
0.16616107319794057
0.34245632471457926
0.12038937066856603
0.0848413593102526
0.020525735111124044
-0.04649103859190207
-0.11530439008898746
-0.11246944662750419
-0.09167041607143128
-0.08136095767547022
-0.08052053918887525
-0.09652031905498903
-0.11322490017109832
-0.1375599834286914
-0.0850481354533214
-0.02048164802500474
0.04861904302487771
0.11314511506347671
0.15672620260836795
0.16881988531202333
0.13694792426597074
0.09937686728843112
0.05984246370308255
0.028665626957773138
0.010169288281914879
0.0032006880628435153
0.001973867665434198
0.0041914587140370885
0.00795141153811102
0.013138241593822209
0.017189869843591
0.008236397979119181
-0.005586033696320519
-0.033379490787494304
0.009453517958345065
-0.0007901265076770692
-0.07807888656291048
-0.18479965914776034
-0.12458068918803411
-0.028247524395622337
-0.046466296331593715
-0.1158745060095695
-0.15979468388245072
-0.24465086942921738
-0.21207663936079854
-0.10809197454534791
-0.05829915269460417
-0.022643822774382066
-0.0045545333177735015
0.0005034391224859047
0.0007722023596226646
-0.0028187084702965826
0.00021207020124369702
-0.014597212674281324
-0.03858422243348633
-0.06666207017568163
-0.09477318565597526
-0.11928422057441476
-0.14134543982837866
-0.146170422813426
-0.14489495824857798
-0.13307594753178817
-0.11376689831990958
-0.09695455678790904
-0.08758414235372686
-0.090897990727246
-0.06459565810947629
-0.03636972801247168
-0.029944622214448657
-0.04160644809945824
-0.07015434339747856
-0.10286984100944585
-0.12156301720820717
-0.0716506892830246
-0.04963816758541878
-0.04637074993061485
-0.0646132813608652
-0.10272084762500383
-0.13798501173267294
-0.14574731996256599
-0.08126804599564136
-0.035186696844113075
0.020905506256833073
0.09302168386013956
0.14228867449279897
0.14490146192817188
0.0754459129098961
0.003680042155623786
-0.05730217681779726
-0.10992950781009092
-0.14930601916580452
-0.18414311246832155
-0.12429979519084977
-0.09836547069632773
-0.06712591301324622
-0.020848036430582695
0.04924453310094501
0.1168385736042879
0.15007959710107113
0.11182770517689122
0.06845372852071818
0.006775305836718704
-0.05965000929920278
-0.11890060542082026
-0.13087945609460208
-0.10234180443537272
-0.0942780328328191
-0.09657950127701376
-0.10962715329799311
-0.11943485483838376
-0.13027130133292597
-0.08422641405620102
-0.018876445782004814
0.04397658796682247
0.09934545766024483
0.1350658470320823
0.14135591757565458
0.12199408266987372
0.09457220457250781
0.06304744108778959
0.03670976079161836
0.017480571241507148
0.005571972030425365
-0.0034872094120104447
0.0018555087128693803
0.006964473682401218
0.010523929668887488
0.008291733271328372
-0.05672657471293377
-0.08969879081125093
0.17330094852601757
-0.010456316480560585
-0.008023531980893839
-0.019282312932512036
-0.03222460229810403
-0.0714180301294004
-0.11721439355272964
0.06896770793113766
-0.18164203115854552
-0.2663604303025133
-0.04246678842724477
-0.21138215766965868
-0.4524012771822373
-0.04403702164134604
-0.10874617840463285
-0.17249863318871628
-0.013349123577949817
-0.1606251340377543
-0.1927574054330218
-0.3018431154805852
-0.28180614204680016
-0.1375327851366745
-0.076222710637181
-0.04184496944435401
-0.034406246666664475
-0.0015926001166721715
-0.012601882880061699
-0.029882549522852186
-0.01611502139377316
-0.027580886543871197
-0.04719670865134404
-0.07170816170051705
-0.10157323639898963
-0.1318231569676298
-0.15970681447211796
-0.14905280045715882
-0.14179714229095475
-0.1292465713605799
-0.11530006984494301
-0.1134499257243543
-0.12219261399110462
-0.1375059257071526
-0.08937325416932068
-0.06093752306773087
-0.05030588467024644
-0.059833728836551636
-0.0980826050786876
-0.1267499858151841
-0.127553474750014
-0.08702689489328369
-0.06749915230483072
-0.06601249180541141
-0.08706931685813227
-0.12500923552273988
-0.15855593377919433
-0.14897903017410202
-0.08488524608677883
-0.03144810250379021
0.024904525574246383
0.06406192276160794
0.07110733125412189
0.045368210969451844
0.038767961012357854
-0.01034514650841492
-0.06122556186350436
-0.11853081564308782
-0.16584240393700558
-0.20162377626863848
-0.1333306163248832
-0.09690153725892464
-0.05673825337220578
-0.014517560597860357
0.017322507818612748
0.031527241333231815
0.03169184541204073
0.059436481040515965
0.03451362404730693
-0.012774009893523341
-0.07750101314469543
-0.13497043065556186
-0.17696802102783363
-0.12682290520124817
-0.114368170325342
-0.11252472442281752
-0.1164795578447475
-0.12706790348061853
-0.12146265449941143
-0.08426080691155469
-0.02079438206916473
0.036850294221717345
0.08545742402749218
0.11574038522755903
0.12125271146351049
0.10746360385221643
0.08877060104290166
0.06388710111486728
0.04093413498848786
0.020393746951746228
0.005097989201370556
-0.007947214488808474
0.0008167068863623728
0.004346175638293426
-0.0009520272094165616
-0.028212821637136204
-0.09112893867832733
-0.12823500285563075
-0.07268135416495985
-0.07919572619059012
-0.12161767727514552
-0.14082394958027558
-0.17637075757732087
-0.15627722139025996
-0.18667373929698763
-0.14777425178168713
-0.15238422412839903
0.07905595153739203
0.01471258460348332
0.008788387198387787
-0.022790060099312226
-0.038745357718127926
-0.047524272376388565
-0.06860369105826228
-0.04019476694487045
-0.04268022312806111
-0.057879825475579405
-0.08263577905676292
-0.11848821758824471
-0.1559476379695704
-0.1840918169994564
-0.15685176043584673
-0.1445229150726908
-0.13211399396838686
-0.12767515297798182
-0.0537855647068855
0.026885327536643328
0.21775456853292185
0.0023457149073682904
-0.04406996219221637
0.009851653164153068
0.07233827654243546
0.20580297193282665
-0.00869941433839283
-0.031289313949952324
-0.06111521603624159
-0.09833203504403948
-0.14140187584765637
-0.17227372344912062
-0.15005417852937186
-0.08569040092483451
-0.026889330235598807
0.022527334460305526
0.10440071476686769
0.19831853149626072
0.41441679499484296
0.0767860053182999
-0.04076008821520427
-0.027501695116894376
-0.029099837954614516
0.09155864197790409
-0.029710675292943522
-0.02416190226668724
-0.02608784807408171
-0.03568178071547051
-0.05787184082771124
-0.032943776479662096
0.008886584742225229
-0.00578379207276325
-0.05147504798350522
-0.0064223106960348275
0.017661191284147337
0.15245873827483658
-0.0471551134630796
-0.08383397669862333
-0.12742163649576393
-0.1518515911680718
-0.1427013487137388
-0.09117055668971058
-0.02634161973199975
0.033223673995621955
0.07232370091785748
0.09658762803921514
0.10500939738065013
0.09540555459859337
0.0821920395587819
0.06254843017447054
0.04201133578702332
0.02063458586779976
0.0026606211029933657
-0.010779974750938226
-0.0025726521922808665
0.026939134521290764
0.16108210998843228
0.30266104305459535
0.15635498726529293
0.09179857419485654
-0.07354750386186312
0.21736623063512067
0.11938836113533663
0.11714948295146091
0.004260741636414878
-0.05498875563314937
-0.1032691332314789
-0.12426522696958306
-0.31677709229238404
-0.36809605139248136
-0.4033912487141547
-0.5053533449996243
-0.5562982547485881
-0.21633283860911665
-0.2574878602265466
-0.47524634833720714
0.028514430040746386
-0.25313256901491277
-0.20670362499577113
-0.18632564086530676
-0.1984282477744087
-0.06041568460068231
-0.02350255261371198
-0.026313156792882042
-0.04447723880387611
-0.06607162672564865
-0.09029680298835122
-0.08072482726649066
-0.0633140027955531
-0.07431351617667101
-0.10166466232169671
-0.14199145386810635
-0.182203385010362
-0.19442820114635398
-0.17010414293405954
-0.1477475152912977
-0.1332611772701811
-0.10644955134879508
-0.056354518921816754
-0.02767836495278231
0.009334814700017041
-0.006545829714068863
-0.013143417702532745
0.007390456391757755
0.02866555837399684
-0.009104771089769592
-0.023968475735784422
-0.04338981668298547
-0.07336754456104627
-0.12218123787727561
-0.18148779997008008
-0.23452703270573874
-0.1990240536435907
-0.10741147805070336
-0.04004201413267405
0.0018036929000109225
0.04501793344307198
0.04521029204093155
0.1785372980730747
0.07405053570012615
0.0059130572560156525
-0.03589827079171992
-0.07355598562055476
-0.10828561217044827
-0.05080751745432821
-0.040622613752404335
-0.04867927768150815
0.02371979120231016
0.10383517044374818
0.3280796031842678
0.06528902321815577
0.008953780672772138
-0.017124340376335756
-0.040891417530261875
-0.015295360780170075
-0.05524517731630693
-0.09056393041788152
-0.1346211049520854
-0.1619568924210174
-0.17208111335816914
-0.11734096987870563
-0.04734339417911598
0.009111023412236852
0.04143681913384725
0.06594711761784819
0.0693987980398067
0.07723691889516285
0.0729918074437172
0.05971063321788317
0.04135403342122035
0.019161206277283904
0.0003057454025895412
-0.017220847524085925
0.006793058404100383
0.047091616638257894
0.10320148059220019
0.18563397389815856
0.3505320285237304
-0.05187150035163762
-0.1819015967057143
-0.4149631107589245
-0.2886771635583296
-0.29191597883657994
-0.247958162718577
-0.23859447195707983
-0.24816644302961918
-0.21007288898507948
-0.07553367543484096
-0.05421626466412893
-0.06320342563793005
0.00629063548883757
0.08310708848253981
0.30175936246109175
0.009821145351770061
-0.061535499835686513
-0.134447895642337
-0.1827547589640964
-0.21226007836453967
-0.18521527623857156
-0.1571034157285789
-0.13290491645451166
-0.11261601442602895
-0.09365153920119634
-0.09693189789021991
-0.060899484403300064
-0.0338341535961606
-0.03021762845520859
-0.03807173884880333
-0.05280271778853318
-0.09215806151782246
-0.061858385437515984
-0.07146787336334032
-0.10707568456093497
-0.06888143386100082
-0.04380434512120557
0.08301095584199586
-0.03511864379938279
-0.011070520584773869
0.07985333879294176
0.20019386229981298
0.419332645437491
0.14599837219461315
0.05213051043650996
-0.05135527623567809
-0.13269172573698973
-0.19508301509610415
-0.09555115137106551
-0.06484673755528567
-0.04825166079108795
-0.005998072435669799
0.017934265536977134
0.1242315088616272
0.05824239724387892
0.009760273509864248
-0.03943083363835448
-0.08603085820431566
-0.10041722800776809
-0.09287336754196865
-0.11419562764789087
-0.15028240274140792
-0.18042300015261553
-0.1932054866015459
-0.148791463772905
-0.07136479978855054
-0.01445250541174073
0.018132304355764906
0.03518429950349081
0.031238020067293204
0.046708128639578045
0.05617943478820983
0.0499604410485624
0.0276560775648238
-0.002041599817706463
-0.03653338576115925
-0.022372691206271333
0.0025600313915255524
0.014100865419464093
0.022540178059773236
0.04468351130741344
0.08784364293841981
-0.07657789888526334
-0.03919148249377308
-0.10650016445326996
-0.012359320614914598
-0.07711984893568766
-0.06251218272829637
0.13529207320841813
0.00027140933394009803
0.005181374804579114
0.051532902282137305
0.09511772464817853
0.05668655284712942
-0.004446886877106926
-0.08226008922296177
-0.06203395190071265
-0.046759140180298586
0.08300030729364666
-0.09135033153103933
-0.11050778775062081
-0.049161619589162264
0.037506164025896266
0.19347848563457976
0.008364203475572651
-0.036119146617810266
0.047489809861411825
0.13900330346682394
0.25737586394303763
0.0027699607546485816
-0.035736297826316765
-0.06041512865154544
-0.07172169416810828
-0.09560200429225674
-0.03697855675114131
0.01609154366916138
0.07693693081268299
0.11289845320874153
0.11733443875108884
0.11194176399378447
0.02665956014739762
0.0005502134103584078
-0.045082750065333355
0.09521956960456074
-0.020942987498643595
0.054530504480383435
0.14224941100148797
0.33000896326798534
0.09412180354113744
0.005919543519629089
0.04087052547071646
0.051296768793965275
0.16051744886967978
-0.06903218438140041
-0.13979335577102944
-0.053197710504229584
0.043314328439858635
0.24564653153284127
0.053975264470687706
0.04322712199435641
0.022539179959741584
0.011310305021840633
0.014169353664224837
0.03573842016195858
0.04105311578861015
0.021253008342085322
0.27409301352097043
-0.09268440753764678
-0.121053435953489
-0.1649821955222608
-0.04674241372273541
-0.062297423449028666
-0.06477559783961903
-0.012487369707305795
-0.0379499246293237
-0.06596570236015648
-0.006662006688497035
-0.022957870431448008
-0.051592878663860725
0.3006126171110782
0.17401712323557472
-0.06153570102782363
0.4106801504451771
0.17808675636194995
0.12377606850872844
0.02306907956317772
-0.13586121435793866
-0.14405131173987673
-0.07390179524716212
-0.028431113251145557
-0.17990280504312145
-0.060644978526412235
-0.1987087470183968
-0.1682883845972999
-0.14008187032881814
-0.08057177753090616
0.016392505921138667
0.004441400134871376
0.005077968156205759
0.008207565764317137
-0.05675132564779001
-0.0353294618490968
-0.06482121718783568
-0.07405697841451994
-0.08903399538132059
-0.1025176066949704
-0.10059057949127787
-0.11170999530138948
-0.08883691739316621
-0.07234796565097582
0.011224483670393415
-0.010162997488576131
-0.016315028722389824
0.014871121902331474
0.0007077026386440033
0.03639570317528734
-0.009743976630425533
-0.04593326637809897
0.01119257706068022
0.05216445979398965
0.2128194325079702
0.08213797802851197
0.1467949613779726
0.18717090242018342
0.25669260853954684
0.195676933633602
0.16701186349495634
0.2814198141381427
0.11660560802846984
0.09456248627712466
0.07775805281970832
0.03933910366484078
0.050802082502087176
0.025026303657294247
0.01443297416700795
-0.012261459520018503
-0.09270344607064634
-0.09560907825494486
-0.09226176147892118
-0.04680229711592154
-0.026734690690568136
-0.03898778608908207
0.00895144773637127
0.01860695840048804
0.01510815469635482
0.024656663141988944
-0.016990389704537034
0.0130308724572617
0.01655096378969212
-0.015323237351417551
-0.059740348945512556
-0.14560325602590893
-0.104519274476772
-0.03083878949806884
0.11783214411058507
0.20607130994498749
-0.003832062503291156
-0.018324663313880052
-0.1990386267254271
-0.1333407147774869
-0.03623261757694646
0.17091582429272473
0.06742400883952004
0.1175727008659408
0.15225877153572528
0.31095787459619134
0.027481000924926002
-0.05930575944301672
-0.13568763911247464
-0.18056418287189374
-0.13750203394168756
-0.1518668317551497
-0.15775541640096868
-0.16967850701651882
-0.08170363031888381
-0.05849773144527365
0.04051866535202217
0.15221415560139506
0.2890479764045642
0.06166158733789548
0.001317983572166892
-0.030654464510018464
-0.05658283192489871
0.06942567979386444
0.14912723945022854
0.2809867469850977
0.509487132583806
0.2261072958501234
0.20389897133148066
-0.2070179514639664
-0.2064720573589246
-0.19176469906072857
-0.10005353649857968
0.12448168179763949
0.2978225829935219
0.06908168032304429
0.11683492946095123
0.11182928357239663
0.2038296979661941
-0.016602641114259048
-0.05536030287103283
-0.09645305318720612
-0.09887814450164525
-0.03966018762731477
-0.017346290806771747
-0.01806475081899156
-0.07566076249622217
-0.05224226532686976
-0.026102890427842917
-0.04916615976969407
-0.11276872335079874
-0.1509504161631349
-0.11419764334616375
-0.0004365333128605875
0.24682503504627584
0.33334542395925787
0.12466620888814839
0.08340256311752503
-0.0772037150661993
-0.06334713957472218
-0.22602249862790302
-0.20779555242329648
-0.21122700051382795
-0.13909324387265665
0.021872124781603663
0.03417335885426254
0.06411362798504461
0.06752583106676896
0.12303232412415502
-0.089067121572933
-0.040754673181043755
-0.0033807435426272403
0.16415452707385508
0.018391191064620338
0.059053553315808194
0.0792270920484539
0.020605270734617848
0.02164686017275999
-0.03389296861117566
-0.08810265798592606
-0.1413012380461523
0.022566927073938564
0.09857056489459531
0.12564286489932575
0.12119723667322446
0.1522644222533892
0.0916052450603494
0.051076775336909436
-0.04957232594068245
-0.029075487631159413
0.012530985228684094
0.00919983254938167
0.02824245241051862
0.023812514521435735
-0.006406394349484645
0.013798408062244416
-0.051299110173692736
0.02507457310132022
0.08835582828850608
0.16240066043338677
0.15217801952819687
0.1708115263766785
0.29018755055986056
0.04161560771312134
-0.04578459627414419
-0.14310372172112312
-0.18257522136834237
-0.08347887558772041
0.010328971133051756
0.05520888309684002
0.09385860219995157
0.16429388108808743
0.18129886773225024
0.010780938645354038
0.01856653083518567
-0.06523887284100804
-0.0683536267373086
-0.05527038829701264
-0.06340712304082452
0.012663353551438383
-0.017432689207447505
-0.07479381168426003
-0.07856668234784661
-0.07349567099134105
-0.06399171364598444
-0.05070682283009109
0.052358596028253546
0.1893242147520635
0.31625938878139886
0.042164666549704966
0.11906023184548947
0.11257066936633794
0.21807539237187298
0.21068400941731819
0.22725158172075127
0.38177816620226707
0.02788568108546538
-0.13391814142475422
-0.03514835758767723
0.02275594491521135
0.12371941528145622
0.3042403742729294
0.04546521113981461
-0.03284448185658123
-0.12495763732896695
-0.07973426917662618
-0.041076973869350886
-0.020387320437723205
0.05450467205199372
0.1042654996121449
0.1218056144343102
0.051934078917446475
-0.012169390133892621
0.02960542118531667
0.11242734539488819
0.2444730962984419
0.20656073084369148
0.35389960116873537
0.03877559024699592
-0.058055115440609484
-0.09416360220588671
-0.18252474339337202
-0.08427415110961956
0.012752393865139988
0.11480236299803631
0.3061546455683539
0.00853755681917312
-0.10150010769111831
-0.15041815920276896
-0.14616988011912704
-0.15361679859957955
-0.13230914759432458
-0.009912063701250223
0.06906168785826575
0.02962889506225197
0.023491847860996895
0.02499165496418515
0.02001678015152497
0.17594086290801975
0.38222436796503917
0.44158635789306844
0.2020953396364264
0.2535224529654176
0.10976023629801379
0.06343463060687254
0.011162530994222597
0.054123037644159544
0.0781614532548161
0.17671921956594436
-0.023542923779683866
-0.055246058470175136
-0.01298880243802189
0.03120902614531712
0.027740347424303757
-0.05217997093110896
-0.024038243351804656
0.002627273172407796
0.029042253583718702
0.12051708656939192
0.07778685486965864
0.07850556926857002
0.012324700705690084
0.11247179622828091
-0.14738486803430886
-0.164657868321324
0.02425465156615375
0.06037315085463124
0.08849041549748332
0.127544386492926
0.08637524287400708
0.007698665890705503
0.0998950130625259
0.2571336274049199
0.2241431940480361
0.37980781054957946
0.21260774485180517
-0.24819744790392326
-0.1722772711731102
-0.17158200978248966
-0.13831657256705265
-0.011111316194018783
-0.007794409854183781
-0.03135751206653742
0.09602256799943115
0.14990659008499357
0.3145329969665517
0.038995991143888076
0.006260504471475581
-0.07183331807435703
-0.11342534281162206
-0.09778598272674133
-0.06744515961514444
-0.08324863342149075
-0.08384764886492022
-0.05945841146935499
-0.06000605355458988
0.013580007882414424
0.12875474216594573
0.18465407159079045
-0.13640997471188424
0.005080329192761607
0.0359518062197034
0.25377039044776534
0.07916294247435313
0.008693461393967511
0.011078550310239799
-0.08651882639972922
-0.06329189456656573
-0.0470532818071602
0.06659926757178608
0.10654645326168874
0.13911409830758364
0.13852146589403147
0.11963267925622467
0.04923640452202935
0.14867113715831062
0.11461158506365504
0.2959392320731344
0.08320522923526322
0.06741660850652975
-0.05851632176418042
-0.16538860342850098
-0.07565679128253094
-0.021408043440153124
0.1930810412451922
-0.060943426210962465
-0.08641235300992367
-0.08586271771270554
-0.08971946661028782
-0.015793638498719786
0.06708872298406776
0.14653000536866717
-0.14355720416362475
-0.03307386811207666
-0.0313577042867301
-0.0024119064882463515
-0.008429854294699363
0.08797176124690054
0.08933560822205672
0.01748319944878368
0.16621472053014244
0.360954891487332
0.07286358402232379
0.11498991455774626
0.12427260860544409
0.20246920732786305
0.13849575929745228
0.1390773306269208
0.20335994472406166
-0.1520638487103458
-0.128997979659565
-0.0362281515005905
0.08498919146962242
0.1942379646458367
-0.07915567640756752
0.04005827449223176
-0.14405161340951142
0.7577805238266746
