-0.09616611731107144
-0.1416323761699305
-0.2533594688075261
-0.07002909330623308
0.15713633499696344
-0.31515449105491866
-0.035863479342198856
0.0019980341591552264
0.08736271546347055
-0.48895082838660203
-0.28441386558512455
-0.10466466024936741
-0.0757266044550968
-0.257221960948974
0.018439798651379707
0.1800542859716306
-0.004373486311688712
-0.1517656180117287
0.036259712335522803
0.2657929108459692
0.07826653230152608
0.15512465086503363
0.32799132398744546
-0.32400953342956895
-0.25801314025447
-0.18953820259749704
-0.1002059120832044
-0.039055131562410056
-0.060735154080528014
-0.2129975213593055
-0.08084073508125705
-0.007521697733337551
0.07118483577357004
0.11547862817200646
0.011407725037256983
-0.09605905080982441
-0.02198034825169226
0.0376802121025524
0.1167978437508578
0.20600123284088223
0.06854884002737219
0.07273549469870091
0.14635717717265892
0.2042666756592018
0.25269471086102446
-0.21421456539301914
-0.19483194324993902
-0.15486591038470193
-0.13348600137084776
-0.10002250127216158
-0.07615383822043922
-0.044726237488731946
-0.018161667962172667
-0.15134319349391842
-0.13042019549853956
-0.061693908368488926
-0.04483564115386557
-0.0032804205688190258
0.017606611789206805
0.034427915381327334
0.06644013350299863
-0.06375011247187895
-0.03919459049074148
-0.004951475550008522
0.013897578082148615
0.0446744176101109
0.07401239188768727
0.09568997004487434
0.12983969181350724
0.01688974491846823
0.05458811015651738
0.0837089920717185
0.10357557879290963
0.12523532881699287
0.14575803773761664
0.1617223001680268
-0.14439405178888698
-0.13236255978712155
-0.12104417635640921
-0.10570326887404016
-0.0943961244927749
-0.08144597957509381
-0.06961673545228891
-0.06145001895985755
-0.047306724478324846
-0.0375969971119558
-0.07962158078193796
-0.08138521368788634
-0.07584230931562519
-0.054237966712669256
-0.043720986782446736
-0.03676764411522537
-0.018739621201583068
-0.009153668731877868
-0.003475231282686342
0.011445382842372176
-0.0020018651719325153
-0.012892567534995708
-0.004831458911233044
0.01181181288604699
0.023486807902384776
0.030684967182733336
0.04488790599894224
0.05558981024234716
0.05860405647350159
0.06678330840587138
0.06272150187469461
0.04562534264807988
0.05720216026513236
0.062175831859844766
0.0715049800666484
0.08220449464746815
0.08512084662125996
0.0954350806216267
0.10077610617540977
0.1054905090184799
-0.10531481266255624
-0.08653712652298667
-0.06775600289294303
-0.0808795007598688
-0.07856330038183354
-0.07333719389381835
-0.0798884903897458
-0.07766914482680867
-0.07166412257351956
-0.07164978779352113
-0.07140837679421072
-0.06471560660464254
-0.07565016719500689
-0.06348409249105305
-0.053816738766234995
-0.06377140069656007
-0.05345531721636487
-0.036306998878359864
-0.037895828381213637
-0.04099513872052318
-0.015972825105584898
-0.008237638595560842
-0.001572628794902775
-0.003252504145274393
0.01429484101755002
0.021181517488260415
0.025264834271724324
0.017897023530197842
0.03785810015208321
0.04452381578412268
0.03176849362731243
0.035965490542823886
0.06472780835231534
0.06345251529452256
0.041441528065124245
0.08785426523313572
0.09471068154882842
0.07740715333158663
0.09725424477735431
0.10409736217516258
0.10377052380354551
0.09706320059786389
0.1036907448742029
0.10532802616118386
0.0898860215471145
0.1012472904594243
0.10778514585670626
0.07933137684022179
0.10863806477150378
-0.0860295229403199
-0.08138416804620019
-0.07672997248109797
-0.121236128767368
-0.10200973589266388
-0.09757525282986054
-0.09312238717596857
-0.09796353771222982
-0.0873273940315808
-0.08261999215491714
-0.07790279750705884
-0.07541037686151969
-0.06958195567050907
-0.06466053941161051
-0.070487319757572
-0.08182626598649281
-0.05628527489256824
-0.051319887556505184
-0.09736751674946503
-0.07752405861288503
-0.04275519472904388
-0.03785025464425884
-0.06797190305518855
-0.055808596291148926
-0.020420448968237193
-0.015481532652254354
-0.01053946541571954
-0.02541655936123599
0.004012050599458139
0.008998684026826353
0.013985345184186482
0.006695933288502487
0.001270048810329133
0.02273679009528115
0.027685765800031376
0.023265796199685163
-0.010591791161744801
0.026239508853676957
0.04714504884970827
0.04322525100551644
0.00567376099957162
0.04866531423072473
0.07173212425166497
0.0675760232466685
0.059637792381447285
0.07713634906633626
0.08214174383036149
0.08618565675186457
0.07244303389093973
0.07746701737767064
0.082497228645807
0.07933236912069222
0.06728163021286163
0.07755259655113964
0.0826428373780716
0.0716631212107531
0.06983612199740752
0.08952861389078359
-0.07186997445701004
-0.06810304085021424
-0.06433215865971287
-0.09552553426211294
-0.10088518735337115
-0.0865831706920174
-0.08279763945355623
-0.07900394419205439
-0.08595721980585266
-0.07142705939874858
-0.0675951936780235
-0.06375897887254026
-0.059918468224748334
-0.053685575739292474
-0.05100444722516986
-0.04715055353352843
-0.049571225806293584
-0.0677378754486807
-0.040564139012782274
-0.036694728405564786
-0.05432139994368618
-0.08068365914486342
-0.04537540475320623
-0.02723495182188257
-0.02334229808521604
-0.05053272338242126
-0.053593692337429444
-0.00931088743041375
-0.005422461098374687
-0.0015326096498818886
-0.0015465906768077908
-0.012068601319480676
0.014204278859251407
0.018071692126894745
0.021939117982142098
0.025806556282634563
-0.0020286996275623026
0.02815755424111499
0.032057354373058455
0.03595869100253973
0.02620381673002284
0.003286501754631438
0.031254327897528855
0.05120991616467244
0.055121997830308855
0.02539874363150313
0.02461435349051244
0.07051765407390664
0.07439359114709665
0.06631430454025006
0.06481277549779715
0.07834193677112175
0.0822494696243059
0.08615764519044222
0.08011973674392922
0.0786441714522107
0.08265927154702202
0.08667723402971145
0.08588840300079753
0.07464791217709044
0.08325337432099955
0.08738309216034523
0.09151728024611949
0.06712719731522251
0.08925216534820313
0.09324652037026704
-0.06905379149465277
-0.06604097130512632
-0.06302630981227103
-0.060009824731981076
-0.10822902712243829
-0.08179178883665594
-0.07867703384823316
-0.07555849767177686
-0.07243621844525469
-0.07947932626971563
-0.06722441759965253
-0.06415319247074364
-0.06107994822811463
-0.058004704633780185
-0.05395172850194224
-0.05272429437763293
-0.049034081716051864
-0.046019704248319165
-0.04300491225842806
-0.05606666976278554
-0.046944432777305534
-0.038158019771780405
-0.03514075492074997
-0.052728586717043086
-0.06129888151719498
-0.04125472183364426
-0.027047694849074155
-0.02397662323611688
-0.02996333011786062
-0.0422487783767897
-0.031207834522171962
-0.010249786139704675
-0.0071965520735020605
-0.004142645433188319
-0.001088072387415151
-0.016363312429256704
0.007223255127150885
0.010229210113943676
0.01323517114833625
0.016241138176643077
0.008230941510399131
0.005780451140174059
0.022119099914733598
0.025183547194264078
0.028248730346118467
0.031314642809019966
0.00999290441241002
0.015890880589583267
0.03844121243755952
0.043460071987203586
0.04653727955451048
0.03357286644801491
0.030356080951517705
0.05250561424756328
0.06017381922061374
0.06319087761862643
0.05213239602091066
0.06038512559757195
0.0665717606145165
0.06962281871928322
0.07267418933945738
0.07093334052494293
0.06926864285685272
0.07245126464191912
0.07563526883265448
0.07882064318895904
0.07879533557731758
0.07348031004446642
0.07843161874666993
0.08173851894649489
0.0850475506035124
0.08466087670217698
0.06958938369176909
0.079833174417792
0.08296607131889733
-0.05089701669117874
-0.04872811145259365
-0.04655851768852942
-0.044388240088603786
-0.06537555713442555
-0.0624610224542263
-0.05619535567799053
-0.053912013989731444
-0.051627264204777285
-0.04934111647546646
-0.05349679460210269
-0.0477767284716675
-0.04556610424982399
-0.043354712009802954
-0.04114255706539033
-0.03892964468329346
-0.03838878730669723
-0.03702654813974263
-0.03489310362235626
-0.0327594994747088
-0.030625736750868604
-0.03299252619055851
-0.03643199499312022
-0.02752062520232454
-0.025390332611158056
-0.024765233882666077
-0.029764349941986262
-0.032425483932399246
-0.018286015370314185
-0.01610123236244765
-0.01391605277935068
-0.013777031286824615
-0.015106168488538269
-0.012261226857474133
-0.0047677196207374095
-0.0026023867090016473
-0.0004367838403940283
0.001729087234222243
0.003003594819200317
-0.007649712733234504
0.008327983103556258
0.010445693817180968
0.012563406809468214
0.014681122066187574
0.01679883957315234
0.004550466109686652
0.019966658086043032
0.02259042654288862
0.0247651233000859
0.0269401183719431
0.029115409867071507
0.02669005861332646
0.03192350164413146
0.03557468801606456
0.037972302251272905
0.040156990501013234
0.03546487580576463
0.042908574451926695
0.045588211237041765
0.03836664262301587
0.035930317005188755
0.03665691979797964
0.030167597006035413
0.03711291497646846
0.038355177523034384
0.03959809147259144
0.04084165449158572
0.0404222077598676
0.04109213250202415
0.04233477310647771
0.043578156399113055
0.04482227972851541
0.04606714045418403
0.04727242243684329
0.04629814929877907
0.04755530852769113
0.048802045340862465
0.050049617687129566
0.051298022591874104
0.05254725709268063
0.03921284797244712
0.04899644862185151
0.05026517917844711
-0.02999797131540735
-0.029027200576368928
-0.028056061708418012
-0.027084555813932654
-0.03403145906664545
-0.030200148825507145
-0.029231818484032335
-0.02826296097856132
-0.027293577884312525
-0.026323670771115637
-0.025353241203366905
-0.027738266573573006
-0.025048771846257756
-0.024071482529555988
-0.023093751819853042
-0.02211558104109529
-0.021136971512578928
-0.020719480746927144
-0.024105863187655063
-0.019997765619273744
-0.019013738641897593
-0.018029353544378873
-0.017044611402625975
-0.016059513288656513
-0.029230699343054806
-0.01598564941969277
-0.014995626647847371
-0.014005410934024298
-0.01301500285892973
-0.01741624716700446
-0.01773698165460122
-0.011264225158517105
-0.01027128702849836
-0.009278278353958974
-0.008285199346810268
-0.007292050218135615
-0.015541962027197653
-0.006735760979366401
-0.005742292762203477
-0.004748809118985259
-0.003755310095835823
-0.0027617957387401915
-0.006815531784919726
-0.0033546618250035465
-0.0023626291644121555
-0.0013705959296789194
-0.00037856212249498533
0.000613472255418801
-0.006977561212336697
0.00006115971259296193
0.001050758474474972
0.0020403844693017703
0.0030300376164558995
0.004019717835647002
-0.0019136286450319173
0.0044427648712699885
0.00542976798405953
0.006416862882191038
0.007404049295780396
0.008391326956149608
-0.0047997104888769515
0.00860077408461668
0.009584019152878709
0.010567484702153074
0.011551170089323382
0.009762868369136424
0.00015398064111285525
0.01203172849130435
0.013012861535526832
0.013994359689404046
0.014976221893762132
0.01595844709312677
0.010493468145835183
0.016019157817597635
0.017002956357702187
0.017987171686150993
0.018971802595225684
0.01995684788139121
0.020942306345181627
0.019324455921811284
0.02105687519695018
0.022045467610831704
0.023034531520853274
0.02402406556079789
0.025014068369134806
0.0184343751716802
0.02234805733579287
0.023342823830958953
0.024337851295314628
-0.029112187005792267
-0.028211697758495358
-0.027310927942558738
-0.026409878336743353
-0.027665142352421845
-0.02946785799084986
-0.028563585406482517
-0.027658910815024362
-0.02675383533753406
-0.025848360091379335
-0.024942486190287216
-0.025407156682299703
-0.025272798218301945
-0.02362336976493018
-0.022713992840965314
-0.021804280005038867
-0.02089423219345271
-0.019983850339397036
-0.02125304163777958
-0.023751771627637253
-0.018875214947296215
-0.01796301570205161
-0.017050543641219107
-0.016137799523848195
-0.015224784106411537
-0.03148845553274604
-0.015183488079533874
-0.014272221765150861
-0.01336080830949632
-0.012449248119976442
-0.011537541602547607
-0.022078406049254873
-0.01090813545219782
-0.009998909575484605
-0.009089629818564704
-0.008180296329600295
-0.007270909256278241
-0.014602391267881931
-0.006857949715310674
-0.005950340550512356
-0.005042719580507782
-0.004135086837595697
-0.0032274423539127572
-0.0023197861615065207
-0.011733397653607702
-0.0030431464534091957
-0.0021374043230276696
-0.0012316617562611876
-0.0003259187542595243
0.0005798246817775854
-0.01210799534607454
-0.00010753973759713986
0.0007970075952012934
0.0017015757396555975
0.002606164639401831
0.0035107742383477802
-0.002295812457103197
0.0009888841538865933
0.004680707518273097
0.005585413968030861
0.006490190498158049
0.007395036919839032
0.008299953044934028
-0.004006835941117726
0.008359182884129512
0.009265422108194199
0.010171829931139575
0.011078405899555277
0.005986901486605967
0.0024245952034684937
0.011428282255216415
0.012338112134607088
0.013248221518786657
0.01415860965527399
0.015069275794020454
0.011086441085942644
0.014823789657853192
0.01606124693773192
0.016975720615372558
0.017890512764287964
0.018805622526575638
0.01972104904718247
0.019057052457398665
0.019398225304001204
0.020837171289273815
0.021758024477007004
0.022679238235245036
0.023600811590472337
0.024522743572291672
0.017944403063662462
0.02189812913412803
0.022816389490751543
0.02373484958559255
-0.019255097627224882
-0.018180928693200676
-0.017106403638529055
-0.016031523629899402
-0.014956289829289315
-0.02742863088953204
-0.01836678519517243
-0.017280195369122897
-0.01619310099582688
-0.015105503746004889
-0.014017405283754253
-0.012928807266609221
-0.014465138755357376
-0.01243421886378715
-0.011344354869040063
-0.010254070919617497
-0.009163368401816918
-0.008072248696386897
-0.006980713178539183
-0.007850318975413384
-0.008551093934797416
-0.005743294626600753
-0.004652426362749262
-0.003561220147421801
-0.002469677089699529
-0.0015227791048964823
-0.008009960390207571
-0.0017225192333411576
-0.0006397991384955726
0.00044310231461314187
0.001526184537692099
0.0026094469449243485
-0.0005639368814970569
0.0029935454434686093
0.004068305984372134
0.005143132282788426
0.006218024127971344
0.007292981310108304
0.007970451382935395
0.00018341008415939664
0.008615664974446352
0.00968585635389152
0.010756061617997748
0.01182628072274039
0.012896513624238992
0.007881494349943063
0.011809474780226648
0.012876353458481649
0.013943232848917242
0.014439786106241609
0.014226491700950333
0.014051667127993883
0.00608793211639036
0.014104217953758713
0.01392953276471709
0.013754850280890407
0.013580170503650624
0.01340549343439551
0.013191778665815612
0.013827884195454221
0.013651946211603871
0.013476016855148432
0.013300096130602346
0.013124184042397763
0.012948280595100892
0.00862451597624117
0.013449444962773394
0.013270904421006924
0.01309239314753935
0.012913911157854119
0.012735458467433014
0.00952841170111296
0.012245894834848059
0.012069066121197514
0.011892250111071312
0.011715446811054464
0.011538656227862154
0.01035631936837339
0.010174077347601257
0.010278867796354313
0.010103860542848564
0.00992886290801187
0.009753874896883119
0.009578896514478852
0.009403927765733178
0.007700000469832435
0.008676045306905272
0.008499751783904996
0.008323515017440025
0.008147335037264475
0.007971211873158274
0.0077951455549006565
0.0020744611814565994
0.008785548516024033
0.00860986352735127
0.008434229326311216
0.012452873121246572
0.01227296208467954
0.01209310768978275
0.011913309966751495
0.011733568945806044
0.0036707295171493903
0.012515503507058712
0.012336342322219473
0.012157230631124893
0.011978168460053396
0.011799155835293396
0.011620192783158706
0.009753013653013981
0.010931577913379509
0.0107555241795243
0.010579476633918311
0.01040343527981602
0.0102274001204411
0.010051371159034705
0.008588544433731082
0.0071718905151541
0.008803639497543536
0.008628810440136914
0.008453999606797685
0.008279207006989253
0.008104432650225535
0.0005607367368543059
0.0077449940491849945
0.007570236198763264
0.007395507360931919
0.007220807550780278
0.007046136783434576
0.0023566912451886135
0.00760865486838444
0.007433172118305603
0.007257696880733355
0.007082229159570547
0.006906768958779286
0.006731316282273525
-0.00005502492238448897
0.0070888745768152295
0.006912839039617813
0.006736805676376689
0.0065607744882575925
0.00638474547639184
0.0016825513132227854
0.006431209159641071
0.006255657992117469
0.006080106860537615
0.005904555764924269
0.0057290047053205895
0.0055534536816899405
-0.0029024163499932754
0.005616179640691443
0.005440901897822148
0.005265626952986602
0.0050903548076394745
0.004915085463224195
0.0026478855021838665
0.005284534331455315
0.005108287768197384
0.004932050127415821
0.0047558214138240795
0.004579601632065944
0.004403390786905381
-0.0027792336856262423
0.004801806451934509
0.004623961952301414
0.004446147731389516
0.004268363805303987
0.0040906101901355685
-0.004134017145615981
0.003657216000311214
0.0034802739421485596
0.0033033450235353534
0.0031264292513555336
0.002949526632596705
0.0010415036319369464
0.0008951802785681084
0.0017673166196092993
0.0015920578044689715
0.0014168089381631777
0.0012415700259703344
0.0010663410731233391
0.0008911220847773738
-0.0010397591520938665
0.00015080959790317316
-0.00002340282680646233
-0.0001975565440909266
-0.00037165152327114925
-0.0005456877336731947
-0.0007196651445823266
-0.0051308212999059966
0.0002834991596381564
0.00010960353491795694
-0.00006423955946743831
0.0037929736108389955
0.003615844696020498
0.0034387739013096164
0.003261761257483259
0.003084806795317363
-0.004291635739883531
0.0038836681496917658
0.0037069378844367673
0.0035302584005084126
0.003353629724726359
0.003177051883933024
0.0030005249049760985
0.0009709410136557461
0.002400158111635353
0.0022244082728245518
0.0020486647816314596
0.0018729276414186646
0.0016971968555289096
0.0015214724273004965
-0.0006693877418995076
-0.000772019960868231
0.00034559243307585863
0.00017165826156906316
-0.0000022572196622938634
-0.00017615400086989919
-0.0003500320722786554
-0.008054989134225338
-0.0006970716170219549
-0.0008704048218535765
-0.001043708272573246
-0.001216981953696683
-0.0013902258497131004
-0.008522882015684075
-0.0008935344134156087
-0.0010686482376712214
-0.001243754355972071
-0.0014188527642811088
-0.00159394345851549
-0.0017690264346301166
-0.007795851531228609
-0.0014463243130793946
-0.0016222530848675198
-0.001798179626463503
-0.0019741039366613644
-0.002150026014303974
-0.006345905999257523
-0.0020829807176532544
-0.002258530119723101
-0.002434079484926188
-0.002609628813224907
-0.002785178104593028
-0.0029607273590592786
-0.011883130061115244
-0.002881541583873437
-0.0030566819188487804
-0.003231819383645307
-0.003406953976725774
-0.0035820856966289893
-0.007641541890533454
-0.003253061960050707
-0.0034288703201154624
-0.003604669526431764
-0.003780459574148215
-0.003956240458438953
-0.004132012174410393
-0.010958711010778666
-0.003788485544661546
-0.003964842844501326
-0.00414116907557327
-0.004317464221339634
-0.004493728265285435
-0.012203010817568721
-0.0049092137201697805
-0.005085510424730211
-0.005261793647436952
-0.005438063381186797
-0.005614319618790775
-0.0067945194410740095
-0.00807702796333673
-0.00672118210023942
-0.006895952317065579
-0.007070712327783002
-0.007245462126933
-0.007420201709116281
-0.0075949310690279215
-0.009057035874684843
-0.008230319349270543
-0.008401648925694116
-0.008572918293982684
-0.00874412742292524
-0.00891527628134825
-0.009086364837993105
-0.012184591615286566
-0.008089438866691334
-0.00826075501596718
-0.008432017293569238
0.016165877126833733
0.015988756036225127
0.015811695315098157
0.015634694995027565
0.014099114593377204
0.01591718079736848
0.01624550765818883
0.01606842091249533
0.015891386913375327
0.015714405688388305
0.015537477265139404
0.014782623305794884
0.014648325792281786
0.014739708666278717
0.01456136548971615
0.014383028907041101
0.014204698921753134
0.014026375537320585
0.0138480587572265
0.01228189259525142
0.012942912785501859
0.012766973079423732
0.012591052755562687
0.012415151824004822
0.012239270294871207
0.0061371245945977815
0.011596244250644261
0.01174889340948837
0.011574130521094517
0.011399398506016789
0.011224697380314008
0.003330603397070503
0.011593541580565275
0.011649802383739416
0.011339583199320852
0.010829690681301851
0.010319810292529208
0.009809942051400011
0.005064936285987809
0.010264734347268517
0.009755279204223671
0.009245827840892451
0.00873638026302248
0.008226936476336821
-0.0018637913081866186
0.008729426854250516
0.00822083971414811
0.007712252667581299
0.007203665714677343
0.0066950788555814045
0.006186492090423934
0.00514821526693493
0.006670005493814302
0.0061613367651541795
0.005652673716054768
0.005144016355123071
0.004635364691050886
-0.0029780641886886783
0.005088440060751348
0.004578609473636086
0.0040687918762599695
0.003558987288370674
0.0030491957297990036
-0.002774121270846669
0.0008675879552358379
0.0030408880972251917
0.0025302937470020326
0.002019709974227929
0.001509136795085908
-0.0016073805527580531
-0.0036552732760258833
0.0006506183650517583
0.00014173899424818615
-0.00036714012710589716
-0.0008760189986456446
-0.0013848976200013519
-0.004224055222430134
-0.0037192143138781164
-0.003126391135508111
-0.0036367960773095453
-0.004147152126206949
-0.0046574592071026155
-0.005167717244568548
-0.00642368617639999
-0.006937232925119108
-0.00672278665574344
-0.00724101432029195
-0.007759052303336067
-0.008276900307584711
-0.008794558035351008
-0.014825575368997701
-0.0066712322958426
-0.007184957410900361
-0.007698547525214344
0.02048427860806251
0.019943447275657805
0.01940276978030342
0.018862246366909002
0.010161070038446074
0.02047267186249299
0.019931546711380588
0.019390594040176318
0.018849814123606812
0.018309207236905933
0.017768773655797154
0.016005537965050054
0.017268148194040933
0.016738129507790356
0.016208145950651204
0.015678197577629616
0.015148284443805837
0.014193424645578545
0.00946817710453629
0.013616793187894438
0.013090919825254344
0.012565048711188215
0.012039179849187703
0.011513313242780543
0.00336883172708774
0.004976367561034395
0.010725697697591685
0.010199779291602401
0.009673875299191781
0.009147985742899295
0.0040156207254814225
0.002565863905816257
0.00910498505399926
0.008578052376951584
0.008051133337958205
0.007524227958412566
0.006997336259775694
0.000007254417944552172
0.0074457027866253744
0.006918818707609825
0.006391938889469817
0.0058650633388722395
0.005338192062540603
-0.007820694127535777
0.005861705506670506
0.0053355288159773195
0.004809352229674657
0.004283175747926415
0.0037569993708674865
-0.0029523373742168513
0.00422660380522244
0.0037006165960470905
0.0031746357724962704
0.00264866134460251
0.002122693322437752
0.0015967317161119654
-0.0030565070318575027
0.0019845352182666642
0.0014577299854796888
0.0009309393971798641
0.00040416347655600204
-0.00012259775322293054
-0.011012965505128591
-0.001715489744331944
-0.00020640627795262545
-0.0007341144129172084
-0.001261810608302466
-0.001789494845199635
-0.012159299715308602
-0.007941910583846024
-0.0026225452558339968
-0.0031490138421783054
-0.003675482145576725
-0.004201950165597379
-0.005575341987402727
-0.009974715340311524
-0.006019093847338675
-0.006544717500420738
-0.007070286078763588
-0.007595799494846955
-0.008121257660996528
-0.008646660489364522
-0.011905556717970306
-0.009958952344291117
-0.010485589321549832
-0.011012012371539037
-0.011538221152466721
-0.01206421532196661
-0.021164588656465283
-0.009818336136062367
-0.010343056359432695
-0.010867624381949992
0.017375463029295768
0.016818350889810235
0.016261415642420812
0.015704657578123893
0.010913699401667587
0.017310440568959473
0.016753982443470372
0.016197722677603055
0.015641661597288053
0.0150857995290396
0.013738236941854137
0.012987191622678695
0.014328696141362729
0.013776903916023209
0.013225152066074497
0.012673440657510748
0.01212176975646767
0.008254973713184843
0.007550732689691753
0.010675751051552329
0.010126622672669838
0.00957749687826151
0.009028373672558543
0.00485377408684845
-0.004725443366016546
0.008198665444743292
0.007650094469762447
0.007101540041576093
0.0065530021872114985
0.0060044809338234695
-0.005590789635583904
0.006422821745789287
0.005873154860707025
0.005323503639571847
0.004773868108068902
0.004224248291956334
-0.0019571322348765907
0.004648147907439504
0.004098063365333693
0.00354798371878573
0.0029979089758268296
0.00244783914455704
-0.011335828467224085
0.0029873513324313317
0.0024377970876748867
0.001888242962882758
0.0013386889582525652
0.0007891350739658298
-0.01100151645156408
0.0012614046124526102
0.0007123653105406413
0.0001633333493275546
-0.00038569125910353774
-0.0009347085026284452
-0.0014837183690948053
-0.008016027959881766
-0.0011424267855400516
-0.0016919009916599448
-0.0022413583544013405
-0.00279079884596814
-0.0033402224384240786
-0.015994665136829095
-0.002959990993020023
-0.003510556795728592
-0.004061108881335401
-0.00461164722705687
-0.0051621718100486325
-0.021011109474675382
-0.005454620355417883
-0.006004470621080449
-0.006554320561625859
-0.007104170176482766
-0.00765401946511729
-0.011711019316606175
-0.010731780696999205
-0.0094434566596302
-0.009989622583870539
-0.010535725102490123
-0.011081764110458248
-0.011627739502554912
-0.014281580244653869
-0.012879569938605562
-0.013418880620246765
-0.013957945387781667
-0.014496763837683335
-0.01503533556568834
-0.019655692263275126
-0.012782652251366045
-0.01332303487659725
-0.013863242518964564
0.014500855183773587
0.013927158338004203
0.01335366534970156
0.012780376565175028
0.008020321165150418
0.014424707994896563
0.013852779468932208
0.013281079547369512
0.012709608617345325
0.012138367066746036
0.01006586185911873
0.011218590818510427
0.011336729985310517
0.010761865361639256
0.010187047286460416
0.00961227583929608
0.009037551099817798
0.00305154409638117
0.007579754104186931
0.007597513820313817
0.007023557069525538
0.006449603299244905
0.0058756525145779726
-0.00395961163606795
0.0029261143334088913
0.005030522773391277
0.004457847442676521
0.0038851911997533906
0.0033125540773371043
-0.005889368210827695
0.003660392373459609
0.0030865116178370455
0.0025126489099930316
0.0019388042809220796
0.0013649777617202874
-0.004019084217899288
0.00173948137189045
0.0011646368884223046
0.000589798048118706
0.000014964860690497295
-0.0005598626640981874
-0.012439478159474715
-0.000014847926278899193
-0.0005893728383098151
-0.001163897611996395
-0.001738422247140048
-0.0023129467434963857
-0.015626345798288865
-0.001823649551847134
-0.00239727879777496
-0.0029708995772839697
-0.0035445118757217176
-0.004118115678488632
-0.006245597588891705
-0.00869326892621633
-0.004379902743033293
-0.004953513362135342
-0.005527104545517275
-0.006100676259546828
-0.008164728888912648
-0.012195711686642519
-0.006368534597160774
-0.006943439502722776
-0.007518328571467364
-0.008093201775871417
-0.012426941937041802
-0.014026452820670998
-0.00897590520504421
-0.009550729258971102
-0.01012555293736922
-0.010700376239601156
-0.011958617367406471
-0.013682523993334972
-0.012332040213139939
-0.012899922096790695
-0.01346773088811648
-0.014035466460877583
-0.014603128688496503
-0.015607552432504446
-0.017484819663902
-0.01596295250951618
-0.016514411428215636
-0.017065586694707258
-0.017616477831571414
-0.01817298911254428
-0.020887822467935968
-0.016065911462981308
-0.016622028995144783
0.02331576800095103
0.02276985396583886
0.02222413977962384
0.021678625762538983
0.015724045900044337
0.023250572595840124
0.02270740973540658
0.022164470797444713
0.021621756138959225
0.021079266117577378
0.01897259396712231
0.020509513591756845
0.01995506783109946
0.019400667734137955
0.018846313375406598
0.01829200482959925
0.015476296802881817
0.017192504214121884
0.01688070610462139
0.016324997539349517
0.015769291820291048
0.015213588952117385
0.009541198217882796
0.014914215436400285
0.014370047225490817
0.01308806139665969
0.0118060828604441
0.01039011602796916
0.006808493160873619
0.011239703002569879
0.009954061131059039
0.008668451472321065
0.007382874149659824
0.006097329287030884
-0.0019380874551142013
0.00704950570271895
0.0057645324929857245
0.004479582264867721
0.0031946551066446005
0.001909751107116997
-0.010936599359980398
0.003694868190471795
0.0024133338798890125
0.0011318003096813523
-0.00014973251729000214
-0.0014312645981849614
-0.011016478075523695
0.00021673874607774923
-0.001065632108493697
-0.002347968291385588
-0.0036302696687404157
-0.004912536106003451
-0.010104241359297494
-0.004034375878521901
-0.005317166448179367
-0.006599920299727724
-0.007882637290822225
-0.009165317278209684
-0.012832855889017697
-0.008465927530046102
-0.00974822562955946
-0.011030519494645286
-0.012312809108748768
-0.013595094455349094
-0.02292343530405555
-0.015015047327227304
-0.015056270982268943
-0.016337640259719705
-0.01761900781928477
-0.01890037365429531
-0.023541161468509375
-0.021159492083950848
-0.02162826451509725
-0.02291222427614273
-0.024196057118910652
-0.02547976254178491
-0.028702702496437443
-0.02712888792600565
-0.02813181354876987
-0.029427604065116186
-0.030722911646914458
-0.03201773435543315
-0.03671710034217526
-0.02848421990760769
-0.029769269374615437
0.038765264853758696
0.037370707682174986
0.0359764427621824
0.034582471275357574
0.029177880586872262
0.036925663530736896
0.03552626499491729
0.03412730246774395
0.03272877772111993
0.03066941320009675
0.03232448820088968
0.030945526477972468
0.02956665231837116
0.02818786607437812
0.02470835351108175
0.02202652900767793
0.025707850631313117
0.02433620770718431
0.02296456505466074
0.021592922674832926
0.011783197451137872
0.015075914747883501
0.020034407289301892
0.018662768001093677
0.017291137909054427
0.015919517050432125
0.0048308757973744565
0.016344095919976764
0.014969842926408072
0.013595631065675268
0.012221460505295878
0.010847331413705863
0.003960263692096289
0.01166259891153501
0.010288626907105358
0.008914684361295833
0.0075407713946246124
0.006166888128255887
-0.004631188379573964
0.007932356000997925
0.006560887513123448
0.005189419916680482
0.0038179532153384543
-0.008124153076746743
0.005310178348649497
0.003939373300885229
0.0025686120800116896
0.0011978948659935318
-0.00017277816012212233
-0.0069467231441167065
0.0005304765109345744
-0.0008406484348419396
-0.002211726822793081
-0.003582758460763391
-0.007535706241286744
-0.013602848156530484
-0.004419044243021419
-0.005791131243004788
-0.007163212814838282
-0.008535288936034613
-0.019310115417606744
-0.015207575484946362
-0.010210914726671017
-0.011582172080824571
-0.012953427333088907
-0.014324680474788187
-0.021529179304003165
-0.01696976773073594
-0.017328851366112674
-0.018697078139150725
-0.020065143780667594
-0.02143304761484416
-0.02501773512778499
-0.023228063597146575
-0.0245925964758531
-0.02595651621933287
-0.027319820248316584
-0.03240028756002877
-0.02369374773997429
-0.02505678006115078
0.03353508880444292
0.03200611663652847
0.03047754670190861
0.0231037283397309
0.032671944136271336
0.031144174216536924
0.02961700268945766
0.02809043222169294
0.025145694066312785
0.026711435315497356
0.02649123435994341
0.02496960676545007
0.023448099914083476
0.02036851710760179
0.014678111324681886
0.020835365125675964
0.01931752548227611
0.017799686212382204
0.016281847317675957
0.004126483460162034
0.011195962932335213
0.014425590804315602
0.012908191303815514
0.011390804478489114
0.007287812058483778
0.0021039097889019587
0.010085424154188671
0.00856670746388899
0.007048047580359429
0.00552944476099354
-0.002846702446716587
0.006231192088088783
0.004712183810387516
0.003193216119962705
0.00167428920143875
0.00015540324058899158
-0.00992233529064579
0.0019383131377145868
0.0004206967703146436
-0.0010969183667283722
-0.0026145322678081118
-0.010887053832873417
-0.0011278487444679741
-0.00264262549580091
-0.004157341674491805
-0.0056719970037087675
-0.012558519724404499
-0.005100935739131007
-0.006615976742362639
-0.008130953549123077
-0.00964586586476357
-0.011160713392893151
-0.023399917217715588
-0.010833370788905783
-0.0123514516470416
-0.013869525002059152
-0.015387590819259944
-0.024314079237083702
-0.021272850191134673
-0.017343464097005767
-0.0188607873432918
-0.02037810767754389
-0.02282594232666496
-0.028373468898309773
-0.02349965224928821
-0.02500599203715481
-0.026512109212283308
-0.02801800273982552
-0.030982574494902715
-0.03037162342833105
-0.031007888510767856
-0.03248739665243222
-0.0339660534394641
-0.035547428134662384
-0.03055955300118901
-0.032051276095002995
0.0420748371014501
0.040529270412301976
0.038984176737369425
0.03519139291835338
0.041014709780353986
0.03947882625539162
0.03794364454619975
0.03640916777147549
0.03519379817545937
0.03600548872909781
0.034454448326441955
0.032903549864472664
0.03098466414039769
0.027572767124283415
0.030162707842456282
0.02860997105554028
0.027057234633036248
0.025504498576590373
0.016025140419057837
0.02500091628737683
0.023449091529348653
0.02189728127914306
0.020345485602944885
0.015500479086182628
0.020323184147130746
0.018772055401815035
0.017220993133666845
0.01566999764725352
0.008787833270495066
0.01611332980808136
0.014561266800091621
0.013009251563272373
0.011457284317518968
-0.0038282967182109995
0.012980946897814538
0.011428443841429714
0.009875942051628811
0.008323441534315856
-0.0004955518730873076
0.00967716107007674
0.008129722591224825
0.006582353463355645
0.00503505400671081
-0.0019643768156074604
0.00536664501177439
0.0038191454453166684
0.0022717196770991044
0.0007243680493995708
-0.0010093149507456323
-0.0016682466199367807
-0.0008611086680662683
-0.0024137535483191586
-0.0034338161320984772
-0.005169565912605811
-0.010602919897987617
-0.005956655193913862
-0.009088990968421085
-0.012278662729048873
-0.015468329191116459
-0.018290713017790616
-0.01754107427178353
-0.020638305433273024
-0.02382866734300909
-0.02701901154498143
-0.031067099190874303
-0.028382902198952342
-0.03157489285877765
-0.034767651101357266
-0.04465365707252589
-0.031787249129287126
-0.03497699645561028
0.05892531324603725
0.05615145562909679
0.05337759864769365
0.05327488384805401
0.0551116190696771
0.052334856083968845
0.0495288898188706
0.04819107019550184
0.04782180919456397
0.045049090934228264
0.04227637296988329
0.03652758699505182
0.040348266350608425
0.03757745144835192
0.034806637706450705
0.031570787730906824
0.025912191469674162
0.031117818771929373
0.028346930469301534
0.025576043184600272
0.022470950810861562
0.02049897647836585
0.022494748669430187
0.019721759256552396
0.016948770959191728
0.014175783786500584
0.015046093573063274
0.01514838741652244
0.012373919743746548
0.009599454261840501
0.006824990988935908
0.004734093992374705
0.010782825664812368
0.008012344224969659
0.005241865862608969
-0.007685100553314339
0.008688867618828755
0.005916671698408538
0.003144491643178593
0.0003723275850661678
-0.0030556694923170036
0.0011229166292175963
-0.001648204783286089
-0.004419316977061494
-0.007190419874915366
-0.012493183624262272
-0.007516642485883296
-0.010287239349136279
-0.013057833791735585
-0.01582842579323812
-0.016990556863203665
-0.016869736809056735
-0.019640290503765423
-0.022410841310717966
-0.024681794334318885
-0.025240040388856966
-0.027251949970549805
-0.030023108697642548
-0.03279425516931195
-0.03587804948517487
-0.03443425413857837
-0.03720742337482291
-0.039980566070281776
-0.043948341333888696
-0.037987563714971806
0.06397465413935932
0.0606183155070536
0.05703462838140938
0.060793246645067245
0.058454089541188636
0.05509437049973781
0.05191242179396399
0.05271699915082487
0.0493620234804068
0.046007048327923045
0.03875177441186317
0.043346069656683694
0.03999343703706221
0.036640806458807657
0.030619002073999507
0.031476587325995065
0.031665842768482944
0.028313115653503945
0.024444156863593358
0.01879678389624384
0.023932903437057784
0.0205776375518682
0.01722237363792123
0.008962064368051581
0.017629944656319674
0.014272937550064702
0.010915934303359909
0.00755893495477597
-0.0010706514825986613
0.011446956546567882
0.008094815272143285
0.00474267944833448
-0.0002239938180496892
0.007870054226609136
0.004516435914109496
0.0011628458256446317
-0.004562984208516807
0.0014113251399246185
-0.0019413109368987547
-0.00529393066774464
-0.00864653388670325
-0.014950014588310245
-0.00960132206280745
-0.012953631674308963
-0.016305936962580647
-0.02382907731419026
-0.019763694379215935
-0.02141158728208359
-0.024763820395367758
-0.02862781022523908
-0.02903496245162354
-0.0310195600429429
-0.03437209226842347
-0.03993761558789444
-0.03724742790852831
-0.04020395037212604
-0.04355823222129171
-0.04654373892432284
-0.04189793671590114
0.0701095164591245
0.06596593636451736
0.0606485501643475
0.0663539126197954
0.062206372224408724
0.057529933126717336
0.058091545701355746
0.05474686497675324
0.05060494270461055
0.04341767809615843
0.04689923006237828
0.04276026593618337
0.03729885189505358
0.029752160162630215
0.03598745277626922
0.031848360147046784
0.02744787856843789
0.018980051846222146
0.025654968593955274
0.021512750384784923
0.01737053587468576
0.008849661802724645
0.016936828642687696
0.0127925456162932
0.008648269884266035
0.0003707161308597051
0.012301726007299396
0.008163515416167305
0.004025315079359132
0.003437930406978429
0.006634720035543773
0.0024956915550761183
-0.004958021418452613
0.00077434529115461
-0.002170325673806761
-0.00630865070163536
-0.010446944563943794
-0.012995538110826266
-0.0123329854822464
-0.01647144949137702
-0.023768207171399325
-0.02470482313242303
-0.023383279971582183
-0.027521615623123802
-0.03311621765458017
-0.0335131079835671
-0.035715052725011215
-0.03985301565007676
-0.04429500475416154
-0.04348104696294805
-0.047620081869361036
-0.05013715025484672
-0.04653679753650275
0.0777215213481286
0.07247738601504045
0.0677229501979372
0.07163043954028156
0.06638167959148594
0.06365366815556855
0.06165344007584478
0.05641135859246249
0.04987555593238602
0.05116923221275743
0.04593101105810252
0.03554871184452357
0.03908836842840352
0.036561173556287074
0.03132277460865557
0.02131229425490877
0.027752346242457537
0.02251000184655072
0.01726766492789869
0.011754758013482886
0.015552137824939999
0.010307333487598047
-0.0011551977891410825
0.013436754893849934
0.008199748028663023
-0.00979436094298472
0.009964611784422095
0.004728263731755278
-0.0005079767203848562
-0.004245910426275978
-0.002256773125568906
-0.007493080278818259
-0.016607425062459408
-0.015071347752580455
-0.016031659530868214
-0.02126906241261703
-0.030642972661057144
-0.026546669389339583
-0.030786182784931365
-0.0380313377915166
-0.03889956442534592
-0.04172397596356736
-0.04695934184770517
-0.0494067574789743
-0.052216223418509455
-0.062011227918390144
-0.05211758104035513
0.08741596559179166
0.0805666379647832
0.07666090481468019
0.07776372580961033
0.07183234697838645
0.07081985877079033
0.06397313093076451
0.05479435025148055
0.056379281344507565
0.04863719238943409
0.037248214369189764
0.04310000911634304
0.03625827319255953
0.025868761310773453
0.030358823374563443
0.023511965412172653
0.01357520905024695
0.01977562555186843
0.01292582326173089
-0.003994557719987357
0.015004687926948035
0.008165306470557798
-0.003939904316465764
0.008522061419958538
0.0016869352899595569
-0.005971072657033616
-0.002041886046941499
-0.00887874179213946
-0.01995829046744349
-0.017851375031983363
-0.021250696733767782
-0.032034031532555685
-0.034433665358313825
-0.03468516726228513
-0.04369681461212582
-0.04567617659491652
-0.04967616677506809
-0.056658159763725846
-0.05733965537567359
-0.06416948453650845
-0.06848242680171313
0.10018003950573007
0.0855000334801026
0.09413069391155687
0.08386674079389686
0.0831276956305721
0.07422410496797593
0.06368320235307548
0.06283602590154952
0.04706573141178616
0.05089698740830234
0.04334550171417359
0.032760665699987646
0.033676315796205
0.024357578371574096
0.01916776787255728
0.017266252646163105
-0.0007157149948334995
0.01728515821632498
0.007977654069313833
0.0045383939183274435
0.0058970680516666485
-0.004861652368139124
-0.003720496397698475
-0.010486100744190319
-0.02238887496799319
-0.021103660963987525
-0.029020117235359633
-0.04347306112062674
-0.039361648510390784
-0.05062954453378801
-0.054799432430302636
-0.060671845408862835
-0.06809570998260156
-0.07207672947707328
-0.08012076049417449
0.11773870331719005
0.1034914855793008
0.10589877614302717
0.09760676466566018
0.08889905994514335
0.07724337097832434
0.070934571499007
0.05429840197745936
0.05423973432388415
0.038984618154653816
0.038017709841537684
0.020559927196580896
0.024972067837328443
0.011550973248560803
0.0017502130842751706
0.007443038482840281
-0.003976367040126605
0.000882064100576202
-0.007386600639965879
-0.01227509103885388
-0.029607525873648344
-0.028050915376780505
-0.04486158036302215
-0.0499539308459504
-0.05970092631043436
-0.06762006673599358
-0.07753406195068965
-0.0831254796090343
-0.09288888169010093
0.1433954996424172
0.12915961381495977
0.1226525606900522
0.111618910084334
0.09706722224652325
0.07835495390678238
0.07203266020590002
0.05056408763827208
0.04386655156424418
0.023092600425175802
0.01912789468132392
0.011323794202883347
-0.00532804545582008
0.011276288624109398
-0.00820044173940368
-0.013949837333833981
-0.03413287572146817
-0.0425649691116714
-0.06347259327641491
-0.07248239604532469
-0.08707988217048351
-0.09885212577919869
-0.11211642076616402
0.43748138345732407
0.4725482322126226
0.30572985980307915
0.18229748185095887
0.11482786744537857
0.1155184124270757
0.09461355624724041
0.09724216384263323
0.08609959043664572
0.051534370197631185
0.025333138969056423
0.02465350888147949
0.008258645939396708
-0.00023803009617739956
-0.008603225671640624
-0.008212002429063836
-0.011392039961327649
-0.014403274890767426
-0.017177944566374725
-0.031054049764845937
-0.026419471317233323
-0.03354252692555709
-0.03816672070227428
-0.04075832416742309
-0.045249841232604116
-0.050673740506296944
-0.057351221026197
-0.0657679161132467
-0.07669174650209776
-0.0914035761163573
0.27693693529773133
0.26309402782960567
0.0770317566185455
-0.149764149746075
-0.19356777359095884
-0.08735473984063477
0.17978962234373064
0.5934510263377629
0.33901453645534624
0.8835876819820062
1.0807426944367222
0.9691256410386209
1.0930131187576388
0.3609249555114527
0.6485996601194718
0.48930965528967973
0.41185329189341147
0.4909924606770047
0.5793823381500887
0.6731014036824473
0.0655785817340937
-0.10704241533755349
-0.14167039994601366
-0.060174083898645175
0.011500959895580087
0.1684618235560864
0.4108861321376933
0.6451439317094123
0.5087679403157649
0.6137761038327549
0.6589396098190148
0.7614735729024554
0.709427747033895
0.6959419740182473
0.43845854187178235
0.028321606616592138
0.7192584696969286
0.6856311827874475
0.6163391344222241
0.5970219763031642
0.5199086072245054
0.6245659458723681
0.6088479640887567
0.6602246833599396
0.7758279059125031
0.7927705152813965
0.4778245335947365
0.08777881026659384
0.14924983767399203
0.036930154175327246
0.04301615391118771
-0.07501011822955372
-0.019752779913669027
0.04810723056153515
0.14000076807870132
0.3990402455857009
0.48711663297422714
0.7290401296308493
0.6717717087121002
0.531466292791621
0.6230891422822584
0.6975822161332398
0.6796763549417503
0.7147514848742361
0.8827400749684727
0.5537947309298576
0.046267903908412955
0.4168733826387208
0.7366356941110804
0.6992260849555062
0.7240571975461679
0.6100015437952296
0.5738219282265067
0.6361797762522842
0.5912473484674754
0.6341829885393759
0.6924095073686961
0.7669897491444213
0.8178275110205376
0.7992542533859145
0.5935538989676842
0.5054117220306844
0.13403092797931865
0.1922422845617755
0.05665018852746978
0.0924185302266245
0.11615341113724281
-0.06461590069263473
-0.03558654772669617
0.009662316784486702
0.04184217264139228
0.09245547881134644
0.14454807580936826
0.41582776768117086
0.4656410393493629
0.7003602539463233
0.7288924418999234
0.6731227922490892
0.5538567975638056
0.5946600133852253
0.6469656224576206
0.6771654306849536
0.6786105957680622
0.679676354941755
0.7388019180807317
0.8554709921049133
0.6040874046620173
0.10600305925527659
0.45259339828615464
0.7250299445863297
0.7198907680584488
0.7388454238465655
0.6460072369194236
0.6545768234665147
0.7377719268843294
0.7990324473819432
0.7812587616466976
0.8521040893200668
0.917179622996436
0.9771745567320969
1.0240816581868561
0.9795633936049449
1.0149243529272551
0.7538410389214814
0.626198570177593
0.45515068357013466
0.17895684451327915
0.22214771864325605
0.27603321794125724
0.18187564977203502
0.1928326698147123
0.20649589809561109
0.0662724290911032
0.0710600536999742
0.07836248650635882
0.08803453597447525
0.07243564954171694
0.0725821185976605
0.0767475371694884
0.10289677928788432
0.18952024057298428
0.20086738768315737
0.39543959097192577
0.550611402902307
0.5578929875653138
0.9223056103573296
1.012887066328432
1.2326879351619648
1.4869182393881093
1.5578672979484738
1.9185213731869895
2.1796943831495317
1.2203183038723193
0.8252905765129761
1.0054311256641897
1.0260074210412813
0.843844735468763
0.1948737118614334
1.018154763959746
2.0330855537557757
2.4160507218977414
2.9009552675496586
2.9288985329138404
4.196160443310633
3.147715429485367
3.0771857858080507
2.9532403769057614
2.540321716024323
2.355182670045979
2.1304768287720623
1.7776143287869313
1.5587149056956875
1.4015455849602483
1.046350780988114
0.7746467057092682
0.6869098466530718
0.4146862532144227
0.2244893131521064
0.19766008956047354
0.13787637660663696
0.1514923411987322
0.13194853582388505
0.11640262828200909
0.1257869689086838
0.10472860607241827
0.09882009872407754
0.09718850383465566
0.09991741648882113
0.10935141546094443
0.11140734181882633
0.11458476528466266
0.108794177313392
0.09887275539793516
0.0910413629864476
0.08646051499753421
0.08363183912012018
0.08007370905663877
0.06794319087597686
0.0682191968745588
0.06957962670844711
0.10453652806761624
0.12972018699782054
0.24668783205201605
0.5651079101466713
0.7172763027525386
0.8645416715358734
1.1991232829165803
1.3727473221834798
1.4502905891152953
1.7672570522111621
2.076753601440241
2.1903881964351215
1.2241562830714827
3.0019872039829076
2.7638404118300053
1.4708955509499537
0.20377053201446033
0.11777169586624003
1.3144717912580723
2.238665758415893
2.5403147824795913
2.958797273806102
3.0056006775449373
5.445532861512537
3.1560419594944666
3.0882873459277302
2.9312948748780374
2.5089959013964935
2.2526080277666227
2.163590989858067
1.966078797957225
1.6633830618022807
1.4626389322403373
1.3958617225684207
1.2043960153353908
0.8980982932427944
0.7148181416568977
0.6594112519638057
0.47233462096977374
0.20552368856337974
0.1356913910899879
0.10059587318653418
0.05131199159458588
0.041198971066307155
0.03490656328711428
0.023263972385285103
0.01736200397843668
0.009378283904990514
0.01670216705369737
0.012062762572983832
0.009883426103945298
0.009375919887977535
0.006156173369276374
0.0037234239920647116
0.0014954860067484255
-0.0005583218654675592
-0.0001915766798876728
-0.003968491187085893
-0.0070111544576687
-0.007704550868604665
-0.010688854360391409
-0.02347985743465661
-0.023529455134695676
-0.018915452721815496
-0.016737587715338204
-0.01425965226769868
0.02916430188796046
0.09610178964247817
0.13963605693138342
0.34999667755580555
0.601333464515027
0.698274258761107
0.7562805458185595
1.0396644551320635
1.2384819499039186
1.2825917421837731
1.3501085973603817
1.6168647982166864
1.9002242631634394
2.0112680145839037
2.108821287642185
1.1841420931342008
3.021448666282077
2.8500546799274895
1.33088299028054
1.1166788390517426
2.203484686266901
2.5865604311059887
2.9932356696194327
2.9796682231971006
5.4308431783799165
3.1052820439867577
3.05325736821728
2.9240548299123637
2.486883187841179
2.1641760112491095
2.060475451921676
1.9926917140144065
1.7725744585638628
1.512270460893021
1.3606386423898682
1.314725992016924
1.2554724585918746
1.00647502367757
0.7237204442921125
0.6437382236239453
0.6176057508763274
0.5243624669452435
0.3260550962885353
0.19107480892058132
0.18346905945972866
0.15686541871613363
0.12890248112907454
0.12731070823392615
0.11695316177955134
0.11164689774666697
0.11019727662576667
0.10744576024214081
0.10466759207450271
0.10243215393408223
0.10175715294796744
0.1026262636548253
0.10417109000633917
0.11493800546144906
0.1164482285405774
0.11844920727553498
0.12095428674941594
0.11322320440546929
0.10644538993250685
0.10017452531478899
0.09488174926307935
0.09056940220494525
0.0885250976744123
0.08160984075298555
0.07442822791503767
0.06917812804140597
0.06519555974336205
0.09707140724386526
0.10118294516009832
0.12118357597792881
0.12504439328825556
0.19981244627395006
0.43036200229212507
0.5629805575576571
0.6033512057254128
0.6240532184119626
0.8187921330257921
1.0844632879029465
1.2135822849778493
1.2438559711097044
1.2854806809959702
1.5026990180464534
1.7665207918509591
1.8668045829721587
1.9123065028883026
2.0230278461843607
1.1904886486179302
3.0018382268032506
2.9510273482818894
1.8327859304926915
0.1614903829767328
0.12277647817609899
1.1837192048439018
2.1929572820728884
2.6699801743847194
2.939578782392872
2.9630008267497163
5.478784839505315
3.036523937044594
2.991810306146676
2.9384624234151846
2.500136929057899
2.05264794967366
1.9377327815034409
1.8811890052153786
1.825927545297435
1.6412816087286248
1.4065579380052078
1.2584579802558673
1.2149217981883247
1.1723787372448675
1.1128364215297737
0.8625821419641851
0.6192818821126386
0.567337340958213
0.5475257469028224
0.5100405946988203
0.346986316523146
0.1421157261098091
0.07101589022058347
0.06145580314101701
0.04672081546454182
0.044216499217440974
-0.01479146788414265
-0.028753733292603834
-0.034580411557271484
-0.03986313584717238
-0.03910717190211077
-0.03826229645383067
-0.04423138759134679
-0.04787634384420841
-0.05055951853369725
-0.05231680691022547
-0.05330299360729013
-0.06093813067649903
-0.06420431869006579
-0.06731555588364718
-0.07027263128702874
-0.07307295671713787
-0.07240557965066868
-0.0741079775239159
-0.07854012534253024
-0.08206531002404593
-0.08457087762548748
-0.08605345911546519
-0.08152217044493912
-0.09429198223907156
-0.0989926998185367
-0.10009158020825193
-0.10008436895858813
-0.05822374073354203
0.010867664234936458
0.003566669647084575
0.006910843931369759
0.01591637379803945
0.19825817653577438
0.44816171975391283
0.4538816696622558
0.4527711545746313
0.4518234992329423
0.5572411735421647
0.7763299294610898
0.7886612324013522
0.8020749717987299
0.8167655379935956
0.8390850545973622
1.0276317982760421
1.2330346676269988
1.2398772340858268
1.2481481141276987
1.2649027990664343
1.49469875954526
1.1690656445464922
3.057034760253324
2.9114689572930517
1.6647026865904686
1.1308338273234226
0.4549664146794391
1.1578238684314819
1.7866752497281504
1.8634498052642714
1.8545257171962188
2.0804983437633826
1.8392485000128325
1.7888303104786658
1.7389916645387573
1.6888858724930802
1.3677716111312879
1.1251872179968219
1.0649613516736105
1.014612722355105
0.9661538227044494
0.9196113011825898
0.7499804236099796
0.6286247306460324
0.5966980236815264
0.5669203094634014
0.539321519204812
0.513927082251758
0.4872776452314606
0.35664410417673514
0.3458930953314371
0.33713725850838067
0.33035884613345917
0.3255377864848358
0.333755914224981
0.2324514763433272
0.239517302486775
0.24703567979150326
0.2565711322441272
0.2643363962398912
0.20448108162393314
0.20958314079549012
0.21504084495521603
0.2208467835512619
0.22245157006455185
0.22793767174681623
0.189784805918026
0.19211005115649826
0.19561716702751197
0.20012521841346345
0.20547117287140093
0.21198238060136987
0.19252485889560245
0.19505523581404435
0.1979383865527523
0.2011673348939079
0.2047431593446608
0.2086743670046816
0.24047263548515163
0.2414736619055327
0.24336811978642625
0.24588585124657017
0.2490830623515755
0.25302260343365857
0.288724330815536
0.26910530358698725
0.24956285300981318
0.23002896993900845
0.21058554075797153
0.17403328104103735
0.14907838894761036
0.12490692214592494
0.10042125040457484
0.07614340239119735
0.04606877841378573
0.060144138717052875
0.0382030324453593
0.01754764324370689
-0.0017407872904248722
-0.01957933123545766
-0.025803075529186592
0.05648279813842666
0.032526344098179893
0.00584051107155828
-0.01988458757590933
-0.04457008561558645
-0.06776003693008098
-0.050015086925500885
-0.05404137355067132
-0.05624649617755301
-0.05661676597259191
-0.055148489361270814
-0.05184803618960662
0.27283362115073734
0.29376087149091623
2.0562651257373705
1.536341152338306
0.2969978383716562
0.30735892467813913
0.05387649543271533
0.3153165407816594
0.354345247847028
0.3022614743337737
0.287009504920773
0.2721242253423248
0.2576151433322657
0.23389081878787993
-0.07009395194446488
-0.07537796815644801
-0.07961343269368065
-0.08279239295934132
-0.084910394402542
-0.08596659456218528
-0.11407880499388734
-0.131065224635937
-0.11827425449542711
-0.10476614992259853
-0.09057848228828255
-0.07574804525331921
-0.060310653045418106
-0.05860025735142549
-0.01157583181557953
0.008732518063743339
0.029262424656015806
0.049996954451094616
0.07092038890150129
0.09201813780138429
0.1651398442999695
0.17987884556404377
0.19473542101101138
0.20970337968887795
0.22477682290315937
0.20077727759489045
0.2036541704220228
0.21372781960832726
0.22378295817679028
0.23381916213509574
0.2438360400108104
0.2340851176048754
0.22389880852448946
0.2292277906018736
0.2345312219807323
0.2398091456425802
0.24506162084133476
0.25028872276627007
0.23337313651195915
0.23228873759998658
0.23120735439481344
0.23012893931092057
0.22905346282499267
0.22798091355708705
0.24507570712406002
0.23816712082240205
0.2312914933836538
0.22444918334750777
0.21764057312606
0.21086606956095683
0.2358057796649453
0.2287439487168104
0.2177825015330795
0.20691004948689473
0.1961283468672767
0.1854392110521902
0.21321720532719315
0.20831423498380658
0.19116415770789236
0.17411648572648195
0.15717369435015033
0.1230481894995275
0.06561598003227004
0.04366668366116905
0.02193689025835749
0.00043700710854382985
-0.0208217712442417
-0.04182740241762753
-0.06882282003005336
-0.08143994587905906
-0.09599650029678441
-0.10990524983863895
-0.12314034621127234
-0.13567586161539316
-0.14748599201124687
-0.09736709130642576
-0.0870159242247509
-0.08477716765069837
-0.0816026044949994
-0.07750724075844387
-0.07250855478476592
-0.03371458385075646
0.28206007631460916
0.29458918896852454
0.3563602585506498
0.23303566399054704
0.2204757669750737
0.30736919760628617
0.3385734650282604
0.2899393432097777
0.2820524557692272
0.2746207768183573
0.2676593134671376
0.2611831417386415
-0.06174058205737756
-0.06324030659808563
-0.06370509775891403
-0.06311913508597958
-0.06146984033399305
-0.058748011687388135
-0.05494790072744796
-0.10480436461240014
-0.10164045214383938
-0.08610487485030877
-0.0697460629417776
-0.05259175693987997
-0.034669473903703174
-0.01600630839358977
0.008695266151645537
0.007117979850516376
0.02964614567239454
0.05261703472955098
0.07601557692724567
0.09982769562535285
0.12372830830630219
0.15534916545206195
0.17173115174737227
0.18844446692934363
0.2054852791774553
0.22284988117948656
0.2405346869639835
0.2721219892608201
0.2817358548158691
0.2915866930259284
0.30167516589026305
0.312001949003885
0.322567731064487
0.35043549185013095
0.371197446716382
0.37579087235949216
0.38055788976515653
0.38550239979136147
0.39062832930395197
0.3959396254832326
0.46178666878225194
0.469014678078756
0.4739076000773537
0.4708517586007141
0.46413888458514296
0.45653508474147175
0.40470513161328936
0.39899281611681714
0.3934073064365548
0.38792193619599097
0.38251868048332055
0.3771887095327414
0.3479119535904887
0.33400255124257816
0.32322476178000326
0.31266052050918147
0.30234207519436423
0.29231559112701117
0.28264232837982767
0.25433446182445
0.237151721962221
0.22054639631605588
0.2046219763102744
0.18950281030692961
0.19595629469388115
0.1560541941029006
0.13899755995651727
0.12345339117465118
0.10960073887468474
0.09762366894635194
0.0877049239246186
0.10708218832138794
0.10489532500380816
0.10645439992390912
0.1107259089970572
0.11186187216263355
0.1099969956938579
0.10900745362919295
0.13642802280267208
0.17208939628782505
0.18146791496517156
0.19189413146305484
0.20347441137798558
0.21633970586950907
0.23064463393454665
0.2712016167157352
0.2751293558888096
0.2796650669671119
0.35086892147150245
0.48030549770428643
0.4837820627992903
0.2921168377548286
0.2849664361282697
0.291229014516938
0.26558594313045886
0.24254935263711988
0.22197413994712395
0.20368669474600629
0.18749390539433142
0.1738942962133433
0.15939053065220254
0.14636636221506377
0.13459556210385526
0.12387800081810507
0.11404176973106084
0.10494299077662694
0.10614174061546744
0.1027637822331981
0.09991728194527455
0.09753097163002586
0.09500541893718462
0.08652976333064055
0.07994788401669548
0.08263923392835798
0.08282877319332221
0.08413438294352177
0.08666016579026936
0.09021957799553393
0.09463004463786118
0.0999381834765059
0.11099104487118344
0.11437887516309947
0.11848627852728832
0.12318249699298872
0.12834545854960647
0.13386327030798228
0.13999914088272752
0.13859181622364186
0.13745115939204133
0.13649296708758543
0.1356432810199812
0.1348388103749834
0.1339932746293751
0.13038927748349083
0.12567107619738643
0.12094780965458393
0.11619362889776663
0.1113940016463652
0.10654622491446275
0.10213278476881776
0.09865162013856038
0.0953317315206248
0.09218502070253862
0.09160433039724108
0.09195582972928856
0.0923734565644449
0.09361000269653391
0.09522718551764592
0.09691391212699602
0.09866988063702342
0.1004947779805726
0.10238828019614371
0.10144015513096613
0.09912487354694466
0.0968898813644753
0.09473569235180834
0.09266280648007247
0.09067170941548464
0.08876287201946081
0.07587993558024114
0.06730533179581083
0.05879728866038783
0.05035745914793402
0.041987536607151765
0.03368925527806807
0.02916202608336499
0.023767373765956334
0.018445769175807758
0.013198389740541328
0.008026421182426857
0.002931056850774272
0.006188891216984682
0.012091758494766347
0.015182920677253575
0.01835905738742205
0.021619400144291673
0.024963169366137294
0.028389575181813204
0.03189781823298182
0.040330788954394126
0.04893192893117765
0.0576624652004859
0.06651927053002007
0.07549927548631458
0.08459946960564249
0.09381690232350859
0.10083320093884685
0.1089608936123615
0.11720506627650257
0.12556320394464998
0.13403283090863735
0.12506801882451346
0.1162202294916033
0.10749226760838088
0.09888698838412091
0.09040729638470496
0.08405540808112372
0.07541744272868536
0.06689076618988543
0.058478067962847435
0.05018208719080999
0.042005611633405826
0.03395147643181842
0.0254068038339611
0.022932083144428517
0.0205372194850853
0.018222776328159912
0.015989303272148092
0.01383733544605692
0.01176739292004264
0.004502695444094373
0.0057832333580534745
0.011919664999424096
0.018132190934337794
0.02441942675684511
0.0307800053904575
0.03721257753871929
0.044591902409267664
0.05247921931301025
0.060440449816455966
0.06847394172372956
0.07657807737890404
0.08475127345284925
0.09495749352287725
0.09615897850698316
0.09744137431092884
0.09880439764584609
0.10024774885962276
0.10177111225693605
0.10337415643358355
0.10302577660580362
0.10112542300597355
0.09929277824624966
0.09752818150591314
0.09583196151418255
0.0942044362610725
0.09324542395910601
0.09328538432778269
0.09339172330573603
0.09356442152885946
0.09380344756521122
0.09410875794358398
0.09448029719300116
0.09567226816255131
0.09724547509411513
0.09888821614711038
0.10060017996449955
0.10238104404386938
0.10423047502550659
0.1032334935728485
0.10086727373208773
0.09858166987949502
0.09637718619262742
0.0942543129454082
0.09221352600264687
0.09025528632251145
0.07730854339326548
0.06867677823235219
0.06011239579466282
0.051617042378739736
0.04319240442249905
0.034840209011835765
0.030263818249007535
0.024819504839927037
0.01944877734104733
0.014152804836850691
0.008932764513683855
0.0037898409898791396
0.007007351227815983
0.01287165710570401
0.015921709617814223
0.01905653373339186
0.0222753495922004
0.025577366360148845
0.028961783043365552
0.0324277892930655
0.04082054495364307
0.04938082349570494
0.05806981551659596
0.06688437618983689
0.07582141904337342
0.08487791711827133
0.09405090388570223
0.10102159493207946
0.1091032262332578
0.11730065601479212
0.12561135432126863
0.13403283090863624
0.12887494329373583
0.12395617512101886
0.11927971081038435
0.1148486324703514
0.11188360240907913
0.12114716107739482
0.11916625533445593
0.117429487518666
0.11593801768211898
0.11469285124372286
0.1136948356852624
0.11186041980823125
0.10480192769609001
0.10889140662539168
0.11311554490252632
0.11747273765498778
0.1201912981458872
0.11357567993621226
0.10707677939775423
0.10795574038666225
0.11882472649163867
0.11973951888250622
0.11990926394902207
0.1202598760643607
0.12079112458510094
0.12150269236144651
0.12161640329374473
0.12403902092716801
0.12656701279655666
0.1292918538529328
0.1322120890183208
0.13532617739057423
0.12062668478836233
0.1187195320862458
0.11674552539798835
0.11484560745367287
0.11315505014985905
0.11166385308027604
0.11036275843552629
0.0969554356264199
0.09352130918200294
0.09025553487816973
0.087150583527561
0.08419970534113488
0.08139695421188892
0.07672068162961926
0.07645805808682238
0.07631778288234872
0.076293674748973
0.07638045182772585
0.07657373505588705
0.07687005030159094
0.08284635533951104
0.085224779277433
0.08767892007924966
0.09020615461484777
0.09280478214512305
0.09547401694899094
0.11077274633283438
0.11079965752588294
0.11091374535518173
0.11111613692557559
0.1114088495300472
0.11179479506630646
0.12195424364907267
0.1289325029948596
0.12457839316450475
0.12026297183784673
0.11602742270789557
0.11186205389298487
0.10986729852146854
0.10968651980102537
0.10853356829374577
0.10740420183449839
0.10630949644911791
0.10524306674318668
0.10419943075820018
0.09535391804449289
0.09479335490239299
0.10096131759622179
0.10718776867831986
0.11347435864866584
0.11982370562419048
0.1262393723006519
0.13328869801615253
0.14368952929773693
0.15579720544136366
0.16813952574405794
0.18072508049529132
0.1935631074136375
0.206663423053194
0.22066175301826627
0.21442364716611817
0.22689287910843792
0.23974779985094813
0.11187834184409162
0.252986530288036
0.2666075930304096
0.2582488158441634
0.2494941902783622
0.24000689873734687
0.23053019283613668
0.24282556135346522
0.19032150691579597
0.17710148952897214
0.16414169517752597
0.15143681759067995
0.13898234381836572
0.12677462321796715
0.1146601051694146
0.1071118192737551
0.10113963957487454
0.09529879299301727
0.08958080672990268
0.08397799840932585
0.07848351939609394
0.07333157433701679
0.08142554517266976
0.08377459421951242
0.08621647214037464
0.08874398048457605
0.09135093547090828
0.09403217272604139
0.09458013234812546
0.08590698125963525
0.09061459641570235
0.0953960199830077
0.10024827266319772
0.1051693768174436
0.09433970239614134
0.07909974038803433
0.079575360381159
0.08009924319202943
0.08066007010400403
0.08125797580535693
0.08189309186542926
0.06066886068852029
0.05926702949032442
0.057880210682514366
0.05650862339379753
0.055152488218842555
0.053812027194937995
0.04589216515030553
0.04617196288371095
0.04645968731208622
0.04675547772217778
0.04705947402953964
0.047371816766329095
0.054212662157743785
0.0577981399645372
0.059405638982919506
0.06103046986361993
0.06267272895698131
0.06433251213517857
0.0660099147799803
0.0879129265093806
0.08698227108619228
0.0860837705202519
0.0852177193827025
0.08438441126859902
0.08358413870441811
0.11143004655093658
0.10710560986454315
0.1018970931983626
0.09668814451302549
0.0914789697335544
0.0862697797311962
0.0989277533824004
0.09262926910644287
0.09057259200480922
0.088515236394337
0.08645736348439459
0.0843991366631347
0.08146301213393797
0.07645528670400942
0.0841963158128134
0.09056939026929417
0.09702030860606503
0.1035480996500042
0.11015180001972838
0.116830454556692
0.13671680157141403
0.1534122146498451
0.16680267207683147
0.1804392515410419
0.194314503951728
0.2084211794294452
0.25172791435464276
0.2862232711615256
0.3003745843074915
0.3146287918893381
0.32898321761498817
0.34343527791425216
0.328316977791997
0.31328223022498797
0.2983348885799622
0.2834789705722121
0.2950427229080657
0.1890175096437896
0.17584154586485046
0.16284683283958767
0.15004064563359065
0.13743049813490227
0.12502414379930493
0.10631066516598203
0.09899378826768876
0.09352246236852019
0.08810358289605968
0.08273830487034811
0.07742780015951883
0.07163941775710836
0.06716517394412355
0.07371332721432797
0.07670575612841846
0.07971095430776828
0.082728986575612
0.08575991809586209
0.0826601848580498
0.07554997240197675
0.08063333981201959
0.08574024898823474
0.09087061783231459
0.09602436584469048
0.09217917490040667
0.07308908492066404
0.07364540552441387
0.07424176429485146
0.07487835279431587
0.07555535922227352
0.07627296835468172
0.05590967163777688
0.05453718196297419
0.05318039078002795
0.05183957338783976
0.05051500735092085
0.04920697247076403
0.041141535616520675
0.04153241955475728
0.041931348395850276
0.042338508687981974
0.042754088062000595
0.04317827521396089
0.052327336550936354
0.054093494066365655
0.055877696307097546
0.05768008921412923
0.05950081837471449
0.061340029000096497
0.06319786590336912
0.08409880517200846
0.08325981618783201
0.08245456728683431
0.08168342633544615
0.08094676063574016
0.08024493680598224
0.10268205378344525
0.1005922062204713
0.09528188778480537
0.0899689794161887
0.08465373068909543
0.07933639769076156
0.08128578626417027
0.0887333102687464
0.08669252107665365
0.08464931622555003
0.08260390516323407
0.08055650043587603
0.07478961484145202
0.08482786032844053
0.0915824277586269
0.09842122526147135
0.10534322952689273
0.1123474256223092
0.11943280748589302
0.13039713004079884
0.16065741146088303
0.1748603780533324
0.189327601079948
0.20405090365998302
0.21902234161225928
0.24226308018977946
0.2832663136145147
0.2981377031477325
0.3131250028867702
0.32822517163694526
0.34343527791425216
0.32763967958163637
0.3119359800524932
0.296328582069966
0.28082208440769
0.29169777805407027
0.19946434133687574
0.1855474876935119
0.17182345722303344
0.1583003576623876
0.14498657969634426
0.12866526033854048
0.1075907942228474
0.10150407927755234
0.09576326856422568
0.09007933424978048
0.08445358089245208
0.07888733295547734
0.06805301720536366
0.06961638033864653
0.07319334888629209
0.07632488049834185
0.07947011988108252
0.08262913940263988
0.08060322762044811
0.07337113207637774
0.07612471595472042
0.08144524786510787
0.08679122084839813
0.0921625394423603
0.09755911008384882
0.07273615655613283
0.0732926491230447
0.07389267142485306
0.07453643832021795
0.07522416064629611
0.0759560451447075
0.0564375174881665
0.05499759054128653
0.0535747130033859
0.052169193174024936
0.05078134195470277
0.04941147281382674
0.04109812433263943
0.0415058201337562
0.04192229413758283
0.04234775431563198
0.04278240985756243
0.04322647115020367
0.052604164979288826
0.054453187081267285
0.05632195638661977
0.058210633166068254
0.06011937722386493
0.0620483478715797
0.0662912096312264
0.08370635094594264
0.08284841385075778
0.08202760757802643
0.0812443438024743
0.08049903332325983
0.08207538533027095
0.10200312834276706
0.09645956218251997
0.09091336230530767
0.08536480812152136
0.07981418660789927
0.07747186318142113
0.08876992931513006
0.08664236642130285
0.08451234337578661
0.08238009397525448
0.08024585559032515
0.0773627842455328
0.08322826399620648
0.0938132055682335
0.10098839835541051
0.1082537927292962
0.11560822496621631
0.12305054242284216
0.1310528806213379
0.16899389468083392
0.18399537617505554
0.19927898811705036
0.21483557374308737
0.23065625637882947
0.24674488776663228
0.2927363026375332
0.2961237389070548
0.3117722738208617
0.32754390665246463
0.34343527791425216
0.32852068036628684
0.3138797357898901
0.2995212818046955
0.2854543995448991
0.2851621662192766
0.18548628597614525
0.1657303842294161
0.14616079992853415
0.12678639255700452
0.10761657020680784
0.07744001203271164
0.0587579427347229
0.04809403285929284
0.037510436954436566
0.027009697774895425
0.016594476791204904
0.006267559130094108
-0.00798897173081764
-0.008890150474379632
-0.009357539104344614
-0.009741925283193176
-0.010042658194733545
-0.010259065942961748
-0.012904381728775505
-0.006908307305129868
-0.0024832742560648713
0.0020461024243870196
0.006660772250061814
0.01158177520503012
0.02964807826677518
0.030622103560065117
0.03158350429503909
0.03252608780220545
0.03344872142399702
0.034355230395199804
0.07022123281670067
0.07039262427159743
0.0704391745763952
0.07036875495614103
0.07019367793134113
0.0699307309129718
0.1426295831741045
0.12846964789263018
0.12787408790511906
0.12766333608982036
0.12784580392277228
0.12843286360011238
0.1053142804211496
0.060514958921378814
0.06348994606325653
0.06682567372433806
0.07054414075722465
0.07466986986587348
0.07647786638030896
0.04226889667753045
0.04276895485436999
0.043733210344922835
0.04514141754745765
0.04697665985389107
0.046267977713178865
0.02857036639825672
0.025414644152201016
0.022524997987822953
0.01989643264322799
0.01752879490543882
0.010492746593871866
0.016958087907232022
0.013439965204361526
0.013505352915959279
0.013725306785666719
0.014119389806389465
0.014787876213949308
0.034851751467835784
0.04123375454890721
0.05203226263591501
0.06318455251827601
0.0747225253276293
0.08668034292263205
0.14153212710250482
0.16880374591157404
0.19074776165742185
0.2134262123409071
0.23686291003575125
0.2607741557814425
0.44991129447332606
0.43120391305210254
0.4534627612521616
0.4762531086688862
0.4995501766326338
0.48860650247405907
0.47787833936891844
0.4672910211002579
0.45677630674329867
0.26005494249422195
0.19152933309117687
0.16918599663252168
0.14731732802998818
0.12587029451207654
0.10440044400941734
0.06876118626105321
0.06063378793456475
0.05268274904406137
0.04484954572747335
0.037080941227969344
0.04236000147824159
0.05753532960215385
0.062335719767307174
0.06646394680560774
0.07041708932120194
0.07417330400189118
0.10877420062919835
0.18905258032707262
0.17689069780566752
0.17520803997161272
0.17360133205639894
0.17206950520502418
0.1701735492609567
0.11379028382056011
0.10887428032092139
0.10403325295388954
0.09926701300915358
0.09457540520967783
0.08995830866633803
0.09914978040487826
0.09515343140830634
0.09119148281595324
0.08726333657395863
0.08336843658974802
0.07950626938519445
0.19668433294175752
0.17191090939567805
0.17008638294513753
0.16832292475401273
0.16661946555881352
0.16497496447885784
0.06400255994881365
0.06837572887949062
0.0728269933091745
0.07735445303927141
0.08195627713884102
0.08663070373518655
0.08695968575753193
0.09144298472545498
0.09597551232241167
0.10055606825334767
0.10518351556865119
0.11851981944995066
0.16862903650584654
0.1481849937793095
0.144907006307666
0.1416884207962052
0.13852852441381874
0.1354266316552867
0.060701616579278694
0.038791339634977745
0.03875335974495492
0.03876323677951363
0.03881989837723365
0.038922319218019225
0.02271445679066772
0.03492566768223959
0.04769957012645515
0.06057706802145152
0.07355476156709922
0.08662943886337954
0.14270393028987277
0.1713590812709337
0.19738699248461417
0.2236228293987587
0.2500566880877525
0.4560705483373792
0.480858549073771
0.49803243367556954
0.5153793871969303
0.5328944897525147
0.5111571461204267
0.4893942892352299
0.467609323317576
0.47345952324647333
0.21490217222098096
0.1907788295801735
0.16680641591338932
0.1430016075995491
0.11938250559281591
0.061587389582480334
0.041458898571606895
0.0302084761807056
0.018989934611659126
0.007807616019308017
-0.008708722087925613
-0.0019666749967901798
-0.0017033437703774246
-0.0014201633326742236
-0.0011149290880821394
-0.0007853767657582666
0.03848378576372713
0.05834006459986274
0.05852647349575163
0.05873263807340587
0.058961079331500965
0.06764014110906796
0.16317888730991964
0.15716626151913632
0.15115775802425485
0.14515645594901636
0.13916555870279151
0.18082606688199443
0.09491878959337868
0.09219973742442905
0.08958072515370258
0.0870651080065582
0.08465630191610396
0.08235778077944123
0.04435224194617726
0.045288716702716475
0.046260968452200846
0.0472714911721514
0.04832282541407079
0.09727277342716445
0.10081603443200401
0.10442882780541063
0.10811366744250997
0.11187307786084066
0.1359513366492468
0.11000435519662871
0.11623457145927579
0.12259697456975194
0.1290921324310873
0.13572061036275576
0.13294774416795246
0.043608953716904736
0.044043764125327456
0.04455323371325898
0.04514007689426114
0.04580704506685157
0.01207854756903548
-0.002824305802996002
-0.000773313695974498
0.0013392713763830943
0.003516271073455285
0.009925475145164953
0.011866352838890148
0.031684298437633235
0.04668848902790651
0.061847623375934774
0.07716039304457523
0.10711075731155886
0.1812045542058606
0.20914472807118056
0.23746894677485558
0.2661608610588753
0.40674493198675277
0.46223793274663416
0.48563192100504443
0.5091848761463521
0.5328944897525147
0.5107697230250993
0.48888071191957844
0.46723755806531736
0.44900184408580596
0.21466753473232597
0.18437413024899582
0.15430866495715123
0.12448817510118629
0.06126542870599827
0.040768342187150336
0.027435634638409562
0.014244298222002155
0.0011984831434913579
-0.01841431410342556
0.009407456939806158
0.011074998955784288
0.012818604596242511
0.01463737730061504
0.016530649988149293
0.10473361422350058
0.11989347523448018
0.1152563451168688
0.11073047072292189
0.1063161965764528
0.09288087018638536
0.04436574940717544
0.03687803924398603
0.02954814794262961
0.022377057873349815
0.015365907039787963
0.021333156809658638
0.01639038846960164
0.011592243082373388
0.006939360819481488
0.0024325720231002657
0.03920319478913248
0.10373656715421203
0.09864861516367507
0.09366655343339803
0.08879006638707138
0.08401896303739609
-0.02209776791991913
-0.018359076551886372
-0.014436150844344409
-0.01033198375559402
-0.006049362944962611
-0.004476600411404685
0.0011030024468289268
0.006839696032844567
0.012731202553158127
0.01877544127385028
0.025540803417145735
0.08362518978827518
0.06635462650859236
0.05933002852660546
0.05241815388714835
0.047139465587975604
0.012665423226449063
-0.0424776078025596
-0.03925457402583543
-0.03525221163202516
-0.030686880416266327
-0.03017050200675414
-0.02257773143124947
-0.003793649344120409
0.015503762147882072
0.034834837185602485
0.05424450245237189
0.1378801566447599
0.17354856466096608
0.20439201126272746
0.234912333326419
0.31239517339329614
0.418040223531386
0.4399406215015969
0.46206561798764173
0.4844894988594131
0.4720712453605183
0.4609782708299606
0.4512739537491986
0.3531586368648143
0.2123908573149888
0.18913799917507385
0.16785018360481907
0.14893280992993738
0.09140761280485146
0.08591268582629721
0.08144669171275515
0.07787020760541177
0.09474880711388273
0.11866351455317836
0.12495414576241662
0.1311918526302741
0.13938992363459718
0.19546553631852176
0.10342836032654915
0.10447709955784867
0.10625199852757283
0.10887011095638666
0.11417696767191121
0.11745996085129898
0.11920705281617205
0.12178515499862763
0.12524495587106693
0.12964002003829106
0.2733984910581483
0.27320112907024824
0.2725928316576601
0.271506032586315
0.26990099154804464
0.23672260697387815
0.21262280723086516
0.21680297860671272
0.22127862220164288
0.22594453900542072
0.3385103151526733
0.22317094909875324
0.22912509873329337
0.235788601140757
0.24302639535870238
0.22344338138013023
0.1271336109494825
0.13228074443806803
0.1373673294075306
0.14238336122231965
0.14645379426760086
0.17577987523308886
0.1767297833864223
0.17741103275703413
0.1752041127001236
0.16842441235687677
0.1347954412991928
0.12168389658404472
0.12032073456970022
0.11894509612101395
0.11753390462165281
0.10616165539977684
0.1001079395476169
0.0987017085206382
0.09728685303150131
0.09585519289237301
0.17978431414125473
0.17805366985494064
0.17639688105459198
0.1748282317145325
0.36653388244975355
0.3187732554794101
0.31666356010260605
0.31445082158372967
0.31549550739935733
0.3163886271721389
0.3184814142719722
0.12329175616027102
0.11684930236248656
0.11410681971604081
0.1110165072722509
0.034164968973869614
0.03429847460425739
0.034406686163376554
0.0344824691814391
0.062094289803736324
0.06434339379574772
0.06642137723354077
0.0683254875989385
0.08027728326072708
0.08300006431011753
0.06723026913434044
0.06717084940272511
0.06733411409725942
0.06877152948656456
0.0547970772577501
0.054546297471563115
0.0543125990524318
0.05409481465474708
0.079829036534914
0.20905149558241853
0.20801073046240515
0.20676988908759963
0.20533084906326785
0.25178290794483
0.16066154465655388
0.16269143217004928
0.16472332958597208
0.1667573609635374
0.2739459243146783
0.15305897138762625
0.15639100000753026
0.15994791727769603
0.16372629113357406
0.03839397846608569
0.0416107476497489
0.04483430085906723
0.048065487373179505
0.051306118028439096
0.08167823929673357
0.08260525028745594
0.08335422619212052
0.08393028058091723
0.16779987824531772
0.04881365640839297
0.043751188933495166
0.04603581222287073
0.04851969368503711
0.04187570749077246
0.04160316658950711
0.04580134583889103
0.05010131673098134
0.09853936679686454
0.14524671540154577
0.15013848834254787
0.15503881634528538
0.37988040608638196
0.30403864567317335
0.3091510230992095
0.31445082158372745
0.3157205335609589
0.3167890566888412
0.40157351146377585
0.12051538449759508
0.11704350524558954
0.11373784489085437
0.038804703075489
0.034261268943387435
0.03439029065347418
0.03448246918142828
0.06262258822419972
0.06534418183880675
0.06783668732874365
0.07640666074323996
0.18962130530188498
0.06725058464036954
0.06706124348315329
0.06717971060330952
0.06615211178045088
0.05479707725775301
0.05449362001235955
0.054216711814577545
0.053964717220717634
0.20940719115439002
0.20827670414742594
0.20687785809621884
0.20521328638672703
0.25218081954940935
0.16021214584618165
0.1626914321700515
0.16517650920416294
0.1676676722294987
0.1668091534137009
0.1514889691520127
0.15565842901659216
0.1601336122380824
0.04218323578144431
0.040185440668910055
0.044118620608589176
0.048065487373172844
0.052028945257193426
0.08217148704972088
0.0832556016838619
0.08410601839981144
0.10312288570278091
0.056432925126809474
0.042225910943702316
0.04494603534117944
0.047937818453241965
0.04187570749078065
0.04252313313745912
0.0476809752309465
0.05298405811278606
0.1407978319407717
0.1507816411048754
0.15680761243210592
0.28629398456638866
0.3017800254780739
0.3079873493992927
0.31445082158372745
0.316027669041295
0.3173292652022122
0.28596928475669414
0.12121527145630931
0.11692665005254788
0.10289933487731384
0.034216352196435734
0.034368919244555374
0.03448246918143827
0.0633459131402686
0.06670704870183147
0.06975149012857979
0.0936876758869934
0.07848210812908943
0.06697846665059626
0.06699675595727095
0.0659945779680067
0.05479707725775343
0.0544230753264105
0.05409215723494731
0.05380209812584941
0.20867145613058663
0.20710162931552034
0.20516394169947605
0.252761534662799
0.15959545161304864
0.1626914321700526
0.16580083183284633
0.2607103303755029
0.14501676069149344
0.14994238304938692
0.15530808170699878
0.14372236136904984
0.038231709398028335
0.04313613272705352
0.048065487373182975
0.07938757563576829
0.0828350843685452
0.0841190783149745
0.08508959132486629
0.14556565791546405
0.044213650077177535
0.043474449369297896
0.04714461417925392
0.041875707490766495
0.04379247958315513
0.05028419807777018
0.0569929256552662
0.15088184297219642
0.15846037797621698
0.193739212685336
0.29869957389681817
0.3063937779809814
0.3144508215837266
0.31646284545150144
0.3180838199958691
0.16508664606525753
0.12164197993517575
0.11622699752688564
0.0341672300745427
0.034341258942627295
0.034482469181432995
0.06437409698696231
0.06863156289974512
0.07675751315283738
0.17194671217846222
0.06698810868145694
0.06679027854144509
0.06723856459128957
0.05479707725775565
0.05432612203988649
0.05392904776348545
0.15751851182293594
0.207499715536682
0.20523635524612116
0.25365253225521495
0.15871705441425465
0.16269143217004928
0.16669525593114326
0.28642404967727936
0.14211881316631286
0.1486281047860981
0.15578524280025471
0.03545320200504312
0.04173581876564858
0.04806548737317534
0.07767533221814948
0.08375905799433411
0.08530373169836472
0.1189603323317269
0.06482142652852102
0.04142173712718494
0.046024199149403144
0.04187570749077024
0.04561436273273045
0.05403985595508004
0.12499534854182343
0.15969714068244975
0.16959041077534626
0.35652177407406727
0.3041292688569411
0.31445082158372745
0.3171098129302047
0.39895354724550885
0.12907019510084508
0.12143798514686055
0.036568064511231235
0.03430729338266575
0.034482469181429665
0.06590734525411174
0.0714777558243608
0.11500280421891648
0.07398011867331661
0.06659286635990413
0.06695599960402698
0.0547970772577594
0.054189206213368646
0.05371758825240186
0.20815428709046832
0.20552304004061883
0.22831061146942638
0.15740547063598662
0.1626914321700501
0.16804276690604247
0.2912920627201576
0.139045750304769
0.14804695490573408
0.04325699160608126
0.03964266885308265
0.04806548737317992
0.07090748623992033
0.08510422444626992
0.08700307993999346
0.12718220386430168
0.03844216453775251
0.044369274317351826
0.04187570749077302
0.04836539837532641
0.05975288885815999
0.15984999217416515
0.17314228309573687
0.37363097513331306
0.300756806715147
0.31445082158372745
0.318135606672742
0.33758936409852724
0.13023062466713933
0.09787911737386884
0.03427492494725931
0.034482469181436465
0.06834364674969978
0.07595223700261028
0.15341579326722282
0.06653617148446325
0.06656565671327302
0.05479707725774788
0.053991595882873916
0.07952795633925133
0.20618337327811292
0.20193988011174557
0.22200612645181167
0.1626914321700526
0.17021421094415123
0.18795659979835344
0.1362151708663839
0.14117013222467514
0.03631231732686632
0.04806548737317798
0.07757343710707479
0.08718685870634596
0.11977546929224189
0.05843551857278306
0.04177947981062746
0.04187570749077579
0.052811122124235
0.07892692333950971
0.17607483524646667
0.2909641758457357
-0.07669174650209776
0.3144508215837308
0.3199173947760178
0.2223858728422795
0.1297932982247918
0.0342938741907807
0.034482469181428
0.07257331993922173
0.14271055828710064
0.06952178078875215
0.06604864138466143
0.05479707725776162
0.05371005675152474
0.2074729859886995
0.20221746148134268
0.2547386946535843
0.16269143217004928
0.22426808873260456
0.11700693416081459
0.13506938712684297
0.03054073238552807
0.04806548737317756
0.08591015455090667
0.0907301064600774
0.12052485354945797
0.0374010295471594
0.041875707490776626
0.06071811629293433
0.1636195094844728
0.21250425579108362
-0.0914035761163573
