-0.09616611731107144
-0.1416323761699305
-0.2533594688075261
-0.07002909330623308
0.15713633499696344
-0.31515449105491866
-0.035863479342198856
0.0019980341591552264
0.08736271546347055
-0.48895082838660203
-0.28441386558512455
-0.10466466024936741
-0.0757266044550968
-0.257221960948974
0.018439798651379707
0.1800542859716306
-0.004373486311688712
-0.1517656180117287
0.036259712335522803
0.2657929108459692
0.07826653230152608
0.15512465086503363
0.32799132398744546
-0.32400953342956895
-0.25801314025447
-0.18953820259749704
-0.1002059120832044
-0.039055131562410056
-0.060735154080528014
-0.2129975213593055
-0.08084073508125705
-0.007521697733337551
0.07118483577357004
0.11547862817200646
0.011407725037256983
-0.09605905080982441
-0.02198034825169226
0.0376802121025524
0.1167978437508578
0.20600123284088223
0.06854884002737219
0.07273549469870091
0.14635717717265892
0.2042666756592018
0.25269471086102446
-0.21421456539301914
-0.19483194324993902
-0.15486591038470193
-0.13348600137084776
-0.10002250127216158
-0.07615383822043922
-0.044726237488731946
-0.018161667962172667
-0.15134319349391842
-0.13042019549853956
-0.061693908368488926
-0.04483564115386557
-0.0032804205688190258
0.017606611789206805
0.034427915381327334
0.06644013350299863
-0.06375011247187895
-0.03919459049074148
-0.004951475550008522
0.013897578082148615
0.0446744176101109
0.07401239188768727
0.09568997004487434
0.12983969181350724
0.01688974491846823
0.05458811015651738
0.0837089920717185
0.10357557879290963
0.12523532881699287
0.14575803773761664
0.1617223001680268
-0.14439405178888698
-0.13236255978712155
-0.12104417635640921
-0.10570326887404016
-0.0943961244927749
-0.08144597957509381
-0.06961673545228891
-0.06145001895985755
-0.047306724478324846
-0.0375969971119558
-0.07962158078193796
-0.08138521368788634
-0.07584230931562519
-0.054237966712669256
-0.043720986782446736
-0.03676764411522537
-0.018739621201583068
-0.009153668731877868
-0.003475231282686342
0.011445382842372176
-0.0020018651719325153
-0.012892567534995708
-0.004831458911233044
0.01181181288604699
0.023486807902384776
0.030684967182733336
0.04488790599894224
0.05558981024234716
0.05860405647350159
0.06678330840587138
0.06272150187469461
0.04562534264807988
0.05720216026513236
0.062175831859844766
0.0715049800666484
0.08220449464746815
0.08512084662125996
0.0954350806216267
0.10077610617540977
0.1054905090184799
-0.10531481266255624
-0.08653712652298667
-0.06775600289294303
-0.0808795007598688
-0.07856330038183354
-0.07333719389381835
-0.0798884903897458
-0.07766914482680867
-0.07166412257351956
-0.07164978779352113
-0.07140837679421072
-0.06471560660464254
-0.07565016719500689
-0.06348409249105305
-0.053816738766234995
-0.06377140069656007
-0.05345531721636487
-0.036306998878359864
-0.037895828381213637
-0.04099513872052318
-0.015972825105584898
-0.008237638595560842
-0.001572628794902775
-0.003252504145274393
0.01429484101755002
0.021181517488260415
0.025264834271724324
0.017897023530197842
0.03785810015208321
0.04452381578412268
0.03176849362731243
0.035965490542823886
0.06472780835231534
0.06345251529452256
0.041441528065124245
0.08785426523313572
0.09471068154882842
0.07740715333158663
0.09725424477735431
0.10409736217516258
0.10377052380354551
0.09706320059786389
0.1036907448742029
0.10532802616118386
0.0898860215471145
0.1012472904594243
0.10778514585670626
0.07933137684022179
0.10863806477150378
-0.0860295229403199
-0.08138416804620019
-0.07672997248109797
-0.121236128767368
-0.10200973589266388
-0.09757525282986054
-0.09312238717596857
-0.09796353771222982
-0.0873273940315808
-0.08261999215491714
-0.07790279750705884
-0.07541037686151969
-0.06958195567050907
-0.06466053941161051
-0.070487319757572
-0.08182626598649281
-0.05628527489256824
-0.051319887556505184
-0.09736751674946503
-0.07752405861288503
-0.04275519472904388
-0.03785025464425884
-0.06797190305518855
-0.055808596291148926
-0.020420448968237193
-0.015481532652254354
-0.01053946541571954
-0.02541655936123599
0.004012050599458139
0.008998684026826353
0.013985345184186482
0.006695933288502487
0.001270048810329133
0.02273679009528115
0.027685765800031376
0.023265796199685163
-0.010591791161744801
0.026239508853676957
0.04714504884970827
0.04322525100551644
0.00567376099957162
0.04866531423072473
0.07173212425166497
0.0675760232466685
0.059637792381447285
0.07713634906633626
0.08214174383036149
0.08618565675186457
0.07244303389093973
0.07746701737767064
0.082497228645807
0.07933236912069222
0.06728163021286163
0.07755259655113964
0.0826428373780716
0.0716631212107531
0.06983612199740752
0.08952861389078359
-0.07186997445701004
-0.06810304085021424
-0.06433215865971287
-0.09552553426211294
-0.10088518735337115
-0.0865831706920174
-0.08279763945355623
-0.07900394419205439
-0.08595721980585266
-0.07142705939874858
-0.0675951936780235
-0.06375897887254026
-0.059918468224748334
-0.053685575739292474
-0.05100444722516986
-0.04715055353352843
-0.049571225806293584
-0.0677378754486807
-0.040564139012782274
-0.036694728405564786
-0.05432139994368618
-0.08068365914486342
-0.04537540475320623
-0.02723495182188257
-0.02334229808521604
-0.05053272338242126
-0.053593692337429444
-0.00931088743041375
-0.005422461098374687
-0.0015326096498818886
-0.0015465906768077908
-0.012068601319480676
0.014204278859251407
0.018071692126894745
0.021939117982142098
0.025806556282634563
-0.0020286996275623026
0.02815755424111499
0.032057354373058455
0.03595869100253973
0.02620381673002284
0.003286501754631438
0.031254327897528855
0.05120991616467244
0.055121997830308855
0.02539874363150313
0.02461435349051244
0.07051765407390664
0.07439359114709665
0.06631430454025006
0.06481277549779715
0.07834193677112175
0.0822494696243059
0.08615764519044222
0.08011973674392922
0.0786441714522107
0.08265927154702202
0.08667723402971145
0.08588840300079753
0.07464791217709044
0.08325337432099955
0.08738309216034523
0.09151728024611949
0.06712719731522251
0.08925216534820313
0.09324652037026704
-0.06905379149465277
-0.06604097130512632
-0.06302630981227103
-0.060009824731981076
-0.10822902712243829
-0.08179178883665594
-0.07867703384823316
-0.07555849767177686
-0.07243621844525469
-0.07947932626971563
-0.06722441759965253
-0.06415319247074364
-0.06107994822811463
-0.058004704633780185
-0.05395172850194224
-0.05272429437763293
-0.049034081716051864
-0.046019704248319165
-0.04300491225842806
-0.05606666976278554
-0.046944432777305534
-0.038158019771780405
-0.03514075492074997
-0.052728586717043086
-0.06129888151719498
-0.04125472183364426
-0.027047694849074155
-0.02397662323611688
-0.02996333011786062
-0.0422487783767897
-0.031207834522171962
-0.010249786139704675
-0.0071965520735020605
-0.004142645433188319
-0.001088072387415151
-0.016363312429256704
0.007223255127150885
0.010229210113943676
0.01323517114833625
0.016241138176643077
0.008230941510399131
0.005780451140174059
0.022119099914733598
0.025183547194264078
0.028248730346118467
0.031314642809019966
0.00999290441241002
0.015890880589583267
0.03844121243755952
0.043460071987203586
0.04653727955451048
0.03357286644801491
0.030356080951517705
0.05250561424756328
0.06017381922061374
0.06319087761862643
0.05213239602091066
0.06038512559757195
0.0665717606145165
0.06962281871928322
0.07267418933945738
0.07093334052494293
0.06926864285685272
0.07245126464191912
0.07563526883265448
0.07882064318895904
0.07879533557731758
0.07348031004446642
0.07843161874666993
0.08173851894649489
0.0850475506035124
0.08466087670217698
0.06958938369176909
0.079833174417792
0.08296607131889733
-0.05089701669117874
-0.04872811145259365
-0.04655851768852942
-0.044388240088603786
-0.06537555713442555
-0.0624610224542263
-0.05619535567799053
-0.053912013989731444
-0.051627264204777285
-0.04934111647546646
-0.05349679460210269
-0.0477767284716675
-0.04556610424982399
-0.043354712009802954
-0.04114255706539033
-0.03892964468329346
-0.03838878730669723
-0.03702654813974263
-0.03489310362235626
-0.0327594994747088
-0.030625736750868604
-0.03299252619055851
-0.03643199499312022
-0.02752062520232454
-0.025390332611158056
-0.024765233882666077
-0.029764349941986262
-0.032425483932399246
-0.018286015370314185
-0.01610123236244765
-0.01391605277935068
-0.013777031286824615
-0.015106168488538269
-0.012261226857474133
-0.0047677196207374095
-0.0026023867090016473
-0.0004367838403940283
0.001729087234222243
0.003003594819200317
-0.007649712733234504
0.008327983103556258
0.010445693817180968
0.012563406809468214
0.014681122066187574
0.01679883957315234
0.004550466109686652
0.019966658086043032
0.02259042654288862
0.0247651233000859
0.0269401183719431
0.029115409867071507
0.02669005861332646
0.03192350164413146
0.03557468801606456
0.037972302251272905
0.040156990501013234
0.03546487580576463
0.042908574451926695
0.045588211237041765
0.03836664262301587
0.035930317005188755
0.03665691979797964
0.030167597006035413
0.03711291497646846
0.038355177523034384
0.03959809147259144
0.04084165449158572
0.0404222077598676
0.04109213250202415
0.04233477310647771
0.043578156399113055
0.04482227972851541
0.04606714045418403
0.04727242243684329
0.04629814929877907
0.04755530852769113
0.048802045340862465
0.050049617687129566
0.051298022591874104
0.05254725709268063
0.03921284797244712
0.04899644862185151
0.05026517917844711
-0.02999797131540735
-0.029027200576368928
-0.028056061708418012
-0.027084555813932654
-0.03403145906664545
-0.030200148825507145
-0.029231818484032335
-0.02826296097856132
-0.027293577884312525
-0.026323670771115637
-0.025353241203366905
-0.027738266573573006
-0.025048771846257756
-0.024071482529555988
-0.023093751819853042
-0.02211558104109529
-0.021136971512578928
-0.020719480746927144
-0.024105863187655063
-0.019997765619273744
-0.019013738641897593
-0.018029353544378873
-0.017044611402625975
-0.016059513288656513
-0.029230699343054806
-0.01598564941969277
-0.014995626647847371
-0.014005410934024298
-0.01301500285892973
-0.01741624716700446
-0.01773698165460122
-0.011264225158517105
-0.01027128702849836
-0.009278278353958974
-0.008285199346810268
-0.007292050218135615
-0.015541962027197653
-0.006735760979366401
-0.005742292762203477
-0.004748809118985259
-0.003755310095835823
-0.0027617957387401915
-0.006815531784919726
-0.0033546618250035465
-0.0023626291644121555
-0.0013705959296789194
-0.00037856212249498533
0.000613472255418801
-0.006977561212336697
0.00006115971259296193
0.001050758474474972
0.0020403844693017703
0.0030300376164558995
0.004019717835647002
-0.0019136286450319173
0.0044427648712699885
0.00542976798405953
0.006416862882191038
0.007404049295780396
0.008391326956149608
-0.0047997104888769515
0.00860077408461668
0.009584019152878709
0.010567484702153074
0.011551170089323382
0.009762868369136424
0.00015398064111285525
0.01203172849130435
0.013012861535526832
0.013994359689404046
0.014976221893762132
0.01595844709312677
0.010493468145835183
0.016019157817597635
0.017002956357702187
0.017987171686150993
0.018971802595225684
0.01995684788139121
0.020942306345181627
0.019324455921811284
0.02105687519695018
0.022045467610831704
0.023034531520853274
0.02402406556079789
0.025014068369134806
0.0184343751716802
0.02234805733579287
0.023342823830958953
0.024337851295314628
-0.029112187005792267
-0.028211697758495358
-0.027310927942558738
-0.026409878336743353
-0.027665142352421845
-0.02946785799084986
-0.028563585406482517
-0.027658910815024362
-0.02675383533753406
-0.025848360091379335
-0.024942486190287216
-0.025407156682299703
-0.025272798218301945
-0.02362336976493018
-0.022713992840965314
-0.021804280005038867
-0.02089423219345271
-0.019983850339397036
-0.02125304163777958
-0.023751771627637253
-0.018875214947296215
-0.01796301570205161
-0.017050543641219107
-0.016137799523848195
-0.015224784106411537
-0.03148845553274604
-0.015183488079533874
-0.014272221765150861
-0.01336080830949632
-0.012449248119976442
-0.011537541602547607
-0.022078406049254873
-0.01090813545219782
-0.009998909575484605
-0.009089629818564704
-0.008180296329600295
-0.007270909256278241
-0.014602391267881931
-0.006857949715310674
-0.005950340550512356
-0.005042719580507782
-0.004135086837595697
-0.0032274423539127572
-0.0023197861615065207
-0.011733397653607702
-0.0030431464534091957
-0.0021374043230276696
-0.0012316617562611876
-0.0003259187542595243
0.0005798246817775854
-0.01210799534607454
-0.00010753973759713986
0.0007970075952012934
0.0017015757396555975
0.002606164639401831
0.0035107742383477802
-0.002295812457103197
0.0009888841538865933
0.004680707518273097
0.005585413968030861
0.006490190498158049
0.007395036919839032
0.008299953044934028
-0.004006835941117726
0.008359182884129512
0.009265422108194199
0.010171829931139575
0.011078405899555277
0.005986901486605967
0.0024245952034684937
0.011428282255216415
0.012338112134607088
0.013248221518786657
0.01415860965527399
0.015069275794020454
0.011086441085942644
0.014823789657853192
0.01606124693773192
0.016975720615372558
0.017890512764287964
0.018805622526575638
0.01972104904718247
0.019057052457398665
0.019398225304001204
0.020837171289273815
0.021758024477007004
0.022679238235245036
0.023600811590472337
0.024522743572291672
0.017944403063662462
0.02189812913412803
0.022816389490751543
0.02373484958559255
-0.019255097627224882
-0.018180928693200676
-0.017106403638529055
-0.016031523629899402
-0.014956289829289315
-0.02742863088953204
-0.01836678519517243
-0.017280195369122897
-0.01619310099582688
-0.015105503746004889
-0.014017405283754253
-0.012928807266609221
-0.014465138755357376
-0.01243421886378715
-0.011344354869040063
-0.010254070919617497
-0.009163368401816918
-0.008072248696386897
-0.006980713178539183
-0.007850318975413384
-0.008551093934797416
-0.005743294626600753
-0.004652426362749262
-0.003561220147421801
-0.002469677089699529
-0.0015227791048964823
-0.008009960390207571
-0.0017225192333411576
-0.0006397991384955726
0.00044310231461314187
0.001526184537692099
0.0026094469449243485
-0.0005639368814970569
0.0029935454434686093
0.004068305984372134
0.005143132282788426
0.006218024127971344
0.007292981310108304
0.007970451382935395
0.00018341008415939664
0.008615664974446352
0.00968585635389152
0.010756061617997748
0.01182628072274039
0.012896513624238992
0.007881494349943063
0.011809474780226648
0.012876353458481649
0.013943232848917242
0.014439786106241609
0.014226491700950333
0.014051667127993883
0.00608793211639036
0.014104217953758713
0.01392953276471709
0.013754850280890407
0.013580170503650624
0.01340549343439551
0.013191778665815612
0.013827884195454221
0.013651946211603871
0.013476016855148432
0.013300096130602346
0.013124184042397763
0.012948280595100892
0.00862451597624117
0.013449444962773394
0.013270904421006924
0.01309239314753935
0.012913911157854119
0.012735458467433014
0.00952841170111296
0.012245894834848059
0.012069066121197514
0.011892250111071312
0.011715446811054464
0.011538656227862154
0.01035631936837339
0.010174077347601257
0.010278867796354313
0.010103860542848564
0.00992886290801187
0.009753874896883119
0.009578896514478852
0.009403927765733178
0.007700000469832435
0.008676045306905272
0.008499751783904996
0.008323515017440025
0.008147335037264475
0.007971211873158274
0.0077951455549006565
0.0020744611814565994
0.008785548516024033
0.00860986352735127
0.008434229326311216
0.012452873121246572
0.01227296208467954
0.01209310768978275
0.011913309966751495
0.011733568945806044
0.0036707295171493903
0.012515503507058712
0.012336342322219473
0.012157230631124893
0.011978168460053396
0.011799155835293396
0.011620192783158706
0.009753013653013981
0.010931577913379509
0.0107555241795243
0.010579476633918311
0.01040343527981602
0.0102274001204411
0.010051371159034705
0.008588544433731082
0.0071718905151541
0.008803639497543536
0.008628810440136914
0.008453999606797685
0.008279207006989253
0.008104432650225535
0.0005607367368543059
0.0077449940491849945
0.007570236198763264
0.007395507360931919
0.007220807550780278
0.007046136783434576
0.0023566912451886135
0.00760865486838444
0.007433172118305603
0.007257696880733355
0.007082229159570547
0.006906768958779286
0.006731316282273525
-0.00005502492238448897
0.0070888745768152295
0.006912839039617813
0.006736805676376689
0.0065607744882575925
0.00638474547639184
0.0016825513132227854
0.006431209159641071
0.006255657992117469
0.006080106860537615
0.005904555764924269
0.0057290047053205895
0.0055534536816899405
-0.0029024163499932754
0.005616179640691443
0.005440901897822148
0.005265626952986602
0.0050903548076394745
0.004915085463224195
0.0026478855021838665
0.005284534331455315
0.005108287768197384
0.004932050127415821
0.0047558214138240795
0.004579601632065944
0.004403390786905381
-0.0027792336856262423
0.004801806451934509
0.004623961952301414
0.004446147731389516
0.004268363805303987
0.0040906101901355685
-0.004134017145615981
0.003657216000311214
0.0034802739421485596
0.0033033450235353534
0.0031264292513555336
0.002949526632596705
0.0010415036319369464
0.0008951802785681084
0.0017673166196092993
0.0015920578044689715
0.0014168089381631777
0.0012415700259703344
0.0010663410731233391
0.0008911220847773738
-0.0010397591520938665
0.00015080959790317316
-0.00002340282680646233
-0.0001975565440909266
-0.00037165152327114925
-0.0005456877336731947
-0.0007196651445823266
-0.0051308212999059966
0.0002834991596381564
0.00010960353491795694
-0.00006423955946743831
0.0037929736108389955
0.003615844696020498
0.0034387739013096164
0.003261761257483259
0.003084806795317363
-0.004291635739883531
0.0038836681496917658
0.0037069378844367673
0.0035302584005084126
0.003353629724726359
0.003177051883933024
0.0030005249049760985
0.0009709410136557461
0.002400158111635353
0.0022244082728245518
0.0020486647816314596
0.0018729276414186646
0.0016971968555289096
0.0015214724273004965
-0.0006693877418995076
-0.000772019960868231
0.00034559243307585863
0.00017165826156906316
-0.0000022572196622938634
-0.00017615400086989919
-0.0003500320722786554
-0.008054989134225338
-0.0006970716170219549
-0.0008704048218535765
-0.001043708272573246
-0.001216981953696683
-0.0013902258497131004
-0.008522882015684075
-0.0008935344134156087
-0.0010686482376712214
-0.001243754355972071
-0.0014188527642811088
-0.00159394345851549
-0.0017690264346301166
-0.007795851531228609
-0.0014463243130793946
-0.0016222530848675198
-0.001798179626463503
-0.0019741039366613644
-0.002150026014303974
-0.006345905999257523
-0.0020829807176532544
-0.002258530119723101
-0.002434079484926188
-0.002609628813224907
-0.002785178104593028
-0.0029607273590592786
-0.011883130061115244
-0.002881541583873437
-0.0030566819188487804
-0.003231819383645307
-0.003406953976725774
-0.0035820856966289893
-0.007641541890533454
-0.003253061960050707
-0.0034288703201154624
-0.003604669526431764
-0.003780459574148215
-0.003956240458438953
-0.004132012174410393
-0.010958711010778666
-0.003788485544661546
-0.003964842844501326
-0.00414116907557327
-0.004317464221339634
-0.004493728265285435
-0.012203010817568721
-0.0049092137201697805
-0.005085510424730211
-0.005261793647436952
-0.005438063381186797
-0.005614319618790775
-0.0067945194410740095
-0.00807702796333673
-0.00672118210023942
-0.006895952317065579
-0.007070712327783002
-0.007245462126933
-0.007420201709116281
-0.0075949310690279215
-0.009057035874684843
-0.008230319349270543
-0.008401648925694116
-0.008572918293982684
-0.00874412742292524
-0.00891527628134825
-0.009086364837993105
-0.012184591615286566
-0.008089438866691334
-0.00826075501596718
-0.008432017293569238
0.016165877126833733
0.015988756036225127
0.015811695315098157
0.015634694995027565
0.014099114593377204
0.01591718079736848
0.01624550765818883
0.01606842091249533
0.015891386913375327
0.015714405688388305
0.015537477265139404
0.014782623305794884
0.014648325792281786
0.014739708666278717
0.01456136548971615
0.014383028907041101
0.014204698921753134
0.014026375537320585
0.0138480587572265
0.01228189259525142
0.012942912785501859
0.012766973079423732
0.012591052755562687
0.012415151824004822
0.012239270294871207
0.0061371245945977815
0.011596244250644261
0.01174889340948837
0.011574130521094517
0.011399398506016789
0.011224697380314008
0.003330603397070503
0.011593541580565275
0.011649802383739416
0.011339583199320852
0.010829690681301851
0.010319810292529208
0.009809942051400011
0.005064936285987809
0.010264734347268517
0.009755279204223671
0.009245827840892451
0.00873638026302248
0.008226936476336821
-0.0018637913081866186
0.008729426854250516
0.00822083971414811
0.007712252667581299
0.007203665714677343
0.0066950788555814045
0.006186492090423934
0.00514821526693493
0.006670005493814302
0.0061613367651541795
0.005652673716054768
0.005144016355123071
0.004635364691050886
-0.0029780641886886783
0.005088440060751348
0.004578609473636086
0.0040687918762599695
0.003558987288370674
0.0030491957297990036
-0.002774121270846669
0.0008675879552358379
0.0030408880972251917
0.0025302937470020326
0.002019709974227929
0.001509136795085908
-0.0016073805527580531
-0.0036552732760258833
0.0006506183650517583
0.00014173899424818615
-0.00036714012710589716
-0.0008760189986456446
-0.0013848976200013519
-0.004224055222430134
-0.0037192143138781164
-0.003126391135508111
-0.0036367960773095453
-0.004147152126206949
-0.0046574592071026155
-0.005167717244568548
-0.00642368617639999
-0.006937232925119108
-0.00672278665574344
-0.00724101432029195
-0.007759052303336067
-0.008276900307584711
-0.008794558035351008
-0.014825575368997701
-0.0066712322958426
-0.007184957410900361
-0.007698547525214344
0.02048427860806251
0.019943447275657805
0.01940276978030342
0.018862246366909002
0.010161070038446074
0.02047267186249299
0.019931546711380588
0.019390594040176318
0.018849814123606812
0.018309207236905933
0.017768773655797154
0.016005537965050054
0.017268148194040933
0.016738129507790356
0.016208145950651204
0.015678197577629616
0.015148284443805837
0.014193424645578545
0.00946817710453629
0.013616793187894438
0.013090919825254344
0.012565048711188215
0.012039179849187703
0.011513313242780543
0.00336883172708774
0.004976367561034395
0.010725697697591685
0.010199779291602401
0.009673875299191781
0.009147985742899295
0.0040156207254814225
0.002565863905816257
0.00910498505399926
0.008578052376951584
0.008051133337958205
0.007524227958412566
0.006997336259775694
0.000007254417944552172
0.0074457027866253744
0.006918818707609825
0.006391938889469817
0.0058650633388722395
0.005338192062540603
-0.007820694127535777
0.005861705506670506
0.0053355288159773195
0.004809352229674657
0.004283175747926415
0.0037569993708674865
-0.0029523373742168513
0.00422660380522244
0.0037006165960470905
0.0031746357724962704
0.00264866134460251
0.002122693322437752
0.0015967317161119654
-0.0030565070318575027
0.0019845352182666642
0.0014577299854796888
0.0009309393971798641
0.00040416347655600204
-0.00012259775322293054
-0.011012965505128591
-0.001715489744331944
-0.00020640627795262545
-0.0007341144129172084
-0.001261810608302466
-0.001789494845199635
-0.012159299715308602
-0.007941910583846024
-0.0026225452558339968
-0.0031490138421783054
-0.003675482145576725
-0.004201950165597379
-0.005575341987402727
-0.009974715340311524
-0.006019093847338675
-0.006544717500420738
-0.007070286078763588
-0.007595799494846955
-0.008121257660996528
-0.008646660489364522
-0.011905556717970306
-0.009958952344291117
-0.010485589321549832
-0.011012012371539037
-0.011538221152466721
-0.01206421532196661
-0.021164588656465283
-0.009818336136062367
-0.010343056359432695
-0.010867624381949992
0.017375463029295768
0.016818350889810235
0.016261415642420812
0.015704657578123893
0.010913699401667587
0.017310440568959473
0.016753982443470372
0.016197722677603055
0.015641661597288053
0.0150857995290396
0.013738236941854137
0.012987191622678695
0.014328696141362729
0.013776903916023209
0.013225152066074497
0.012673440657510748
0.01212176975646767
0.008254973713184843
0.007550732689691753
0.010675751051552329
0.010126622672669838
0.00957749687826151
0.009028373672558543
0.00485377408684845
-0.004725443366016546
0.008198665444743292
0.007650094469762447
0.007101540041576093
0.0065530021872114985
0.0060044809338234695
-0.005590789635583904
0.006422821745789287
0.005873154860707025
0.005323503639571847
0.004773868108068902
0.004224248291956334
-0.0019571322348765907
0.004648147907439504
0.004098063365333693
0.00354798371878573
0.0029979089758268296
0.00244783914455704
-0.011335828467224085
0.0029873513324313317
0.0024377970876748867
0.001888242962882758
0.0013386889582525652
0.0007891350739658298
-0.01100151645156408
0.0012614046124526102
0.0007123653105406413
0.0001633333493275546
-0.00038569125910353774
-0.0009347085026284452
-0.0014837183690948053
-0.008016027959881766
-0.0011424267855400516
-0.0016919009916599448
-0.0022413583544013405
-0.00279079884596814
-0.0033402224384240786
-0.015994665136829095
-0.002959990993020023
-0.003510556795728592
-0.004061108881335401
-0.00461164722705687
-0.0051621718100486325
-0.021011109474675382
-0.005454620355417883
-0.006004470621080449
-0.006554320561625859
-0.007104170176482766
-0.00765401946511729
-0.011711019316606175
-0.010731780696999205
-0.0094434566596302
-0.009989622583870539
-0.010535725102490123
-0.011081764110458248
-0.011627739502554912
-0.014281580244653869
-0.012879569938605562
-0.013418880620246765
-0.013957945387781667
-0.014496763837683335
-0.01503533556568834
-0.019655692263275126
-0.012782652251366045
-0.01332303487659725
-0.013863242518964564
0.014500855183773587
0.013927158338004203
0.01335366534970156
0.012780376565175028
0.008020321165150418
0.014424707994896563
0.013852779468932208
0.013281079547369512
0.012709608617345325
0.012138367066746036
0.01006586185911873
0.011218590818510427
0.011336729985310517
0.010761865361639256
0.010187047286460416
0.00961227583929608
0.009037551099817798
0.00305154409638117
0.007579754104186931
0.007597513820313817
0.007023557069525538
0.006449603299244905
0.0058756525145779726
-0.00395961163606795
0.0029261143334088913
0.005030522773391277
0.004457847442676521
0.0038851911997533906
0.0033125540773371043
-0.005889368210827695
0.003660392373459609
0.0030865116178370455
0.0025126489099930316
0.0019388042809220796
0.0013649777617202874
-0.004019084217899288
0.00173948137189045
0.0011646368884223046
0.000589798048118706
0.000014964860690497295
-0.0005598626640981874
-0.012439478159474715
-0.000014847926278899193
-0.0005893728383098151
-0.001163897611996395
-0.001738422247140048
-0.0023129467434963857
-0.015626345798288865
-0.001823649551847134
-0.00239727879777496
-0.0029708995772839697
-0.0035445118757217176
-0.004118115678488632
-0.006245597588891705
-0.00869326892621633
-0.004379902743033293
-0.004953513362135342
-0.005527104545517275
-0.006100676259546828
-0.008164728888912648
-0.012195711686642519
-0.006368534597160774
-0.006943439502722776
-0.007518328571467364
-0.008093201775871417
-0.012426941937041802
-0.014026452820670998
-0.00897590520504421
-0.009550729258971102
-0.01012555293736922
-0.010700376239601156
-0.011958617367406471
-0.013682523993334972
-0.012332040213139939
-0.012899922096790695
-0.01346773088811648
-0.014035466460877583
-0.014603128688496503
-0.015607552432504446
-0.017484819663902
-0.01596295250951618
-0.016514411428215636
-0.017065586694707258
-0.017616477831571414
-0.01817298911254428
-0.020887822467935968
-0.016065911462981308
-0.016622028995144783
0.02331576800095103
0.02276985396583886
0.02222413977962384
0.021678625762538983
0.015724045900044337
0.023250572595840124
0.02270740973540658
0.022164470797444713
0.021621756138959225
0.021079266117577378
0.01897259396712231
0.020509513591756845
0.01995506783109946
0.019400667734137955
0.018846313375406598
0.01829200482959925
0.015476296802881817
0.017192504214121884
0.01688070610462139
0.016324997539349517
0.015769291820291048
0.015213588952117385
0.009541198217882796
0.014914215436400285
0.014370047225490817
0.01308806139665969
0.0118060828604441
0.01039011602796916
0.006808493160873619
0.011239703002569879
0.009954061131059039
0.008668451472321065
0.007382874149659824
0.006097329287030884
-0.0019380874551142013
0.00704950570271895
0.0057645324929857245
0.004479582264867721
0.0031946551066446005
0.001909751107116997
-0.010936599359980398
0.003694868190471795
0.0024133338798890125
0.0011318003096813523
-0.00014973251729000214
-0.0014312645981849614
-0.011016478075523695
0.00021673874607774923
-0.001065632108493697
-0.002347968291385588
-0.0036302696687404157
-0.004912536106003451
-0.010104241359297494
-0.004034375878521901
-0.005317166448179367
-0.006599920299727724
-0.007882637290822225
-0.009165317278209684
-0.012832855889017697
-0.008465927530046102
-0.00974822562955946
-0.011030519494645286
-0.012312809108748768
-0.013595094455349094
-0.02292343530405555
-0.015015047327227304
-0.015056270982268943
-0.016337640259719705
-0.01761900781928477
-0.01890037365429531
-0.023541161468509375
-0.021159492083950848
-0.02162826451509725
-0.02291222427614273
-0.024196057118910652
-0.02547976254178491
-0.028702702496437443
-0.02712888792600565
-0.02813181354876987
-0.029427604065116186
-0.030722911646914458
-0.03201773435543315
-0.03671710034217526
-0.02848421990760769
-0.029769269374615437
0.038765264853758696
0.037370707682174986
0.0359764427621824
0.034582471275357574
0.029177880586872262
0.036925663530736896
0.03552626499491729
0.03412730246774395
0.03272877772111993
0.03066941320009675
0.03232448820088968
0.030945526477972468
0.02956665231837116
0.02818786607437812
0.02470835351108175
0.02202652900767793
0.025707850631313117
0.02433620770718431
0.02296456505466074
0.021592922674832926
0.011783197451137872
0.015075914747883501
0.020034407289301892
0.018662768001093677
0.017291137909054427
0.015919517050432125
0.0048308757973744565
0.016344095919976764
0.014969842926408072
0.013595631065675268
0.012221460505295878
0.010847331413705863
0.003960263692096289
0.01166259891153501
0.010288626907105358
0.008914684361295833
0.0075407713946246124
0.006166888128255887
-0.004631188379573964
0.007932356000997925
0.006560887513123448
0.005189419916680482
0.0038179532153384543
-0.008124153076746743
0.005310178348649497
0.003939373300885229
0.0025686120800116896
0.0011978948659935318
-0.00017277816012212233
-0.0069467231441167065
0.0005304765109345744
-0.0008406484348419396
-0.002211726822793081
-0.003582758460763391
-0.007535706241286744
-0.013602848156530484
-0.004419044243021419
-0.005791131243004788
-0.007163212814838282
-0.008535288936034613
-0.019310115417606744
-0.015207575484946362
-0.010210914726671017
-0.011582172080824571
-0.012953427333088907
-0.014324680474788187
-0.021529179304003165
-0.01696976773073594
-0.017328851366112674
-0.018697078139150725
-0.020065143780667594
-0.02143304761484416
-0.02501773512778499
-0.023228063597146575
-0.0245925964758531
-0.02595651621933287
-0.027319820248316584
-0.03240028756002877
-0.02369374773997429
-0.02505678006115078
0.03353508880444292
0.03200611663652847
0.03047754670190861
0.0231037283397309
0.032671944136271336
0.031144174216536924
0.02961700268945766
0.02809043222169294
0.025145694066312785
0.026711435315497356
0.02649123435994341
0.02496960676545007
0.023448099914083476
0.02036851710760179
0.014678111324681886
0.020835365125675964
0.01931752548227611
0.017799686212382204
0.016281847317675957
0.004126483460162034
0.011195962932335213
0.014425590804315602
0.012908191303815514
0.011390804478489114
0.007287812058483778
0.0021039097889019587
0.010085424154188671
0.00856670746388899
0.007048047580359429
0.00552944476099354
-0.002846702446716587
0.006231192088088783
0.004712183810387516
0.003193216119962705
0.00167428920143875
0.00015540324058899158
-0.00992233529064579
0.0019383131377145868
0.0004206967703146436
-0.0010969183667283722
-0.0026145322678081118
-0.010887053832873417
-0.0011278487444679741
-0.00264262549580091
-0.004157341674491805
-0.0056719970037087675
-0.012558519724404499
-0.005100935739131007
-0.006615976742362639
-0.008130953549123077
-0.00964586586476357
-0.011160713392893151
-0.023399917217715588
-0.010833370788905783
-0.0123514516470416
-0.013869525002059152
-0.015387590819259944
-0.024314079237083702
-0.021272850191134673
-0.017343464097005767
-0.0188607873432918
-0.02037810767754389
-0.02282594232666496
-0.028373468898309773
-0.02349965224928821
-0.02500599203715481
-0.026512109212283308
-0.02801800273982552
-0.030982574494902715
-0.03037162342833105
-0.031007888510767856
-0.03248739665243222
-0.0339660534394641
-0.035547428134662384
-0.03055955300118901
-0.032051276095002995
0.0420748371014501
0.040529270412301976
0.038984176737369425
0.03519139291835338
0.041014709780353986
0.03947882625539162
0.03794364454619975
0.03640916777147549
0.03519379817545937
0.03600548872909781
0.034454448326441955
0.032903549864472664
0.03098466414039769
0.027572767124283415
0.030162707842456282
0.02860997105554028
0.027057234633036248
0.025504498576590373
0.016025140419057837
0.02500091628737683
0.023449091529348653
0.02189728127914306
0.020345485602944885
0.015500479086182628
0.020323184147130746
0.018772055401815035
0.017220993133666845
0.01566999764725352
0.008787833270495066
0.01611332980808136
0.014561266800091621
0.013009251563272373
0.011457284317518968
-0.0038282967182109995
0.012980946897814538
0.011428443841429714
0.009875942051628811
0.008323441534315856
-0.0004955518730873076
0.00967716107007674
0.008129722591224825
0.006582353463355645
0.00503505400671081
-0.0019643768156074604
0.00536664501177439
0.0038191454453166684
0.0022717196770991044
0.0007243680493995708
-0.0010093149507456323
-0.0016682466199367807
-0.0008611086680662683
-0.0024137535483191586
-0.0034338161320984772
-0.005169565912605811
-0.010602919897987617
-0.005956655193913862
-0.009088990968421085
-0.012278662729048873
-0.015468329191116459
-0.018290713017790616
-0.01754107427178353
-0.020638305433273024
-0.02382866734300909
-0.02701901154498143
-0.031067099190874303
-0.028382902198952342
-0.03157489285877765
-0.034767651101357266
-0.04465365707252589
-0.031787249129287126
-0.03497699645561028
0.05892531324603725
0.05615145562909679
0.05337759864769365
0.05327488384805401
0.0551116190696771
0.052334856083968845
0.0495288898188706
0.04819107019550184
0.04782180919456397
0.045049090934228264
0.04227637296988329
0.03652758699505182
0.040348266350608425
0.03757745144835192
0.034806637706450705
0.031570787730906824
0.025912191469674162
0.031117818771929373
0.028346930469301534
0.025576043184600272
0.022470950810861562
0.02049897647836585
0.022494748669430187
0.019721759256552396
0.016948770959191728
0.014175783786500584
0.015046093573063274
0.01514838741652244
0.012373919743746548
0.009599454261840501
0.006824990988935908
0.004734093992374705
0.010782825664812368
0.008012344224969659
0.005241865862608969
-0.007685100553314339
0.008688867618828755
0.005916671698408538
0.003144491643178593
0.0003723275850661678
-0.0030556694923170036
0.0011229166292175963
-0.001648204783286089
-0.004419316977061494
-0.007190419874915366
-0.012493183624262272
-0.007516642485883296
-0.010287239349136279
-0.013057833791735585
-0.01582842579323812
-0.016990556863203665
-0.016869736809056735
-0.019640290503765423
-0.022410841310717966
-0.024681794334318885
-0.025240040388856966
-0.027251949970549805
-0.030023108697642548
-0.03279425516931195
-0.03587804948517487
-0.03443425413857837
-0.03720742337482291
-0.039980566070281776
-0.043948341333888696
-0.037987563714971806
0.06397465413935932
0.0606183155070536
0.05703462838140938
0.060793246645067245
0.058454089541188636
0.05509437049973781
0.05191242179396399
0.05271699915082487
0.0493620234804068
0.046007048327923045
0.03875177441186317
0.043346069656683694
0.03999343703706221
0.036640806458807657
0.030619002073999507
0.031476587325995065
0.031665842768482944
0.028313115653503945
0.024444156863593358
0.01879678389624384
0.023932903437057784
0.0205776375518682
0.01722237363792123
0.008962064368051581
0.017629944656319674
0.014272937550064702
0.010915934303359909
0.00755893495477597
-0.0010706514825986613
0.011446956546567882
0.008094815272143285
0.00474267944833448
-0.0002239938180496892
0.007870054226609136
0.004516435914109496
0.0011628458256446317
-0.004562984208516807
0.0014113251399246185
-0.0019413109368987547
-0.00529393066774464
-0.00864653388670325
-0.014950014588310245
-0.00960132206280745
-0.012953631674308963
-0.016305936962580647
-0.02382907731419026
-0.019763694379215935
-0.02141158728208359
-0.024763820395367758
-0.02862781022523908
-0.02903496245162354
-0.0310195600429429
-0.03437209226842347
-0.03993761558789444
-0.03724742790852831
-0.04020395037212604
-0.04355823222129171
-0.04654373892432284
-0.04189793671590114
0.0701095164591245
0.06596593636451736
0.0606485501643475
0.0663539126197954
0.062206372224408724
0.057529933126717336
0.058091545701355746
0.05474686497675324
0.05060494270461055
0.04341767809615843
0.04689923006237828
0.04276026593618337
0.03729885189505358
0.029752160162630215
0.03598745277626922
0.031848360147046784
0.02744787856843789
0.018980051846222146
0.025654968593955274
0.021512750384784923
0.01737053587468576
0.008849661802724645
0.016936828642687696
0.0127925456162932
0.008648269884266035
0.0003707161308597051
0.012301726007299396
0.008163515416167305
0.004025315079359132
0.003437930406978429
0.006634720035543773
0.0024956915550761183
-0.004958021418452613
0.00077434529115461
-0.002170325673806761
-0.00630865070163536
-0.010446944563943794
-0.012995538110826266
-0.0123329854822464
-0.01647144949137702
-0.023768207171399325
-0.02470482313242303
-0.023383279971582183
-0.027521615623123802
-0.03311621765458017
-0.0335131079835671
-0.035715052725011215
-0.03985301565007676
-0.04429500475416154
-0.04348104696294805
-0.047620081869361036
-0.05013715025484672
-0.04653679753650275
0.0777215213481286
0.07247738601504045
0.0677229501979372
0.07163043954028156
0.06638167959148594
0.06365366815556855
0.06165344007584478
0.05641135859246249
0.04987555593238602
0.05116923221275743
0.04593101105810252
0.03554871184452357
0.03908836842840352
0.036561173556287074
0.03132277460865557
0.02131229425490877
0.027752346242457537
0.02251000184655072
0.01726766492789869
0.011754758013482886
0.015552137824939999
0.010307333487598047
-0.0011551977891410825
0.013436754893849934
0.008199748028663023
-0.00979436094298472
0.009964611784422095
0.004728263731755278
-0.0005079767203848562
-0.004245910426275978
-0.002256773125568906
-0.007493080278818259
-0.016607425062459408
-0.015071347752580455
-0.016031659530868214
-0.02126906241261703
-0.030642972661057144
-0.026546669389339583
-0.030786182784931365
-0.0380313377915166
-0.03889956442534592
-0.04172397596356736
-0.04695934184770517
-0.0494067574789743
-0.052216223418509455
-0.062011227918390144
-0.05211758104035513
0.08741596559179166
0.0805666379647832
0.07666090481468019
0.07776372580961033
0.07183234697838645
0.07081985877079033
0.06397313093076451
0.05479435025148055
0.056379281344507565
0.04863719238943409
0.037248214369189764
0.04310000911634304
0.03625827319255953
0.025868761310773453
0.030358823374563443
0.023511965412172653
0.01357520905024695
0.01977562555186843
0.01292582326173089
-0.003994557719987357
0.015004687926948035
0.008165306470557798
-0.003939904316465764
0.008522061419958538
0.0016869352899595569
-0.005971072657033616
-0.002041886046941499
-0.00887874179213946
-0.01995829046744349
-0.017851375031983363
-0.021250696733767782
-0.032034031532555685
-0.034433665358313825
-0.03468516726228513
-0.04369681461212582
-0.04567617659491652
-0.04967616677506809
-0.056658159763725846
-0.05733965537567359
-0.06416948453650845
-0.06848242680171313
0.10018003950573007
0.0855000334801026
0.09413069391155687
0.08386674079389686
0.0831276956305721
0.07422410496797593
0.06368320235307548
0.06283602590154952
0.04706573141178616
0.05089698740830234
0.04334550171417359
0.032760665699987646
0.033676315796205
0.024357578371574096
0.01916776787255728
0.017266252646163105
-0.0007157149948334995
0.01728515821632498
0.007977654069313833
0.0045383939183274435
0.0058970680516666485
-0.004861652368139124
-0.003720496397698475
-0.010486100744190319
-0.02238887496799319
-0.021103660963987525
-0.029020117235359633
-0.04347306112062674
-0.039361648510390784
-0.05062954453378801
-0.054799432430302636
-0.060671845408862835
-0.06809570998260156
-0.07207672947707328
-0.08012076049417449
0.11773870331719005
0.1034914855793008
0.10589877614302717
0.09760676466566018
0.08889905994514335
0.07724337097832434
0.070934571499007
0.05429840197745936
0.05423973432388415
0.038984618154653816
0.038017709841537684
0.020559927196580896
0.024972067837328443
0.011550973248560803
0.0017502130842751706
0.007443038482840281
-0.003976367040126605
0.000882064100576202
-0.007386600639965879
-0.01227509103885388
-0.029607525873648344
-0.028050915376780505
-0.04486158036302215
-0.0499539308459504
-0.05970092631043436
-0.06762006673599358
-0.07753406195068965
-0.0831254796090343
-0.09288888169010093
0.1433954996424172
0.12915961381495977
0.1226525606900522
0.111618910084334
0.09706722224652325
0.07835495390678238
0.07203266020590002
0.05056408763827208
0.04386655156424418
0.023092600425175802
0.01912789468132392
0.011323794202883347
-0.00532804545582008
0.011276288624109398
-0.00820044173940368
-0.013949837333833981
-0.03413287572146817
-0.0425649691116714
-0.06347259327641491
-0.07248239604532469
-0.08707988217048351
-0.09885212577919869
-0.11211642076616402
0.43748138345732407
0.4725482322126226
0.30572985980307915
0.18229748185095887
0.11482786744537857
0.1155184124270757
0.09461355624724041
0.09724216384263323
0.08609959043664572
0.051534370197631185
0.025333138969056423
0.02465350888147949
0.008258645939396708
-0.00023803009617739956
-0.008603225671640624
-0.008212002429063836
-0.011392039961327649
-0.014403274890767426
-0.017177944566374725
-0.031054049764845937
-0.026419471317233323
-0.03354252692555709
-0.03816672070227428
-0.04075832416742309
-0.045249841232604116
-0.050673740506296944
-0.057351221026197
-0.0657679161132467
-0.07669174650209776
-0.0914035761163573
