0.5646366031792278
0.7955323989768576
0.8896382954365568
0.89470654125368
0.34749431819298526
0.6358752781937036
0.1750229434937855
0.0928938227355735
0.1584907418543049
0.6507271912759396
0.39199572188874415
0.08771121763326305
0.09566784869256001
0.13269159896208368
0.19336959800684828
0.3058638597910378
0.4130914439309311
0.15617276297602103
0.005314123502145293
0.15249289055328652
0.09956265463545949
0.24256397122432688
0.2102862837318612
0.012226647476120515
0.16895367591719646
0.1848384537629883
0.10827558178766664
0.12298555205957012
0.05098997857965064
0.05276989760906557
0.19786856391407315
0.42019021274101437
0.4023088159290006
0.22568363835675812
0.08808215808875636
0.05123203685806976
0.20482503953199574
0.36149495416271116
0.204735921260438
0.2987175937134592
0.17032452709845844
0.07876015881147713
0.046465973311721524
0.29976513714726916
0.1498425447211205
0.132165929400722
0.11483248265848021
0.10629263937259428
0.07999765204677789
0.2159796942970199
0.19969573489329517
0.123554783454754
0.16078683152615747
0.22696368385353788
0.053839246789438695
0.1107911547941692
0.2158291561498172
0.4639718690520537
0.4094600092426702
0.24714980790796293
0.12033396060294017
0.10594002116123549
0.012323596713663305
0.14242877919871164
0.1213304314874357
0.3248362772740892
0.27887888080515244
0.003538353761536151
0.28582444423353187
0.23895580657979112
0.26911052278349445
0.022096359897743136
0.008518473049298536
0.2666589364398567
0.2979846404710627
0.05496466512163942
0.20603705284286739
0.07351499869272951
0.06706074959099989
0.04724468286061899
0.03457342519570753
0.19816603179438516
0.15426022993890243
0.08679838585059155
0.2383604086746927
0.10264266828167706
0.2794957350386403
0.07638825589966125
0.10971924939561546
0.2298144889003038
0.23898666143623318
0.43792747831493933
0.4512486555761829
0.4467963679826203
0.35217092838421626
0.2763867660216425
0.2872765596568284
0.31286524745331057
0.23562388399492654
0.17383081405808484
0.20148640310021465
0.20110756690623133
0.06618896017081422
0.004784277988558204
0.027407418543167326
0.13890747036101034
0.29466802761669136
0.38921475020236884
0.05206190513488223
0.020169355770394998
0.10541516499081646
0.18144790308731917
0.27868987670083606
0.005792916784136532
0.32881936514945953
0.1444932297923697
0.05972232681195667
0.12475081972671573
0.03444766983170665
0.08558650811671041
0.13733027755702915
0.06060503358396442
0.013983103366812008
0.08628122512271474
0.1374813487345132
0.11307492428460905
0.00855836647167902
0.1626899496698584
0.29830477666161426
0.34971950323002354
0.358626325210247
0.03705398528128433
0.4032619535473729
0.40294405482200385
0.4086183977326148
0.39083879129718124
0.3892413573101126
0.39587908398321
0.4031548147544863
0.412212205800469
0.43272083229600833
0.44204893282116886
0.45156559846962074
0.4390635847780394
0.4317884294955798
0.4196485551034278
0.4180342173469174
0.42801542269532133
0.4130193129347118
0.3913613838500506
0.39547774176252776
0.3687593822623564
0.26008105952875227
0.17083853885268444
0.03835034813822454
0.08457637753994052
0.19720298827250887
0.2572958131589006
0.10265784757880682
0.08210648517525908
0.028666835200986156
0.04611781784063418
0.5974749897911185
0.058600980351549696
0.0176523418221303
0.0028044099924616752
0.08083422053973764
0.02100481057838667
0.13758090808665668
0.11317069005914779
0.058236104078545584
0.0011886210607741643
0.04731377689335901
0.10984981963854877
0.10519226686286894
0.18543824081399546
0.16058086611798447
0.09713169223772111
0.025686417434997326
0.07882285541595357
0.13245076306785064
0.1594582200151693
0.20133750235331876
0.21850458662462302
0.16219478749124766
0.11922828730410312
0.11778796807464953
0.11015942995413902
0.06480469778312711
0.022750378713562617
0.008567467416511335
0.0026512133522588483
0.00020770245586056342
0.006008656238635385
0.015554392513686071
0.024023688922024306
0.04005862030900618
0.030339129615665983
0.028596472662361504
0.03352633827205369
0.045287815385219435
0.09010650264264455
0.10349616538273919
0.08298758144846219
0.07917847268571174
0.12027341995524685
0.10132564708340809
0.033272402321593966
0.03563874994037468
0.07763413265758788
0.14385102406698652
0.22112271186408305
0.26657547310947177
0.3347660070067764
0.12806230288276474
0.0865185143050848
0.0762041630293644
0.007663404703486367
0.017420594670681994
0.09620257932741302
0.6077784784594544
0.07113104076441759
0.013088580773685955
0.06718929276247897
0.05419594918944523
0.059717907606150075
0.20184657005642054
0.028519442030257188
0.015536822556135785
0.035656074069887786
0.2449125690768681
0.21326964752929312
0.17429951169565291
0.17453511071234953
0.0805636843975896
0.0779107109723541
0.012679512918001033
0.036304476116072064
0.07713739946255502
0.19367054029760444
0.3075336819680267
0.3605471752886578
0.3819486915872845
0.3806341672142285
0.39949571525848715
0.0007882303759408557
0.4200900041517011
0.4235551158658174
0.42752713955397537
0.42244151637866734
0.3980314796093224
0.39980373988808837
0.401761355836731
0.4024493014886383
0.41108599079719654
0.4342986149570862
0.4403582466326488
0.4469889288573164
0.4484994105133811
0.4301339516472189
0.4297253262560858
0.4260388666733294
0.4212272796302645
0.43104724694043045
0.44101029327667574
0.4326618947304252
0.4175792112389103
0.4079168168632115
0.4193883915456197
0.3858129703560958
0.31027022375914515
0.2661744546000234
0.21791726187795213
0.13582457716347227
0.013739134038568523
0.07528424729431499
0.09575557046127556
0.17112125145730145
0.1862715343888256
0.20964349804219706
0.20152846093842275
0.18948500915422076
0.1048537680519407
0.07103443194189973
0.012550540201727294
0.041580704095143375
0.6228974463364528
0.06532319516713453
0.009828274836880292
0.12215751594910293
0.15687496873086026
0.15294751430890652
0.17582032116923815
0.013048613185637672
0.003121562984130702
0.00602723124109221
0.045305037261094014
0.28214257742998694
0.1461306131826435
0.19248316525569042
0.1863912462022039
0.18033837105963246
0.1707099408246797
0.1987212226251365
0.1317251814361888
0.13074635060147266
0.1338002448974082
0.06745959892705178
0.022000035120116404
0.05757397992805789
0.06522578261505113
0.06119924248767786
0.06937585052186475
0.12094891361703546
0.0851191979417938
0.05857950188310416
0.04683118991125742
0.03562977461703933
0.032924296166391157
0.019502258465378786
0.014328257596744099
0.02194380639959611
0.028651711062643453
0.03390156833926454
0.01546754080097982
0.010395900023522281
0.011104317146574038
0.010863760755196628
0.009664914801384428
0.015408806408417238
0.007996462195834463
0.02085692044535522
0.023666585865346472
0.027156101759403355
0.031605733249326876
0.0002650460660681489
0.028137044426718265
0.03193313796464016
0.04086631292425402
0.05034350316632863
0.038826218058142056
0.054142455781348436
0.15008294232593528
0.16599882419439888
0.18431173996724853
0.2479011148038884
0.25448843052532893
0.31915763105987766
0.2990712043448204
0.2777343999369245
0.20173838647574377
0.10473655500273144
0.02004782637031856
0.038116719529553755
0.057150440684258175
0.078714762968344
0.1619272621205316
0.23955721409752007
0.18749149980916105
0.17217837321252402
0.1538599594717934
0.05057442405701272
0.1266025314938906
0.07013350405055208
0.06196183439814588
0.055905418720091665
0.050038243503039204
0.10454809104926627
0.010609011726907761
0.058030150337379335
0.04705327748414061
0.03339862085269385
0.01978082943813675
0.08679334675797985
0.15894140209252255
0.19334199659782872
0.1808986023376756
0.16865332473049746
0.15666491217832756
0.1475711217081085
0.2674284489048039
0.35828022963288525
0.3465279392037914
0.3351656552634359
0.3242452247346592
0.31725617150132823
0.4448172970095691
0.33807370866890435
0.34428898567508803
0.34895791738847315
0.3460821300748408
0.2975484702686722
0.28794886660969
0.29026473322341084
0.2915269673177425
0.2918339140444862
0.29241545428737314
0.2326926315506671
0.21263044956858265
0.20890743992697733
0.20427823229985775
0.19876095841597025
0.1923812297736998
0.09029160648114827
0.01711579671573099
0.00677467213101168
0.004450148326874596
0.016546254151131833
0.029499067135121203
0.15209586197770744
0.21638504756815619
0.2332654033370197
0.2509190158706615
0.2693116270384737
0.28839147639515866
0.3541960243041769
0.37060673195878846
0.3535041444846372
0.33459276634748536
0.3140716027158481
0.259405919790463
0.1559223082555387
0.12786982978301228
0.10269666977050987
0.08098580502423591
0.05374843000581884
0.09918860286109951
0.17716872838704995
0.20600324240305518
0.23599077489321404
0.26705783772178515
0.30190753131482717
0.42898121156744495
0.4822975721863238
0.4730100374169274
0.4592837678767969
0.4441145275770801
0.42716587554843577
0.30399857719373163
0.20015611324911797
0.1727017916017418
0.14453485880208233
0.11581418859302728
0.08670760571372454
0.09833008410226325
0.33471227523977914
0.3494736015128835
0.32620308154761346
0.33106615430433445
0.33590352594971346
0.3364810488319446
0.1046675886534838
0.014340662084926084
0.01277709349492201
0.011230310513787645
0.009706058627697786
0.008210077334303394
0.023254299453457673
0.15334736910825958
0.17620231868548514
0.1717282101608476
0.16731172848038056
0.16296715137436624
0.15870672974230357
0.16821080242647668
0.28643307686568475
0.3125890508220547
0.30480128774005855
0.2973152080519
0.2901222717252694
0.28321352965470215
0.36336497843097054
0.4243158352094942
0.41805221368268847
0.4119636103754728
0.40604737524216317
0.3662496495388118
0.3064142719335803
0.3044914022713094
0.30318885315994654
0.3018463217413941
0.30046478431328516
0.2870251129910853
0.19413244020672504
0.19200692706608405
0.19189358445435836
0.19171621562293675
0.191475612474199
0.19117254316190851
0.05656375919879266
0.0007014695856817667
0.0008975378360846584
0.0010238945059863596
0.00108035499308861
0.0010667347137043367
0.10033812015702291
0.18229287841819708
0.18363311182578318
0.18505163573674593
0.1865496144842969
0.18812822032683774
0.20640110113278795
0.29042507163725834
0.2962898433966944
0.29985691782498725
0.30353145522646663
0.30731514398909104
0.3154163388569245
0.4015451941950015
0.41616278801348
0.42151041154065777
0.42691944916360525
0.41854870695996566
0.31333593938060206
0.2814727110554256
0.2863359224633183
0.2912897541703973
0.29633341755226766
0.30146545088452203
0.22573111380647115
0.14491133658219066
0.14424871771208755
0.14514533145905034
0.14590229101901767
0.14650676091410664
0.1469457631822863
0.09021018590929336
0.021611059534076417
0.0275870718246356
0.028803871029149705
0.030037337333544564
0.031284341228185665
0.04214013302536793
0.24360729962305672
0.3707612279971026
0.36803659803475075
0.3271873215920891
0.3374216054853129
0.34780272953735214
0.3583173695135291
0.2138358762929591
0.04212843731652176
0.054035813331169275
0.06611118091923991
0.07831316505508944
0.09059915572437154
0.10292601674289284
0.0584967491590114
0.02219551609066605
0.013325404140816358
0.0006345861044914844
0.014318566124210952
0.027707020801597565
0.04078475220675505
0.037861882825636455
0.06692174343223194
0.09133598642501153
0.0761647687634328
0.06143641672270923
0.04714096367626719
0.03350032781542646
0.08936043215073394
0.19136407349961906
0.1768416110821193
0.16252690726636168
0.1484234317520523
0.13453390399967075
0.1677231965953505
0.22443111561836343
0.21165363270325657
0.19890206621910006
0.18618248311121097
0.17350079056412385
0.16397806089832972
0.2520685995978685
0.25027719728772724
0.23869324614008916
0.22704078891766905
0.21532432634149828
0.20354847793610129
0.2716192121406622
0.33119355053180694
0.005264594427354568
0.3377501119404809
0.33064219427666686
0.323240788570555
0.2419438482607871
0.22349506874730385
0.2341566479748527
0.24411883977130408
0.2533771873799432
0.2619277445670778
0.24574428646675706
0.1837078244756931
0.1921649188668494
0.20007906973704237
0.20729854350032256
0.2138082931058504
0.2195928912928863
0.1329281214586997
0.13148015554225334
0.13695346040218098
0.14168686736760883
0.14564601639553004
0.14107750424654458
0.0032364234924508913
0.008510383859315317
0.008715065495508257
0.009919087891441018
0.012180293284195474
0.015558605843388123
0.07613559654697902
0.16382386962658207
0.17333573715677242
0.18188636680343884
0.19159662292867097
0.20248335201023313
0.21455703779735458
0.23404416318087407
0.3155878784206628
0.35165713444064056
0.36422671924786254
0.3775831063657208
0.39168494036762314
0.40648452311500116
0.4537842297841366
0.2895116245028555
0.27841608325440304
0.26618562632478576
0.23824624409432604
0.21065856130658261
0.18330168329255858
0.15634603079031845
0.12995301789281455
0.26060831681987595
0.2514683502981989
0.22102277571155632
0.19147798517909767
0.16297240297981752
0.13561915495522892
0.10950700051459036
0.13380516451831098
0.15004813930651162
0.12596797001118726
0.10340152661812904
0.08235204689919222
0.06281047469986191
0.04475835113974218
0.03513701851492103
0.10244277284896712
0.10286718500665386
0.08832040568191779
0.07522906582728668
0.06355688359075458
0.053239775136034534
0.06632118267286198
0.08855787294570017
0.07957593771242594
0.07186093230047662
0.06538742944450826
0.0601301582227986
0.04493560260588634
0.014632768304454938
0.010942334269756873
0.008365416361778493
0.006898942749117997
0.006540889901630621
0.0070035255108613316
0.02451004125702999
0.028703966325219217
0.026932939553864083
0.02403648280006531
0.020000406803227212
0.014809499195033438
0.015284867041316142
0.025688921554785762
0.020286351141066514
0.013714950143073857
0.005030928974814266
0.0031881339771603085
0.010962144426926657
0.015644409513373456
0.009999326619341487
0.0022736590337837145
0.005428817060883553
0.013106755708589978
0.020758837566180563
0.006366872778049756
0.03033617011525577
0.022575184059444496
0.014780971090404046
0.006955050747325522
0.0009010168166174691
0.00878563197309428
0.05490020293029017
0.050354846135121215
0.042457099012111275
0.0344311700455347
0.026275455658486713
0.017988403403009626
0.002679153825031616
0.011431619131994395
0.02001637260565667
0.028689158069681676
0.03744941585484626
0.04629649421393224
0.07087918438594816
0.12784400033770527
0.13830470180027804
0.14621139945969658
0.1540564950868939
0.16183874590238542
0.16955698102729186
0.17721010106126084
0.19940862630586667
0.218945960079433
0.22510024524260275
0.23112159595288906
0.2370118117330065
0.24277277916719486
0.24840646075105466
0.21420135771722237
0.1423011451148014
0.1487513706410365
0.15508757596592623
0.2008197668452127
0.19454150955779576
0.18814755649526022
0.18163673973500738
0.175007990523508
0.25808112492423096
0.26265846317352887
0.2565752868636907
0.2503718179681923
0.244046520691057
0.23759794429784875
0.23102473318195044
0.20464324086760596
0.18141386225168088
0.17347741504199976
0.16549062817806495
0.15745495424697575
0.14937190206765125
0.14124303589407858
0.12631606852000757
0.06857517862158573
0.0529112530860663
0.044391634969504844
0.035974187672896556
0.027658938225533225
0.019445824243206337
0.007704487651936463
0.004941550074342695
0.0029234868889778526
0.01066794403775841
0.018292961428581413
0.02579973828375544
0.0065769769275168186
0.03327738901577855
0.02551861692306783
0.017776771628250455
0.010053501403549275
0.0023504300591593455
0.005330844595909808
0.04005738950883386
0.039114599666665584
0.0313909257810608
0.02363972228602817
0.015862288352788023
0.00805995088106961
0.011259372266783075
0.02823950242919608
0.02045599331119901
0.01267276166964744
0.004891224507353732
0.0028872034387839775
0.010661110980558178
0.01701589159169021
0.011677248139510777
0.003955796007618725
0.0037425762367947436
0.011416522409355768
0.01906472287659483
0.007406814463430547
0.028256675865131965
0.020509481082087947
0.01272929032053299
0.004917622380602438
0.0029239634841999214
0.010793868707808931
0.04257467899942556
0.04218976476203562
0.03428942424605026
0.026261463441838946
0.018104305956094746
0.009816427504786132
0.0018971805720859117
0.01695259454194914
0.025538639082387585
0.034212292782828724
0.04297298265453318
0.05182004350064429
0.06812565372284496
0.12314827093923128
0.13640486692311257
0.1442935014308049
0.1521207769749126
0.15988545139397262
0.16758635422595392
0.17522238629160944
0.1926111393859712
0.21218850585303534
0.21826370414186458
0.22420793168284592
0.2300229469129437
0.23571059485392457
0.24127279610885338
0.20869688485266308
0.13536985374725066
0.1417565871300521
0.1480308177140927
0.20230840546144865
0.21404848122948733
0.22584813354755517
0.23769983808773953
0.24961551302681845
0.34893846282675467
0.36804287662630186
0.37958233522897894
0.39107640641946284
0.40251693993462623
0.4138958265494159
0.4247241448876029
0.4149745243482516
0.42149731918409067
0.43100832548056994
0.4403935212117991
0.0030328303439823706
0.44617447792693665
0.43756253864686634
0.42983679283189935
0.4464961514571074
0.0010195042862399433
0.4389911190945536
0.4275210212953529
0.4159900758824089
0.4044040299486017
0.3884717287194934
0.3782601232415607
0.3661915791817664
0.3539967943406255
0.34179935132341815
0.32960603570988395
0.29530177650087724
0.24583643715988504
0.2350391220572906
0.2241345245640876
0.21332734635359196
0.202749925474619
0.19241061016238603
0.12820080321838362
0.11352234904640601
0.10332851158025617
0.09336407289860454
0.0836360990347906
0.07415120739471649
0.04902719957159543
0.005966872670214425
0.00393497284873895
0.013530931239128765
0.02281818263508211
0.03179440057496743
0.04045771526863985
0.09905896917505594
0.11432305869778026
0.12276616557424795
0.13086139071086939
0.13861096790829616
0.1460173790157635
0.17675324733125483
0.2348295555385903
0.24220222161448515
0.2492660812901241
0.2560218359479684
0.2624703454474728
0.26830553500020016
0.34063841303399817
0.3602877099455931
0.36751153912494583
0.3744813966514749
0.38119607679322154
0.3868838490193085
0.4022865561044687
0.41488742734912293
0.42016872169758956
0.42516354744091067
0.4298732343213794
0.4342990772634109
0.43033576966973347
0.41461565583306215
0.41510514570313095
0.41612305546842493
0.41682390831416327
0.41721279165156666
0.4172945746734477
0.41672819103954084
0.41433319635435273
0.4165796919261063
0.4138371779065847
0.4107994294095717
0.40747541151460887
0.4038739418614403
0.02038632340050571
0.36938351976806943
0.23528519782467983
0.23171550571818622
0.22842887142970225
0.2748201457017054
0.2797345409895891
0.2844487880057893
0.28896055710753515
0.3008713183022004
0.060909184744307024
0.3785621549229685
0.37909125802493293
0.3799113122354729
0.3810286776830042
0.38244955603719444
0.383858435288161
0.3793590582404748
0.38142583440942773
0.38122322436002753
0.38132422900767665
0.38173302248590235
0.38245364089805667
0.38347717783208657
0.3852319251324347
0.3931626902001231
0.39168766716925757
0.3905207972533747
0.38966049674975184
0.38910496917423487
0.3772598171193252
0.3286537418364175
0.32802850063125216
0.3275668309359347
0.3274109434224318
0.32755687240410525
0.31182382183630775
0.20676335444852287
0.20677495087953615
0.2091216127200713
0.21157936566793162
0.21404252030392906
0.21651078549304523
0.13207748215048845
0.09590903963291071
0.09873995420081334
0.10159322447753896
0.10446879309102604
0.10736659789476745
0.07782051367654622
0.024462255086355224
0.02171584581001341
0.018953988841978502
0.01617675793809301
0.013384228954049485
0.010394608190003091
0.14155716417702288
0.14031104161174518
0.1373331300061184
0.13434609368600411
0.13135011046212072
0.1283453590733486
0.1915059036184119
0.2478929422546256
0.24523602018345947
0.2425523731289367
0.2398421137517922
0.23710536302743698
0.24995154211395665
0.35039460073857653
0.3521711068354611
0.3507940673760445
0.3493888032058886
0.34795484495429807
0.34998245250710597
0.39262691532212346
0.3961666503555394
0.39388846958509977
0.3915857375350984
0.3892582534941115
0.38632958195866757
0.3763329804725778
0.37383712228812094
0.36954461747283346
0.3644101877504145
0.35929895777383875
0.354211912310476
0.34914998286719745
0.3464339653487662
0.3580547535381116
0.35259767698363115
0.3456421685101573
0.3387772751725667
0.33200611464190594
0.3300472282860054
0.04356195756770834
0.24220861804606927
0.24169790678624473
0.24118258004930102
0.2941853851511448
0.29487967461669873
0.29556364660859746
0.2962359401456046
0.3352406463288738
0.11393514717897678
0.3307043664459869
0.3369587320708327
0.3433061859185517
0.3497444926468903
0.35627098057392914
0.3558314275747299
0.3525211968551099
0.3574461807796366
0.36158637177957065
0.36576888916802297
0.3699933435651379
0.3739453395733898
0.3734361143254916
0.37721584546444753
0.3814254139396037
0.3825697113447109
0.38372450056689966
0.38488962945148886
0.3785095380657424
0.3358956932371941
0.3217552211221277
0.322491939728175
0.3232348645170138
0.32398388012178675
0.3198048154974827
0.2239876797861327
0.20671229991130669
0.20910888995703983
0.21151555127775995
0.21393195586564337
0.21635777326548544
0.15374004168824834
0.0973981120661131
0.10022542610609482
0.10308040740333245
0.10596300503758246
0.10887316204342436
0.08572779237297351
0.024918761362983516
0.022148912584940422
0.019358597097294962
0.016547900401018965
0.013716910824983731
0.017414914231594743
0.14517041506795852
0.14215223738963714
0.13912035871138562
0.1360749867821353
0.13301633104925165
0.12994460262416943
0.2125216705384375
0.24721187557322954
0.24450046495426775
0.2417570858681046
0.23898184896343322
0.23617487514619656
0.27824282791295035
0.34756121692826775
0.3479167032302455
0.34648378316979017
0.34501710355547055
0.34351608008140383
0.3631012341199195
0.3910573605910708
0.3939784004540796
0.39157880871764306
0.3891494440888142
0.3866900464871839
0.381108530831581
0.3765855264891257
0.3765455969082621
0.3712463038180594
0.36596860906400436
0.36071365197189936
0.3554825116026066
0.35043841926057995
0.3627994470284951
0.36382801531137815
0.3568183928307472
0.3498995317125801
0.3430749475619375
0.33783010506616434
0.046451438006354095
0.22833749414230345
0.2276907231312117
0.2270447222717888
0.27986129804232707
0.28068782341949905
0.28150745104362573
0.28231880761929684
0.3504354622594428
0.09934605616284899
0.3404167587108344
0.3467193305439853
0.353117410272363
0.35960847721233635
0.36460359904050366
0.3573715436605392
0.3575275082787356
0.3619929587340987
0.3662752937585157
0.37060265889191374
0.3749746039031735
0.37590865140417595
0.37293293357037033
0.37746625580170867
0.3789978261999031
0.38020314752284334
0.3814194459446452
0.37961000623133
0.3430074666330536
0.3164341181897327
0.31735449649665176
0.31812028246319857
0.31889245478320444
0.3196708883876963
0.24492639063102062
0.2051734632016379
0.20764696424550938
0.21013111495070275
0.21262554814428328
0.21512989384305087
0.17310027672505848
0.09806241385994596
0.10100447445172864
0.10397617615843209
0.10697746056885982
0.11000826222104278
0.09345070286375474
0.025640857944553022
0.022747520796531827
0.01983236156785111
0.016895477125221145
0.01393696762621328
0.026571743747800445
0.14687141260041933
0.1437291542980696
0.14057245378273503
0.13740154585126402
0.134216667204411
0.13133831056461895
0.2299346865726542
0.24584765196550226
0.24303540504109677
0.24018895454069675
0.23730843326970297
0.23470247269877637
0.2989005221858814
0.3441006810004151
0.3426208494039772
0.34110487492940667
0.33955210667020164
0.33771256333632743
0.3673552755116086
0.3932954257961013
0.3907955579131172
0.38826367500829834
0.3856994870139277
0.3826447101058997
0.3777308775012499
0.38063128164388166
0.3777751858993802
0.3723556441817106
0.36696043391440997
0.36159076543493657
0.3562544672451989
0.3618748341811618
0.3753538236657226
0.3683499081568749
0.3614388976954703
0.3546246628445082
0.3479134096451887
0.05089731253863733
0.21707982199959774
0.2128474424287165
0.21205838341966982
0.26808729354465066
0.2774290524420083
0.2869494349371606
0.29664625382115994
0.010259134653574628
0.3221757677605626
0.30701727785471267
0.3044399603365928
0.3016891559665784
0.2987546704670296
0.2890772724082309
0.26462846845179033
0.25752835821389325
0.25150514160753273
0.24531675503496897
0.23895890954216437
0.23242727004992964
0.21283511506901723
0.20081138541444027
0.19153357951813976
0.18218081148128046
0.17278679610704212
0.16335378393135036
0.11803296824322235
0.06598267536010585
0.05246227433099677
0.04316046451670693
0.034645004552252466
0.026870091702426824
0.050805975546652955
0.11952765946775515
0.1264425367142598
0.13266488802997328
0.1381989069193991
0.14304858387920913
0.1937132672847982
0.28789102805707695
0.29257575724058416
0.2966486837675684
0.300113630050501
0.3029735198618027
0.3315515918737444
0.01605255516178012
0.428758021114248
0.4256037942912789
0.4229464404352842
0.4207912328618181
0.4012083229255766
0.25830024866161133
0.25288475791329906
0.2500569248734359
0.24784795534001433
0.24625527897763366
0.24329059742924683
0.09647782756181658
0.07633007674082776
0.07617249725961928
0.07668593978655873
0.07786615833740086
0.07726367318580823
0.03933249016033138
0.09633840850924275
0.0940953031524869
0.09113592694773785
0.08745516268730269
0.0894703827377057
0.17264436557404197
0.20502016145260393
0.2008913934872401
0.19507670132817254
0.18856191649634368
0.18219965710335298
0.20444019809754113
0.22542054671294792
0.21711308112137018
0.20661035694593927
0.19560621367555073
0.18411596584213202
0.18549251664150596
0.2388262989157452
0.23567739629788936
0.2215312138150441
0.20717845051261086
0.1926442142109258
0.22237319837907163
0.2755452492731946
0.24645634038885683
0.2508460838068931
0.3252118625255344
0.33712628106132453
0.3486393577956862
0.35975054405785734
0.22497880270837667
0.07928037501108165
0.05638473314302544
0.04588888524722713
0.035758291118447055
0.026016700450791422
0.05602960164234714
0.10372293120723786
0.11503569495273397
0.12572283067262524
0.1357746477315069
0.14948381140068875
0.201673280699462
0.2587582659182057
0.2654403813821064
0.2710361137889661
0.27588278942395406
0.2874529715982371
0.37610959649331205
0.013277096958159543
0.41421371386947625
0.4099759838375575
0.4057767858174312
0.4014449934858948
0.2829341321324427
0.16678459840156687
0.16302597890687173
0.15930264621759205
0.15561579169779716
0.15196661194817096
0.00411897182967089
0.12711634875300173
0.13166601022592514
0.13616379606156345
0.14060880027644534
0.14500012065988224
0.3554624832582009
0.027252546058582627
0.4010262976093348
0.39693485896595493
0.39288754639306067
0.3888855086544873
0.19200890673260582
0.08209698549873586
0.07691035466032786
0.0718416560744163
0.06689060065186457
0.062056817607728826
0.13508543934528996
0.20975110411598746
0.21312143480293044
0.21637604471843364
0.21951623835196818
0.2249326288338454
0.38304143978718797
0.02282139203123111
0.40980921457588904
0.40636205814996934
0.40295315676252497
0.3995836049893796
0.30199333483847857
0.2475015417157551
0.2334079835537491
0.22874696079727871
0.22416217636832633
0.21965449409164253
0.15670099553866734
0.10747460094280636
0.09693167582151048
0.09137227028111015
0.08601113288940863
0.08084282917042884
0.008016025262812077
0.06458893152912461
0.06836789050760714
0.07044332873056272
0.07238403084371225
0.1417854254270023
0.031108653930323898
0.26922599238711625
0.26249828311949075
0.31959406842562144
0.32020222286228023
0.32075051393128534
0.3300581393274751
0.2713753597239168
0.11669585978619304
0.12335806537263407
0.13037529374905224
0.1377646814117995
0.09480059220303791
0.030521249905330797
0.03216604135653684
0.03722080992015533
0.04252382261759901
0.036647760085337926
0.023449210393662413
0.0641479605408402
0.059191116409529274
0.054089727316790716
0.04884409854638548
0.09156340109048366
0.2064842148469498
0.2285688935428163
0.22319740027676926
0.21768683190420846
0.21420724873432004
0.3277874451778198
0.40862956616914387
0.40519138005994837
0.40159145662011964
0.3978262299500161
0.4036423303853825
0.09271264439030445
0.25920636551935605
0.26498696087273554
0.27090330254786016
0.27695384216603597
0.28313684971725606
0.005687147717297272
0.04072235555423666
0.034913506118807926
0.028974802652254897
0.022907148661816895
0.1854441937759985
0.3318112654749614
0.324976592489767
0.31803839957281027
0.3109983183052688
0.30881695614646393
0.0289509703148003
0.35009926427120447
0.35310878317860234
0.3561688924203934
0.35927744460542677
0.35837084614846115
0.23021827368541364
0.16425371878748904
0.1704059298643739
0.1766795600444537
0.18307260596292202
0.13890203050406352
0.04222722993877658
0.014932837286682613
0.02205570163578294
0.029292770970749574
0.035013199028057336
0.006764056475027227
0.06912085766697715
0.06412027676569927
0.05625130448160189
0.04847643956247626
0.04687305793257438
0.1484543795061705
0.16704916990449567
0.1575461028159917
0.14835904446476897
0.1778130483674314
0.06763120676019278
0.23053419546546247
0.23098051184901688
0.3022941341577344
0.3118592835554153
0.3216566544130979
0.020069546220312075
0.16351136363050808
0.09140840882952683
0.08602889371707362
0.08033520631247226
0.056489080199894626
0.06299644330591034
0.08399864338277016
0.09407465719859548
0.10437648772263758
0.12100374023112163
0.22609556390515403
0.26217713644268814
0.27095028757323125
0.2796391058811996
0.28824251586077676
0.3882704712237608
0.01700277216467048
0.44636934583653726
0.43868112189884917
0.43091602883654495
0.41953745324939073
0.25824184393697575
0.19363252041970386
0.1852294118233995
0.1767084071738819
0.16807040279078272
0.09983581736384321
0.11957841381606397
0.12976123782263324
0.13999114142264155
0.1502642417279133
0.1680296235860251
0.07783031642128502
0.43729672372520834
0.4292149207435432
0.4210504259574667
0.4128043225560911
0.27016624023585073
0.09240174322431627
0.08090404726302447
0.06951323686992111
0.05823444653135536
0.025671181279577748
0.22306271981880774
0.23234458362899585
0.24145680140246129
0.2503990935955329
0.2593226065203653
0.37686139789805906
0.019673830953151457
0.44328168951755487
0.4353501207143796
0.42587891961075486
0.40168298054513646
0.3048478017988144
0.230750086908014
0.21882279873339974
0.2086297964433484
0.19787090547506064
0.1376805222154241
0.03807684620363255
0.031721973990626616
0.027416301342241545
0.024882067635765875
0.02053205867870355
0.15027620611393053
0.14973857309417823
0.1454327955664426
0.15436129097621817
0.1336591023337391
0.22766430004852253
0.2252538543798845
0.299366782313626
0.31286471590774023
0.32563102417053674
0.12336389094015604
0.11220868388905618
0.06493125563720797
0.05355350167328951
0.04262618952159271
0.11665358715101896
0.1706835139516435
0.1817836691959396
0.19178751222839366
0.20893761967351737
0.3730215972703587
0.3866658361633079
0.39106156666959213
0.3948776723470783
0.06898588777619247
0.35046110891503085
0.2690345835054039
0.2637824792772004
0.2595645056451894
0.25556141980082275
0.06290620165852244
0.05161786851140994
0.052973876237319424
0.053217199305498626
0.05234642366891549
0.19885900366240292
0.3787389973772264
0.37741530353129465
0.37520467322696294
0.37210198935594485
0.029410961786015048
0.04012873153377177
0.04897850878197882
0.04775501620342381
0.04554324393921397
0.21785537894724843
0.12511510867897724
0.2888646317551826
0.28696792355983647
0.28602000129561417
0.2730854004150523
0.023979814379096877
0.06265096817364536
0.059582125155387175
0.055477963449543775
0.05090467453787448
0.2693100042588357
0.3535755347903793
0.34719651065873647
0.34127667279732593
0.3361842241141668
0.037739412497381566
0.25911576500197603
0.26256580641460064
0.26956876619104125
0.276228681306753
0.20788134257809107
0.07066234288828818
0.074270660432314
0.08007821795134451
0.08551903602424259
0.059986997630389886
0.14722565980106733
0.14265498083597705
0.13841759674438905
0.21625946998616014
0.24761130137830126
0.23415458014792684
0.31162561399471667
0.3149996961076692
0.31839109682450056
0.20835831767243013
0.13677138378227816
0.13035656300679466
0.12527226579519407
0.006642398855837488
0.11330635980641246
0.11772805777170661
0.12159156917314384
0.16072926335886983
0.3481737329777796
0.35005695833986866
0.3514515570850034
0.35705644968737477
0.002573039689848162
0.3288960490006842
0.32179211244143135
0.3188866319785462
0.3142180875824286
0.11433948896261006
0.01246423928039304
0.013546464141530296
0.014076952180242536
0.023641587067827652
0.31849186529636525
0.3721150787927731
0.37150850952009445
0.3704846188099717
0.051165654961683016
0.007916935334474833
0.054113524523131465
0.05440347282318763
0.05419484353910123
0.11112294119357541
0.3309197941717421
0.2979941267186011
0.2955120124325464
0.29349256151713526
0.09208595899450625
0.06546261626054851
0.06536026693691982
0.06470489780178947
0.06350155489889854
0.3133984453220957
0.37317237449284546
0.37076406204501705
0.3678895206280876
0.09474286731076247
0.32747924166180387
0.2836607861978474
0.2823549107971483
0.2836091500044461
0.22025141481724025
0.0725147231299316
0.06819463648849994
0.07166595794325675
0.054665695007133926
0.13682127838537056
0.15734657234956279
0.15162159142927278
0.23076206800455443
0.0835405047929892
0.23360883210049257
0.3114523855044269
0.3155218009541659
0.08653350715356564
0.23758306256430048
0.13787643952646986
0.13161986811458437
0.08210140409306482
0.10842721253102826
0.11599225519415267
0.12078604988565242
0.18765156346823553
0.35014848547569527
0.3523240179711554
0.3553908331760311
0.1232530965251191
0.3749907560591235
0.32279976586108683
0.3190555749936802
0.3140582433634358
0.12718855289145184
0.012294217956033502
0.013546356420680972
0.01405274674223076
0.10050894381385167
0.37183197195335815
0.3713289616001724
0.3702626177532855
0.05177019714156111
0.10235450417610088
0.056245043558065116
0.056607747205835134
0.056297067784020646
0.002650179149345528
0.30083957655040394
0.29301249890771575
0.2902145576668667
0.21555583737904238
0.06666929067039011
0.06920291767417054
0.068488445812036
0.06703413329948532
0.3423802747046974
0.3739096054521981
0.3707958884530532
0.371969346920863
0.053126656886216234
0.2914766075708975
0.27954939033427695
0.2809469697784929
0.2271947703724157
0.07298240709113837
0.06477967464381917
0.06913137975616289
0.011830516590522535
0.16245123940122483
0.1577275981878993
0.1967316210589467
0.021731317338702854
0.2279783287321989
0.31129324837125794
0.3162955510073263
0.03760868988272671
0.19609770610420157
0.1400114045420635
0.12827336162844977
0.07231724147968907
0.11362500073476006
0.11972842802663933
0.21479524094230834
0.352646594821457
0.35517119240557016
0.3685627468390281
0.01718717510881853
0.3271381381732684
0.31954915747401463
0.31491122074766675
0.13831887420078315
0.012096319986036812
0.013552316676394156
0.013965629334251169
0.25686897115613455
0.37106899423748185
0.3700218907197162
0.05248729298958241
0.19933274484088118
0.05886025132881424
0.05932655295012685
0.09091942925381268
0.12729700551032425
0.2906519508323612
0.28663719062161225
0.2757566184793306
0.022998056003158202
0.07394117632371323
0.07318206728547232
0.08145840834672638
0.3565811366969811
0.37460429901188275
0.3704490225216619
0.06853937558988797
0.3314958824731267
0.2772127704837627
0.2775948823663352
0.23352273791651873
0.07252436091847711
0.06067101904366676
0.06627431755929908
0.10268330499049433
0.16589111202836393
0.16739502820163027
0.12336519661109818
0.22087411648949842
0.311176514502999
0.31746975768817554
0.16314186857644472
0.1624852443607525
0.14196670584531712
0.0027605092550804875
0.1102568227161581
0.11828610396138504
0.24221172058892468
0.3558931449702457
0.359849544285063
0.10354695260843909
0.3653026483036691
0.3206605947956356
0.31510564469050134
0.1497810965505531
0.011862153818124652
0.013555901600832424
0.05332361108681047
0.34936228039065215
0.36973353688361443
0.053374691790128465
0.2957236874077618
0.062142091902288164
0.06276283669405268
0.19965631536054138
0.15763618814617456
0.2829802871174501
0.27826592998903915
0.09166415193228906
0.07991296260054913
0.07915604637118138
0.1130879418901312
0.36125752389234106
0.3751152320533467
0.37816956151013914
0.060814633702439336
0.2841490263962094
0.27326051016973085
0.23898428042167844
0.07076608500604663
0.05564492889524907
0.03266064069149195
0.16450052996289347
0.16661729909067763
0.21481874871958495
0.2346411272099544
0.31116228208982344
0.34213200220071494
0.27572949198155683
0.15578545842249358
0.08731818578122595
0.10417176186942774
0.11621933415186973
0.27004029479950503
0.36025388358412563
0.3774688547924973
0.04526271660829589
0.32454745638722254
0.31502704209417265
0.16179763000578903
0.01157782673472467
0.013524199256018596
0.17880186175272622
0.3693055412902251
0.373162527671199
0.07605118780931815
0.06637646871402468
0.06724156878010878
0.3258819209980755
0.1664266825889182
0.2724349937610802
0.20615853827277836
0.08264148569747504
0.08701061237554941
0.14105367882763342
0.37112718923665566
0.37510368078585593
0.04521441264976783
0.32942505370560293
0.2674706642816542
0.24316251516943035
0.06709871854153737
0.04937964361618422
0.050110784735396166
0.18022194268089173
0.230734179868835
0.3030032144645354
0.3113846101080725
0.014320088110784363
0.23233669026999226
0.15001035929641543
0.06892438255358502
0.1130522009951716
0.2985926055961489
0.36635380775640436
0.08329915713873964
0.3553635300703431
0.3157577187518645
0.17343496093889638
0.01121553641946764
0.02324076548871227
0.3148428272071409
0.366548319757778
0.023723114595229085
0.04954858175687139
0.07331651508431693
0.012007109012301778
0.28084084804593173
0.2535576584794096
0.03768788953728508
0.09778394100122294
0.16714935096709524
0.3811907723036592
0.38227310346290694
0.07058730193716815
0.2667476775365864
0.24531070219302706
0.06045897308734003
0.03648251865211688
0.14572858199267655
0.2191508349206004
0.33878802699615823
0.3121672964770829
0.10679582398534954
0.20450313453313287
0.01333380215953851
0.10771054382748296
0.3285513370658417
0.3891386889592853
0.07850789244291755
0.31925548356289446
0.1847136301645608
0.010701855039101258
0.09973305723570232
0.36561210894253676
0.05945172861450033
0.021566923452673848
0.09859529522926105
0.12116318602714259
0.24624268122902188
0.07038481901635868
0.1134283405873928
0.20075360206967557
0.38544007797776003
0.034302398319804764
0.3050584336269275
0.2439513261832641
0.04879702742065288
0.01789516511204529
0.20520198982335938
0.32783230473804936
0.04955246440186846
0.08130862772716232
0.03893237507312318
0.18277541338658293
0.1407036881767191
0.19491213589333922
0.20918376026928795
0.2226858704214317
0.39674309989876017
0.40034567457917036
0.4048400256742621
0.25277625169702944
0.1613106881911891
0.15419344229522425
0.22542008979451536
0.24066334888907423
0.22640010114437897
0.2112738437398691
0.25551548218285924
0.25593652864249006
0.23146165064590624
0.22407252973260292
0.23653189742258957
0.2357396620940399
0.23051617016682702
0.22394297838891422
0.21542412757374377
0.20395593011021276
1
