0.27693693529773133
0.26309402782960567
0.0770317566185455
-0.149764149746075
-0.19356777359095884
-0.08735473984063477
0.17978962234373064
0.5934510263377629
0.33901453645534624
0.8835876819820062
1.0807426944367222
0.9691256410386209
1.0930131187576388
0.3609249555114527
0.6485996601194718
0.48930965528967973
0.41185329189341147
0.4909924606770047
0.5793823381500887
0.6731014036824473
0.0655785817340937
-0.10704241533755349
-0.14167039994601366
-0.060174083898645175
0.011500959895580087
0.1684618235560864
0.4108861321376933
0.6451439317094123
0.5087679403157649
0.6137761038327549
0.6589396098190148
0.7614735729024554
0.709427747033895
0.6959419740182473
0.43845854187178235
0.028321606616592138
0.7192584696969286
0.6856311827874475
0.6163391344222241
0.5970219763031642
0.5199086072245054
0.6245659458723681
0.6088479640887567
0.6602246833599396
0.7758279059125031
0.7927705152813965
0.4778245335947365
0.08777881026659384
0.14924983767399203
0.036930154175327246
0.04301615391118771
-0.07501011822955372
-0.019752779913669027
0.04810723056153515
0.14000076807870132
0.3990402455857009
0.48711663297422714
0.7290401296308493
0.6717717087121002
0.531466292791621
0.6230891422822584
0.6975822161332398
0.6796763549417503
0.7147514848742361
0.8827400749684727
0.5537947309298576
0.046267903908412955
0.4168733826387208
0.7366356941110804
0.6992260849555062
0.7240571975461679
0.6100015437952296
0.5738219282265067
0.6361797762522842
0.5912473484674754
0.6341829885393759
0.6924095073686961
0.7669897491444213
0.8178275110205376
0.7992542533859145
0.5935538989676842
0.5054117220306844
0.13403092797931865
0.1922422845617755
0.05665018852746978
0.0924185302266245
0.11615341113724281
-0.06461590069263473
-0.03558654772669617
0.009662316784486702
0.04184217264139228
0.09245547881134644
0.14454807580936826
0.41582776768117086
0.4656410393493629
0.7003602539463233
0.7288924418999234
0.6731227922490892
0.5538567975638056
0.5946600133852253
0.6469656224576206
0.6771654306849536
0.6786105957680622
0.679676354941755
0.7388019180807317
0.8554709921049133
0.6040874046620173
0.10600305925527659
0.45259339828615464
0.7250299445863297
0.7198907680584488
0.7388454238465655
0.6460072369194236
0.6545768234665147
0.7377719268843294
0.7990324473819432
0.7812587616466976
0.8521040893200668
0.917179622996436
0.9771745567320969
1.0240816581868561
0.9795633936049449
1.0149243529272551
0.7538410389214814
0.626198570177593
0.45515068357013466
0.17895684451327915
0.22214771864325605
0.27603321794125724
0.18187564977203502
0.1928326698147123
0.20649589809561109
0.0662724290911032
0.0710600536999742
0.07836248650635882
0.08803453597447525
0.07243564954171694
0.0725821185976605
0.0767475371694884
0.10289677928788432
0.18952024057298428
0.20086738768315737
0.39543959097192577
0.550611402902307
0.5578929875653138
0.9223056103573296
1.012887066328432
1.2326879351619648
1.4869182393881093
1.5578672979484738
1.9185213731869895
2.1796943831495317
1.2203183038723193
0.8252905765129761
1.0054311256641897
1.0260074210412813
0.843844735468763
0.1948737118614334
1.018154763959746
2.0330855537557757
2.4160507218977414
2.9009552675496586
2.9288985329138404
4.196160443310633
3.147715429485367
3.0771857858080507
2.9532403769057614
2.540321716024323
2.355182670045979
2.1304768287720623
1.7776143287869313
1.5587149056956875
1.4015455849602483
1.046350780988114
0.7746467057092682
0.6869098466530718
0.4146862532144227
0.2244893131521064
0.19766008956047354
0.13787637660663696
0.1514923411987322
0.13194853582388505
0.11640262828200909
0.1257869689086838
0.10472860607241827
0.09882009872407754
0.09718850383465566
0.09991741648882113
0.10935141546094443
0.11140734181882633
0.11458476528466266
0.108794177313392
0.09887275539793516
0.0910413629864476
0.08646051499753421
0.08363183912012018
0.08007370905663877
0.06794319087597686
0.0682191968745588
0.06957962670844711
0.10453652806761624
0.12972018699782054
0.24668783205201605
0.5651079101466713
0.7172763027525386
0.8645416715358734
1.1991232829165803
1.3727473221834798
1.4502905891152953
1.7672570522111621
2.076753601440241
2.1903881964351215
1.2241562830714827
3.0019872039829076
2.7638404118300053
1.4708955509499537
0.20377053201446033
0.11777169586624003
1.3144717912580723
2.238665758415893
2.5403147824795913
2.958797273806102
3.0056006775449373
5.445532861512537
3.1560419594944666
3.0882873459277302
2.9312948748780374
2.5089959013964935
2.2526080277666227
2.163590989858067
1.966078797957225
1.6633830618022807
1.4626389322403373
1.3958617225684207
1.2043960153353908
0.8980982932427944
0.7148181416568977
0.6594112519638057
0.47233462096977374
0.20552368856337974
0.1356913910899879
0.10059587318653418
0.05131199159458588
0.041198971066307155
0.03490656328711428
0.023263972385285103
0.01736200397843668
0.009378283904990514
0.01670216705369737
0.012062762572983832
0.009883426103945298
0.009375919887977535
0.006156173369276374
0.0037234239920647116
0.0014954860067484255
-0.0005583218654675592
-0.0001915766798876728
-0.003968491187085893
-0.0070111544576687
-0.007704550868604665
-0.010688854360391409
-0.02347985743465661
-0.023529455134695676
-0.018915452721815496
-0.016737587715338204
-0.01425965226769868
0.02916430188796046
0.09610178964247817
0.13963605693138342
0.34999667755580555
0.601333464515027
0.698274258761107
0.7562805458185595
1.0396644551320635
1.2384819499039186
1.2825917421837731
1.3501085973603817
1.6168647982166864
1.9002242631634394
2.0112680145839037
2.108821287642185
1.1841420931342008
3.021448666282077
2.8500546799274895
1.33088299028054
1.1166788390517426
2.203484686266901
2.5865604311059887
2.9932356696194327
2.9796682231971006
5.4308431783799165
3.1052820439867577
3.05325736821728
2.9240548299123637
2.486883187841179
2.1641760112491095
2.060475451921676
1.9926917140144065
1.7725744585638628
1.512270460893021
1.3606386423898682
1.314725992016924
1.2554724585918746
1.00647502367757
0.7237204442921125
0.6437382236239453
0.6176057508763274
0.5243624669452435
0.3260550962885353
0.19107480892058132
0.18346905945972866
0.15686541871613363
0.12890248112907454
0.12731070823392615
0.11695316177955134
0.11164689774666697
0.11019727662576667
0.10744576024214081
0.10466759207450271
0.10243215393408223
0.10175715294796744
0.1026262636548253
0.10417109000633917
0.11493800546144906
0.1164482285405774
0.11844920727553498
0.12095428674941594
0.11322320440546929
0.10644538993250685
0.10017452531478899
0.09488174926307935
0.09056940220494525
0.0885250976744123
0.08160984075298555
0.07442822791503767
0.06917812804140597
0.06519555974336205
0.09707140724386526
0.10118294516009832
0.12118357597792881
0.12504439328825556
0.19981244627395006
0.43036200229212507
0.5629805575576571
0.6033512057254128
0.6240532184119626
0.8187921330257921
1.0844632879029465
1.2135822849778493
1.2438559711097044
1.2854806809959702
1.5026990180464534
1.7665207918509591
1.8668045829721587
1.9123065028883026
2.0230278461843607
1.1904886486179302
3.0018382268032506
2.9510273482818894
1.8327859304926915
0.1614903829767328
0.12277647817609899
1.1837192048439018
2.1929572820728884
2.6699801743847194
2.939578782392872
2.9630008267497163
5.478784839505315
3.036523937044594
2.991810306146676
2.9384624234151846
2.500136929057899
2.05264794967366
1.9377327815034409
1.8811890052153786
1.825927545297435
1.6412816087286248
1.4065579380052078
1.2584579802558673
1.2149217981883247
1.1723787372448675
1.1128364215297737
0.8625821419641851
0.6192818821126386
0.567337340958213
0.5475257469028224
0.5100405946988203
0.346986316523146
0.1421157261098091
0.07101589022058347
0.06145580314101701
0.04672081546454182
0.044216499217440974
-0.01479146788414265
-0.028753733292603834
-0.034580411557271484
-0.03986313584717238
-0.03910717190211077
-0.03826229645383067
-0.04423138759134679
-0.04787634384420841
-0.05055951853369725
-0.05231680691022547
-0.05330299360729013
-0.06093813067649903
-0.06420431869006579
-0.06731555588364718
-0.07027263128702874
-0.07307295671713787
-0.07240557965066868
-0.0741079775239159
-0.07854012534253024
-0.08206531002404593
-0.08457087762548748
-0.08605345911546519
-0.08152217044493912
-0.09429198223907156
-0.0989926998185367
-0.10009158020825193
-0.10008436895858813
-0.05822374073354203
0.010867664234936458
0.003566669647084575
0.006910843931369759
0.01591637379803945
0.19825817653577438
0.44816171975391283
0.4538816696622558
0.4527711545746313
0.4518234992329423
0.5572411735421647
0.7763299294610898
0.7886612324013522
0.8020749717987299
0.8167655379935956
0.8390850545973622
1.0276317982760421
1.2330346676269988
1.2398772340858268
1.2481481141276987
1.2649027990664343
1.49469875954526
1.1690656445464922
3.057034760253324
2.9114689572930517
1.6647026865904686
1.1308338273234226
0.4549664146794391
1.1578238684314819
1.7866752497281504
1.8634498052642714
1.8545257171962188
2.0804983437633826
1.8392485000128325
1.7888303104786658
1.7389916645387573
1.6888858724930802
1.3677716111312879
1.1251872179968219
1.0649613516736105
1.014612722355105
0.9661538227044494
0.9196113011825898
0.7499804236099796
0.6286247306460324
0.5966980236815264
0.5669203094634014
0.539321519204812
0.513927082251758
0.4872776452314606
0.35664410417673514
0.3458930953314371
0.33713725850838067
0.33035884613345917
0.3255377864848358
0.333755914224981
0.2324514763433272
0.239517302486775
0.24703567979150326
0.2565711322441272
0.2643363962398912
0.20448108162393314
0.20958314079549012
0.21504084495521603
0.2208467835512619
0.22245157006455185
0.22793767174681623
0.189784805918026
0.19211005115649826
0.19561716702751197
0.20012521841346345
0.20547117287140093
0.21198238060136987
0.19252485889560245
0.19505523581404435
0.1979383865527523
0.2011673348939079
0.2047431593446608
0.2086743670046816
0.24047263548515163
0.2414736619055327
0.24336811978642625
0.24588585124657017
0.2490830623515755
0.25302260343365857
0.288724330815536
0.26910530358698725
0.24956285300981318
0.23002896993900845
0.21058554075797153
0.17403328104103735
0.14907838894761036
0.12490692214592494
0.10042125040457484
0.07614340239119735
0.04606877841378573
0.060144138717052875
0.0382030324453593
0.01754764324370689
-0.0017407872904248722
-0.01957933123545766
-0.025803075529186592
0.05648279813842666
0.032526344098179893
0.00584051107155828
-0.01988458757590933
-0.04457008561558645
-0.06776003693008098
-0.050015086925500885
-0.05404137355067132
-0.05624649617755301
-0.05661676597259191
-0.055148489361270814
-0.05184803618960662
0.27283362115073734
0.29376087149091623
2.0562651257373705
1.536341152338306
0.2969978383716562
0.30735892467813913
0.05387649543271533
0.3153165407816594
0.354345247847028
0.3022614743337737
0.287009504920773
0.2721242253423248
0.2576151433322657
0.23389081878787993
-0.07009395194446488
-0.07537796815644801
-0.07961343269368065
-0.08279239295934132
-0.084910394402542
-0.08596659456218528
-0.11407880499388734
-0.131065224635937
-0.11827425449542711
-0.10476614992259853
-0.09057848228828255
-0.07574804525331921
-0.060310653045418106
-0.05860025735142549
-0.01157583181557953
0.008732518063743339
0.029262424656015806
0.049996954451094616
0.07092038890150129
0.09201813780138429
0.1651398442999695
0.17987884556404377
0.19473542101101138
0.20970337968887795
0.22477682290315937
0.20077727759489045
0.2036541704220228
0.21372781960832726
0.22378295817679028
0.23381916213509574
0.2438360400108104
0.2340851176048754
0.22389880852448946
0.2292277906018736
0.2345312219807323
0.2398091456425802
0.24506162084133476
0.25028872276627007
0.23337313651195915
0.23228873759998658
0.23120735439481344
0.23012893931092057
0.22905346282499267
0.22798091355708705
0.24507570712406002
0.23816712082240205
0.2312914933836538
0.22444918334750777
0.21764057312606
0.21086606956095683
0.2358057796649453
0.2287439487168104
0.2177825015330795
0.20691004948689473
0.1961283468672767
0.1854392110521902
0.21321720532719315
0.20831423498380658
0.19116415770789236
0.17411648572648195
0.15717369435015033
0.1230481894995275
0.06561598003227004
0.04366668366116905
0.02193689025835749
0.00043700710854382985
-0.0208217712442417
-0.04182740241762753
-0.06882282003005336
-0.08143994587905906
-0.09599650029678441
-0.10990524983863895
-0.12314034621127234
-0.13567586161539316
-0.14748599201124687
-0.09736709130642576
-0.0870159242247509
-0.08477716765069837
-0.0816026044949994
-0.07750724075844387
-0.07250855478476592
-0.03371458385075646
0.28206007631460916
0.29458918896852454
0.3563602585506498
0.23303566399054704
0.2204757669750737
0.30736919760628617
0.3385734650282604
0.2899393432097777
0.2820524557692272
0.2746207768183573
0.2676593134671376
0.2611831417386415
-0.06174058205737756
-0.06324030659808563
-0.06370509775891403
-0.06311913508597958
-0.06146984033399305
-0.058748011687388135
-0.05494790072744796
-0.10480436461240014
-0.10164045214383938
-0.08610487485030877
-0.0697460629417776
-0.05259175693987997
-0.034669473903703174
-0.01600630839358977
0.008695266151645537
0.007117979850516376
0.02964614567239454
0.05261703472955098
0.07601557692724567
0.09982769562535285
0.12372830830630219
0.15534916545206195
0.17173115174737227
0.18844446692934363
0.2054852791774553
0.22284988117948656
0.2405346869639835
0.2721219892608201
0.2817358548158691
0.2915866930259284
0.30167516589026305
0.312001949003885
0.322567731064487
0.35043549185013095
0.371197446716382
0.37579087235949216
0.38055788976515653
0.38550239979136147
0.39062832930395197
0.3959396254832326
0.46178666878225194
0.469014678078756
0.4739076000773537
0.4708517586007141
0.46413888458514296
0.45653508474147175
0.40470513161328936
0.39899281611681714
0.3934073064365548
0.38792193619599097
0.38251868048332055
0.3771887095327414
0.3479119535904887
0.33400255124257816
0.32322476178000326
0.31266052050918147
0.30234207519436423
0.29231559112701117
0.28264232837982767
0.25433446182445
0.237151721962221
0.22054639631605588
0.2046219763102744
0.18950281030692961
0.19595629469388115
0.1560541941029006
0.13899755995651727
0.12345339117465118
0.10960073887468474
0.09762366894635194
0.0877049239246186
0.10708218832138794
0.10489532500380816
0.10645439992390912
0.1107259089970572
0.11186187216263355
0.1099969956938579
0.10900745362919295
0.13642802280267208
0.17208939628782505
0.18146791496517156
0.19189413146305484
0.20347441137798558
0.21633970586950907
0.23064463393454665
0.2712016167157352
0.2751293558888096
0.2796650669671119
0.35086892147150245
0.48030549770428643
0.4837820627992903
0.2921168377548286
0.2849664361282697
0.291229014516938
0.26558594313045886
0.24254935263711988
0.22197413994712395
0.20368669474600629
0.18749390539433142
0.1738942962133433
0.15939053065220254
0.14636636221506377
0.13459556210385526
0.12387800081810507
0.11404176973106084
0.10494299077662694
0.10614174061546744
0.1027637822331981
0.09991728194527455
0.09753097163002586
0.09500541893718462
0.08652976333064055
0.07994788401669548
0.08263923392835798
0.08282877319332221
0.08413438294352177
0.08666016579026936
0.09021957799553393
0.09463004463786118
0.0999381834765059
0.11099104487118344
0.11437887516309947
0.11848627852728832
0.12318249699298872
0.12834545854960647
0.13386327030798228
0.13999914088272752
0.13859181622364186
0.13745115939204133
0.13649296708758543
0.1356432810199812
0.1348388103749834
0.1339932746293751
0.13038927748349083
0.12567107619738643
0.12094780965458393
0.11619362889776663
0.1113940016463652
0.10654622491446275
0.10213278476881776
0.09865162013856038
0.0953317315206248
0.09218502070253862
0.09160433039724108
0.09195582972928856
0.0923734565644449
0.09361000269653391
0.09522718551764592
0.09691391212699602
0.09866988063702342
0.1004947779805726
0.10238828019614371
0.10144015513096613
0.09912487354694466
0.0968898813644753
0.09473569235180834
0.09266280648007247
0.09067170941548464
0.08876287201946081
0.07587993558024114
0.06730533179581083
0.05879728866038783
0.05035745914793402
0.041987536607151765
0.03368925527806807
0.02916202608336499
0.023767373765956334
0.018445769175807758
0.013198389740541328
0.008026421182426857
0.002931056850774272
0.006188891216984682
0.012091758494766347
0.015182920677253575
0.01835905738742205
0.021619400144291673
0.024963169366137294
0.028389575181813204
0.03189781823298182
0.040330788954394126
0.04893192893117765
0.0576624652004859
0.06651927053002007
0.07549927548631458
0.08459946960564249
0.09381690232350859
0.10083320093884685
0.1089608936123615
0.11720506627650257
0.12556320394464998
0.13403283090863735
0.12506801882451346
0.1162202294916033
0.10749226760838088
0.09888698838412091
0.09040729638470496
0.08405540808112372
0.07541744272868536
0.06689076618988543
0.058478067962847435
0.05018208719080999
0.042005611633405826
0.03395147643181842
0.0254068038339611
0.022932083144428517
0.0205372194850853
0.018222776328159912
0.015989303272148092
0.01383733544605692
0.01176739292004264
0.004502695444094373
0.0057832333580534745
0.011919664999424096
0.018132190934337794
0.02441942675684511
0.0307800053904575
0.03721257753871929
0.044591902409267664
0.05247921931301025
0.060440449816455966
0.06847394172372956
0.07657807737890404
0.08475127345284925
0.09495749352287725
0.09615897850698316
0.09744137431092884
0.09880439764584609
0.10024774885962276
0.10177111225693605
0.10337415643358355
0.10302577660580362
0.10112542300597355
0.09929277824624966
0.09752818150591314
0.09583196151418255
0.0942044362610725
0.09324542395910601
0.09328538432778269
0.09339172330573603
0.09356442152885946
0.09380344756521122
0.09410875794358398
0.09448029719300116
0.09567226816255131
0.09724547509411513
0.09888821614711038
0.10060017996449955
0.10238104404386938
0.10423047502550659
0.1032334935728485
0.10086727373208773
0.09858166987949502
0.09637718619262742
0.0942543129454082
0.09221352600264687
0.09025528632251145
0.07730854339326548
0.06867677823235219
0.06011239579466282
0.051617042378739736
0.04319240442249905
0.034840209011835765
0.030263818249007535
0.024819504839927037
0.01944877734104733
0.014152804836850691
0.008932764513683855
0.0037898409898791396
0.007007351227815983
0.01287165710570401
0.015921709617814223
0.01905653373339186
0.0222753495922004
0.025577366360148845
0.028961783043365552
0.0324277892930655
0.04082054495364307
0.04938082349570494
0.05806981551659596
0.06688437618983689
0.07582141904337342
0.08487791711827133
0.09405090388570223
0.10102159493207946
0.1091032262332578
0.11730065601479212
0.12561135432126863
0.13403283090863624
0.12887494329373583
0.12395617512101886
0.11927971081038435
0.1148486324703514
0.11188360240907913
0.12114716107739482
0.11916625533445593
0.117429487518666
0.11593801768211898
0.11469285124372286
0.1136948356852624
0.11186041980823125
0.10480192769609001
0.10889140662539168
0.11311554490252632
0.11747273765498778
0.1201912981458872
0.11357567993621226
0.10707677939775423
0.10795574038666225
0.11882472649163867
0.11973951888250622
0.11990926394902207
0.1202598760643607
0.12079112458510094
0.12150269236144651
0.12161640329374473
0.12403902092716801
0.12656701279655666
0.1292918538529328
0.1322120890183208
0.13532617739057423
0.12062668478836233
0.1187195320862458
0.11674552539798835
0.11484560745367287
0.11315505014985905
0.11166385308027604
0.11036275843552629
0.0969554356264199
0.09352130918200294
0.09025553487816973
0.087150583527561
0.08419970534113488
0.08139695421188892
0.07672068162961926
0.07645805808682238
0.07631778288234872
0.076293674748973
0.07638045182772585
0.07657373505588705
0.07687005030159094
0.08284635533951104
0.085224779277433
0.08767892007924966
0.09020615461484777
0.09280478214512305
0.09547401694899094
0.11077274633283438
0.11079965752588294
0.11091374535518173
0.11111613692557559
0.1114088495300472
0.11179479506630646
0.12195424364907267
0.1289325029948596
0.12457839316450475
0.12026297183784673
0.11602742270789557
0.11186205389298487
0.10986729852146854
0.10968651980102537
0.10853356829374577
0.10740420183449839
0.10630949644911791
0.10524306674318668
0.10419943075820018
0.09535391804449289
0.09479335490239299
0.10096131759622179
0.10718776867831986
0.11347435864866584
0.11982370562419048
0.1262393723006519
0.13328869801615253
0.14368952929773693
0.15579720544136366
0.16813952574405794
0.18072508049529132
0.1935631074136375
0.206663423053194
0.22066175301826627
0.21442364716611817
0.22689287910843792
0.23974779985094813
0.11187834184409162
0.252986530288036
0.2666075930304096
0.2582488158441634
0.2494941902783622
0.24000689873734687
0.23053019283613668
0.24282556135346522
0.19032150691579597
0.17710148952897214
0.16414169517752597
0.15143681759067995
0.13898234381836572
0.12677462321796715
0.1146601051694146
0.1071118192737551
0.10113963957487454
0.09529879299301727
0.08958080672990268
0.08397799840932585
0.07848351939609394
0.07333157433701679
0.08142554517266976
0.08377459421951242
0.08621647214037464
0.08874398048457605
0.09135093547090828
0.09403217272604139
0.09458013234812546
0.08590698125963525
0.09061459641570235
0.0953960199830077
0.10024827266319772
0.1051693768174436
0.09433970239614134
0.07909974038803433
0.079575360381159
0.08009924319202943
0.08066007010400403
0.08125797580535693
0.08189309186542926
0.06066886068852029
0.05926702949032442
0.057880210682514366
0.05650862339379753
0.055152488218842555
0.053812027194937995
0.04589216515030553
0.04617196288371095
0.04645968731208622
0.04675547772217778
0.04705947402953964
0.047371816766329095
0.054212662157743785
0.0577981399645372
0.059405638982919506
0.06103046986361993
0.06267272895698131
0.06433251213517857
0.0660099147799803
0.0879129265093806
0.08698227108619228
0.0860837705202519
0.0852177193827025
0.08438441126859902
0.08358413870441811
0.11143004655093658
0.10710560986454315
0.1018970931983626
0.09668814451302549
0.0914789697335544
0.0862697797311962
0.0989277533824004
0.09262926910644287
0.09057259200480922
0.088515236394337
0.08645736348439459
0.0843991366631347
0.08146301213393797
0.07645528670400942
0.0841963158128134
0.09056939026929417
0.09702030860606503
0.1035480996500042
0.11015180001972838
0.116830454556692
0.13671680157141403
0.1534122146498451
0.16680267207683147
0.1804392515410419
0.194314503951728
0.2084211794294452
0.25172791435464276
0.2862232711615256
0.3003745843074915
0.3146287918893381
0.32898321761498817
0.34343527791425216
0.328316977791997
0.31328223022498797
0.2983348885799622
0.2834789705722121
0.2950427229080657
0.1890175096437896
0.17584154586485046
0.16284683283958767
0.15004064563359065
0.13743049813490227
0.12502414379930493
0.10631066516598203
0.09899378826768876
0.09352246236852019
0.08810358289605968
0.08273830487034811
0.07742780015951883
0.07163941775710836
0.06716517394412355
0.07371332721432797
0.07670575612841846
0.07971095430776828
0.082728986575612
0.08575991809586209
0.0826601848580498
0.07554997240197675
0.08063333981201959
0.08574024898823474
0.09087061783231459
0.09602436584469048
0.09217917490040667
0.07308908492066404
0.07364540552441387
0.07424176429485146
0.07487835279431587
0.07555535922227352
0.07627296835468172
0.05590967163777688
0.05453718196297419
0.05318039078002795
0.05183957338783976
0.05051500735092085
0.04920697247076403
0.041141535616520675
0.04153241955475728
0.041931348395850276
0.042338508687981974
0.042754088062000595
0.04317827521396089
0.052327336550936354
0.054093494066365655
0.055877696307097546
0.05768008921412923
0.05950081837471449
0.061340029000096497
0.06319786590336912
0.08409880517200846
0.08325981618783201
0.08245456728683431
0.08168342633544615
0.08094676063574016
0.08024493680598224
0.10268205378344525
0.1005922062204713
0.09528188778480537
0.0899689794161887
0.08465373068909543
0.07933639769076156
0.08128578626417027
0.0887333102687464
0.08669252107665365
0.08464931622555003
0.08260390516323407
0.08055650043587603
0.07478961484145202
0.08482786032844053
0.0915824277586269
0.09842122526147135
0.10534322952689273
0.1123474256223092
0.11943280748589302
0.13039713004079884
0.16065741146088303
0.1748603780533324
0.189327601079948
0.20405090365998302
0.21902234161225928
0.24226308018977946
0.2832663136145147
0.2981377031477325
0.3131250028867702
0.32822517163694526
0.34343527791425216
0.32763967958163637
0.3119359800524932
0.296328582069966
0.28082208440769
0.29169777805407027
0.19946434133687574
0.1855474876935119
0.17182345722303344
0.1583003576623876
0.14498657969634426
0.12866526033854048
0.1075907942228474
0.10150407927755234
0.09576326856422568
0.09007933424978048
0.08445358089245208
0.07888733295547734
0.06805301720536366
0.06961638033864653
0.07319334888629209
0.07632488049834185
0.07947011988108252
0.08262913940263988
0.08060322762044811
0.07337113207637774
0.07612471595472042
0.08144524786510787
0.08679122084839813
0.0921625394423603
0.09755911008384882
0.07273615655613283
0.0732926491230447
0.07389267142485306
0.07453643832021795
0.07522416064629611
0.0759560451447075
0.0564375174881665
0.05499759054128653
0.0535747130033859
0.052169193174024936
0.05078134195470277
0.04941147281382674
0.04109812433263943
0.0415058201337562
0.04192229413758283
0.04234775431563198
0.04278240985756243
0.04322647115020367
0.052604164979288826
0.054453187081267285
0.05632195638661977
0.058210633166068254
0.06011937722386493
0.0620483478715797
0.0662912096312264
0.08370635094594264
0.08284841385075778
0.08202760757802643
0.0812443438024743
0.08049903332325983
0.08207538533027095
0.10200312834276706
0.09645956218251997
0.09091336230530767
0.08536480812152136
0.07981418660789927
0.07747186318142113
0.08876992931513006
0.08664236642130285
0.08451234337578661
0.08238009397525448
0.08024585559032515
0.0773627842455328
0.08322826399620648
0.0938132055682335
0.10098839835541051
0.1082537927292962
0.11560822496621631
0.12305054242284216
0.1310528806213379
0.16899389468083392
0.18399537617505554
0.19927898811705036
0.21483557374308737
0.23065625637882947
0.24674488776663228
0.2927363026375332
0.2961237389070548
0.3117722738208617
0.32754390665246463
0.34343527791425216
0.32852068036628684
0.3138797357898901
0.2995212818046955
0.2854543995448991
0.2851621662192766
0.18548628597614525
0.1657303842294161
0.14616079992853415
0.12678639255700452
0.10761657020680784
0.07744001203271164
0.0587579427347229
0.04809403285929284
0.037510436954436566
0.027009697774895425
0.016594476791204904
0.006267559130094108
-0.00798897173081764
-0.008890150474379632
-0.009357539104344614
-0.009741925283193176
-0.010042658194733545
-0.010259065942961748
-0.012904381728775505
-0.006908307305129868
-0.0024832742560648713
0.0020461024243870196
0.006660772250061814
0.01158177520503012
0.02964807826677518
0.030622103560065117
0.03158350429503909
0.03252608780220545
0.03344872142399702
0.034355230395199804
0.07022123281670067
0.07039262427159743
0.0704391745763952
0.07036875495614103
0.07019367793134113
0.0699307309129718
0.1426295831741045
0.12846964789263018
0.12787408790511906
0.12766333608982036
0.12784580392277228
0.12843286360011238
0.1053142804211496
0.060514958921378814
0.06348994606325653
0.06682567372433806
0.07054414075722465
0.07466986986587348
0.07647786638030896
0.04226889667753045
0.04276895485436999
0.043733210344922835
0.04514141754745765
0.04697665985389107
0.046267977713178865
0.02857036639825672
0.025414644152201016
0.022524997987822953
0.01989643264322799
0.01752879490543882
0.010492746593871866
0.016958087907232022
0.013439965204361526
0.013505352915959279
0.013725306785666719
0.014119389806389465
0.014787876213949308
0.034851751467835784
0.04123375454890721
0.05203226263591501
0.06318455251827601
0.0747225253276293
0.08668034292263205
0.14153212710250482
0.16880374591157404
0.19074776165742185
0.2134262123409071
0.23686291003575125
0.2607741557814425
0.44991129447332606
0.43120391305210254
0.4534627612521616
0.4762531086688862
0.4995501766326338
0.48860650247405907
0.47787833936891844
0.4672910211002579
0.45677630674329867
0.26005494249422195
0.19152933309117687
0.16918599663252168
0.14731732802998818
0.12587029451207654
0.10440044400941734
0.06876118626105321
0.06063378793456475
0.05268274904406137
0.04484954572747335
0.037080941227969344
0.04236000147824159
0.05753532960215385
0.062335719767307174
0.06646394680560774
0.07041708932120194
0.07417330400189118
0.10877420062919835
0.18905258032707262
0.17689069780566752
0.17520803997161272
0.17360133205639894
0.17206950520502418
0.1701735492609567
0.11379028382056011
0.10887428032092139
0.10403325295388954
0.09926701300915358
0.09457540520967783
0.08995830866633803
0.09914978040487826
0.09515343140830634
0.09119148281595324
0.08726333657395863
0.08336843658974802
0.07950626938519445
0.19668433294175752
0.17191090939567805
0.17008638294513753
0.16832292475401273
0.16661946555881352
0.16497496447885784
0.06400255994881365
0.06837572887949062
0.0728269933091745
0.07735445303927141
0.08195627713884102
0.08663070373518655
0.08695968575753193
0.09144298472545498
0.09597551232241167
0.10055606825334767
0.10518351556865119
0.11851981944995066
0.16862903650584654
0.1481849937793095
0.144907006307666
0.1416884207962052
0.13852852441381874
0.1354266316552867
0.060701616579278694
0.038791339634977745
0.03875335974495492
0.03876323677951363
0.03881989837723365
0.038922319218019225
0.02271445679066772
0.03492566768223959
0.04769957012645515
0.06057706802145152
0.07355476156709922
0.08662943886337954
0.14270393028987277
0.1713590812709337
0.19738699248461417
0.2236228293987587
0.2500566880877525
0.4560705483373792
0.480858549073771
0.49803243367556954
0.5153793871969303
0.5328944897525147
0.5111571461204267
0.4893942892352299
0.467609323317576
0.47345952324647333
0.21490217222098096
0.1907788295801735
0.16680641591338932
0.1430016075995491
0.11938250559281591
0.061587389582480334
0.041458898571606895
0.0302084761807056
0.018989934611659126
0.007807616019308017
-0.008708722087925613
-0.0019666749967901798
-0.0017033437703774246
-0.0014201633326742236
-0.0011149290880821394
-0.0007853767657582666
0.03848378576372713
0.05834006459986274
0.05852647349575163
0.05873263807340587
0.058961079331500965
0.06764014110906796
0.16317888730991964
0.15716626151913632
0.15115775802425485
0.14515645594901636
0.13916555870279151
0.18082606688199443
0.09491878959337868
0.09219973742442905
0.08958072515370258
0.0870651080065582
0.08465630191610396
0.08235778077944123
0.04435224194617726
0.045288716702716475
0.046260968452200846
0.0472714911721514
0.04832282541407079
0.09727277342716445
0.10081603443200401
0.10442882780541063
0.10811366744250997
0.11187307786084066
0.1359513366492468
0.11000435519662871
0.11623457145927579
0.12259697456975194
0.1290921324310873
0.13572061036275576
0.13294774416795246
0.043608953716904736
0.044043764125327456
0.04455323371325898
0.04514007689426114
0.04580704506685157
0.01207854756903548
-0.002824305802996002
-0.000773313695974498
0.0013392713763830943
0.003516271073455285
0.009925475145164953
0.011866352838890148
0.031684298437633235
0.04668848902790651
0.061847623375934774
0.07716039304457523
0.10711075731155886
0.1812045542058606
0.20914472807118056
0.23746894677485558
0.2661608610588753
0.40674493198675277
0.46223793274663416
0.48563192100504443
0.5091848761463521
0.5328944897525147
0.5107697230250993
0.48888071191957844
0.46723755806531736
0.44900184408580596
0.21466753473232597
0.18437413024899582
0.15430866495715123
0.12448817510118629
0.06126542870599827
0.040768342187150336
0.027435634638409562
0.014244298222002155
0.0011984831434913579
-0.01841431410342556
0.009407456939806158
0.011074998955784288
0.012818604596242511
0.01463737730061504
0.016530649988149293
0.10473361422350058
0.11989347523448018
0.1152563451168688
0.11073047072292189
0.1063161965764528
0.09288087018638536
0.04436574940717544
0.03687803924398603
0.02954814794262961
0.022377057873349815
0.015365907039787963
0.021333156809658638
0.01639038846960164
0.011592243082373388
0.006939360819481488
0.0024325720231002657
0.03920319478913248
0.10373656715421203
0.09864861516367507
0.09366655343339803
0.08879006638707138
0.08401896303739609
-0.02209776791991913
-0.018359076551886372
-0.014436150844344409
-0.01033198375559402
-0.006049362944962611
-0.004476600411404685
0.0011030024468289268
0.006839696032844567
0.012731202553158127
0.01877544127385028
0.025540803417145735
0.08362518978827518
0.06635462650859236
0.05933002852660546
0.05241815388714835
0.047139465587975604
0.012665423226449063
-0.0424776078025596
-0.03925457402583543
-0.03525221163202516
-0.030686880416266327
-0.03017050200675414
-0.02257773143124947
-0.003793649344120409
0.015503762147882072
0.034834837185602485
0.05424450245237189
0.1378801566447599
0.17354856466096608
0.20439201126272746
0.234912333326419
0.31239517339329614
0.418040223531386
0.4399406215015969
0.46206561798764173
0.4844894988594131
0.4720712453605183
0.4609782708299606
0.4512739537491986
0.3531586368648143
0.2123908573149888
0.18913799917507385
0.16785018360481907
0.14893280992993738
0.09140761280485146
0.08591268582629721
0.08144669171275515
0.07787020760541177
0.09474880711388273
0.11866351455317836
0.12495414576241662
0.1311918526302741
0.13938992363459718
0.19546553631852176
0.10342836032654915
0.10447709955784867
0.10625199852757283
0.10887011095638666
0.11417696767191121
0.11745996085129898
0.11920705281617205
0.12178515499862763
0.12524495587106693
0.12964002003829106
0.2733984910581483
0.27320112907024824
0.2725928316576601
0.271506032586315
0.26990099154804464
0.23672260697387815
0.21262280723086516
0.21680297860671272
0.22127862220164288
0.22594453900542072
0.3385103151526733
0.22317094909875324
0.22912509873329337
0.235788601140757
0.24302639535870238
0.22344338138013023
0.1271336109494825
0.13228074443806803
0.1373673294075306
0.14238336122231965
0.14645379426760086
0.17577987523308886
0.1767297833864223
0.17741103275703413
0.1752041127001236
0.16842441235687677
0.1347954412991928
0.12168389658404472
0.12032073456970022
0.11894509612101395
0.11753390462165281
0.10616165539977684
0.1001079395476169
0.0987017085206382
0.09728685303150131
0.09585519289237301
0.17978431414125473
0.17805366985494064
0.17639688105459198
0.1748282317145325
0.36653388244975355
0.3187732554794101
0.31666356010260605
0.31445082158372967
0.31549550739935733
0.3163886271721389
0.3184814142719722
0.12329175616027102
0.11684930236248656
0.11410681971604081
0.1110165072722509
0.034164968973869614
0.03429847460425739
0.034406686163376554
0.0344824691814391
0.062094289803736324
0.06434339379574772
0.06642137723354077
0.0683254875989385
0.08027728326072708
0.08300006431011753
0.06723026913434044
0.06717084940272511
0.06733411409725942
0.06877152948656456
0.0547970772577501
0.054546297471563115
0.0543125990524318
0.05409481465474708
0.079829036534914
0.20905149558241853
0.20801073046240515
0.20676988908759963
0.20533084906326785
0.25178290794483
0.16066154465655388
0.16269143217004928
0.16472332958597208
0.1667573609635374
0.2739459243146783
0.15305897138762625
0.15639100000753026
0.15994791727769603
0.16372629113357406
0.03839397846608569
0.0416107476497489
0.04483430085906723
0.048065487373179505
0.051306118028439096
0.08167823929673357
0.08260525028745594
0.08335422619212052
0.08393028058091723
0.16779987824531772
0.04881365640839297
0.043751188933495166
0.04603581222287073
0.04851969368503711
0.04187570749077246
0.04160316658950711
0.04580134583889103
0.05010131673098134
0.09853936679686454
0.14524671540154577
0.15013848834254787
0.15503881634528538
0.37988040608638196
0.30403864567317335
0.3091510230992095
0.31445082158372745
0.3157205335609589
0.3167890566888412
0.40157351146377585
0.12051538449759508
0.11704350524558954
0.11373784489085437
0.038804703075489
0.034261268943387435
0.03439029065347418
0.03448246918142828
0.06262258822419972
0.06534418183880675
0.06783668732874365
0.07640666074323996
0.18962130530188498
0.06725058464036954
0.06706124348315329
0.06717971060330952
0.06615211178045088
0.05479707725775301
0.05449362001235955
0.054216711814577545
0.053964717220717634
0.20940719115439002
0.20827670414742594
0.20687785809621884
0.20521328638672703
0.25218081954940935
0.16021214584618165
0.1626914321700515
0.16517650920416294
0.1676676722294987
0.1668091534137009
0.1514889691520127
0.15565842901659216
0.1601336122380824
0.04218323578144431
0.040185440668910055
0.044118620608589176
0.048065487373172844
0.052028945257193426
0.08217148704972088
0.0832556016838619
0.08410601839981144
0.10312288570278091
0.056432925126809474
0.042225910943702316
0.04494603534117944
0.047937818453241965
0.04187570749078065
0.04252313313745912
0.0476809752309465
0.05298405811278606
0.1407978319407717
0.1507816411048754
0.15680761243210592
0.28629398456638866
0.3017800254780739
0.3079873493992927
0.31445082158372745
0.316027669041295
0.3173292652022122
0.28596928475669414
0.12121527145630931
0.11692665005254788
0.10289933487731384
0.034216352196435734
0.034368919244555374
0.03448246918143827
0.0633459131402686
0.06670704870183147
0.06975149012857979
0.0936876758869934
0.07848210812908943
0.06697846665059626
0.06699675595727095
0.0659945779680067
0.05479707725775343
0.0544230753264105
0.05409215723494731
0.05380209812584941
0.20867145613058663
0.20710162931552034
0.20516394169947605
0.252761534662799
0.15959545161304864
0.1626914321700526
0.16580083183284633
0.2607103303755029
0.14501676069149344
0.14994238304938692
0.15530808170699878
0.14372236136904984
0.038231709398028335
0.04313613272705352
0.048065487373182975
0.07938757563576829
0.0828350843685452
0.0841190783149745
0.08508959132486629
0.14556565791546405
0.044213650077177535
0.043474449369297896
0.04714461417925392
0.041875707490766495
0.04379247958315513
0.05028419807777018
0.0569929256552662
0.15088184297219642
0.15846037797621698
0.193739212685336
0.29869957389681817
0.3063937779809814
0.3144508215837266
0.31646284545150144
0.3180838199958691
0.16508664606525753
0.12164197993517575
0.11622699752688564
0.0341672300745427
0.034341258942627295
0.034482469181432995
0.06437409698696231
0.06863156289974512
0.07675751315283738
0.17194671217846222
0.06698810868145694
0.06679027854144509
0.06723856459128957
0.05479707725775565
0.05432612203988649
0.05392904776348545
0.15751851182293594
0.207499715536682
0.20523635524612116
0.25365253225521495
0.15871705441425465
0.16269143217004928
0.16669525593114326
0.28642404967727936
0.14211881316631286
0.1486281047860981
0.15578524280025471
0.03545320200504312
0.04173581876564858
0.04806548737317534
0.07767533221814948
0.08375905799433411
0.08530373169836472
0.1189603323317269
0.06482142652852102
0.04142173712718494
0.046024199149403144
0.04187570749077024
0.04561436273273045
0.05403985595508004
0.12499534854182343
0.15969714068244975
0.16959041077534626
0.35652177407406727
0.3041292688569411
0.31445082158372745
0.3171098129302047
0.39895354724550885
0.12907019510084508
0.12143798514686055
0.036568064511231235
0.03430729338266575
0.034482469181429665
0.06590734525411174
0.0714777558243608
0.11500280421891648
0.07398011867331661
0.06659286635990413
0.06695599960402698
0.0547970772577594
0.054189206213368646
0.05371758825240186
0.20815428709046832
0.20552304004061883
0.22831061146942638
0.15740547063598662
0.1626914321700501
0.16804276690604247
0.2912920627201576
0.139045750304769
0.14804695490573408
0.04325699160608126
0.03964266885308265
0.04806548737317992
0.07090748623992033
0.08510422444626992
0.08700307993999346
0.12718220386430168
0.03844216453775251
0.044369274317351826
0.04187570749077302
0.04836539837532641
0.05975288885815999
0.15984999217416515
0.17314228309573687
0.37363097513331306
0.300756806715147
0.31445082158372745
0.318135606672742
0.33758936409852724
0.13023062466713933
0.09787911737386884
0.03427492494725931
0.034482469181436465
0.06834364674969978
0.07595223700261028
0.15341579326722282
0.06653617148446325
0.06656565671327302
0.05479707725774788
0.053991595882873916
0.07952795633925133
0.20618337327811292
0.20193988011174557
0.22200612645181167
0.1626914321700526
0.17021421094415123
0.18795659979835344
0.1362151708663839
0.14117013222467514
0.03631231732686632
0.04806548737317798
0.07757343710707479
0.08718685870634596
0.11977546929224189
0.05843551857278306
0.04177947981062746
0.04187570749077579
0.052811122124235
0.07892692333950971
0.17607483524646667
0.2909641758457357
-0.07669174650209776
0.3144508215837308
0.3199173947760178
0.2223858728422795
0.1297932982247918
0.0342938741907807
0.034482469181428
0.07257331993922173
0.14271055828710064
0.06952178078875215
0.06604864138466143
0.05479707725776162
0.05371005675152474
0.2074729859886995
0.20221746148134268
0.2547386946535843
0.16269143217004928
0.22426808873260456
0.11700693416081459
0.13506938712684297
0.03054073238552807
0.04806548737317756
0.08591015455090667
0.0907301064600774
0.12052485354945797
0.0374010295471594
0.041875707490776626
0.06071811629293433
0.1636195094844728
0.21250425579108362
-0.0914035761163573
