0.8835876819820062
-0.5481184058925316
-0.4749675334598755
-0.6426583471386643
-0.5966075106341704
-0.012944811362460423
-0.3393951610098754
0.009839534215201756
0.05670273272380566
0.14402390550117883
-0.3192749720900141
-0.30683347438063335
0.21462202209884096
-0.3524376616524331
0.6595039244525183
0.20841866717961052
-0.5036333667218408
-0.5334000001674825
-0.4123863375741338
0.18999862720972288
0.18942218681410744
-0.18559169809654927
0.04177662740717722
0.042531109866097566
0.09440704082497864
-0.18681002920677647
-0.14142105748090106
-0.09901217540433757
-0.1351219236880323
0.16979073245588616
-0.11114438840433533
-0.015157138196498776
0.22683945382123816
-0.27137046961845435
0.49733561929313136
-0.22747513844693687
-0.1891177714181204
-0.15727608136680934
-0.15567605906072757
-0.1337749110292344
0.2068033726469995
0.004972605598616148
0.4541235823290127
0.037900178070625345
-0.11364772631185877
-0.052688937865023044
-0.002861105099913608
0.18480249483375122
0.29119011105689957
0.13855837133375
-0.23467225582125883
-0.2766407867869716
-0.24030094187122056
-0.07769355337012701
-0.12276052766654222
0.03473725932593097
-0.17932924702523695
0.09247633623517201
0.012500366403311036
-0.03822878885236525
-0.037112671961292004
0.06673267728438737
0.01208229736018196
0.045561808365224554
-0.1706077017677904
0.06274366747407056
-0.14550418802050408
-0.5039979229602761
-0.3284756283252929
-0.16933905407637465
0.00753245220484422
-0.09159779280786567
0.124693122496293
-0.15612371055804236
-0.1556459544438113
0.010814026277021632
-0.08016842350383524
-0.06087770088401209
0.18483478364191452
0.19086533952107715
-0.10618671536592517
-0.20130622457376346
-0.20054329907295818
0.18335105274410096
-0.06531742880784147
-0.09977436854714472
-0.06685256043202054
-0.11123019641994109
0.36643826985590017
-0.08196016046736254
-0.02302022376312496
-0.05214998502626467
-0.048128231929690374
0.07354396070726937
-0.03612524718855328
0.001920993816458827
-0.022904837818033263
-0.03679633028033258
0.009542207102464506
0.017481945498967755
0.024290211851057952
0.017178663553170936
0.15910463214010448
-0.018570142928054645
0.09187395679926602
-0.057832069314015244
-0.10863775461900316
-0.11566976084858877
-0.14118223415907905
0.006602945196186455
-0.0044691727407816795
0.21728694755181688
0.2309604229709225
0.06530836872112117
-0.053770259292346134
0.05128231843132963
0.14930291908159282
-0.18329872622451407
0.061784344894003085
0.13018395895304596
-0.22491025727594635
0.19321786930352164
0.0008440571246182138
-0.012049683961763008
-0.1368343329601597
-0.07201238823088596
-0.08258452786963813
-0.07707459474613029
-0.04871504334701557
-0.02748046255397263
0.09390157612531869
0.42946186040917184
0.9691083679802128
-0.09545154437917924
-0.024486383693499703
0.012656695278065455
-0.07231503094867892
0.9875988407596356
0.28872393048500117
0.11786357520154778
0.33245894900086087
0.1503373813433631
0.1603895286598235
0.25763545729796195
0.2919739023596818
0.23593720303171126
0.339731970331108
0.3083147223156274
-0.0037060665222968248
0.3436138521238033
0.237574180075395
0.04722830611104081
0.017547659574805585
-0.006184302285019011
0.16599462616748023
0.007388000208148338
0.04384665422295542
0.10003046348652678
-0.019863169210140308
-0.13797809237276276
-0.26890704014240735
0.06256787958324933
-0.2625992612292434
-0.0528763723271676
-0.1261452354348283
-0.048115178751732546
0.016690034478713256
-0.054587819358612455
-0.028116174584542353
0.015462388925643056
0.047665864236923206
0.05297194685768947
0.03035348450304301
0.24387871347010787
0.06732155994067915
-0.02913497935098125
-0.002485951812296605
0.21846308835920855
0.1051326178661402
-0.05976796395033179
-0.08101973307245214
-0.04615261775639659
-0.329169698869361
-0.40231181006506667
-0.3141105696869882
0.12002603316054239
-0.0687420481662672
0.08036977408792861
-0.18844832544633094
-0.2933840279323822
-0.30867117562854846
-0.0477275607657493
-0.21055986607513344
-0.007530607808572537
-0.25163595783268555
-0.05470326708010148
0.006806623519628463
-0.015681919393683436
-0.03080365677001401
-0.00847140189190368
0.033333266272087825
0.018538472398647587
0.28861119315731765
-0.01610085474025441
-0.006866877171837621
-0.03264365714523515
-0.014325647431500665
-0.02132494664757789
-0.015793426482972328
-0.026691435976403527
0.17294505782509406
-0.027991589724374877
-0.05043430930218584
-0.009455984878160573
0.01666169635603454
0.12233846998591841
-0.00010210624312625982
-0.3308689928230522
0.5028271495683064
0.020058766862423583
-0.035133010539141196
0.4855450544644066
0.07319696242745935
-0.05753347678616849
-0.12448188226664603
-0.1322690661650243
0.28962693325129213
-0.047453023585630194
-0.12694906148689816
0.276623978412007
-0.023137444661441714
-0.07741982749853396
-0.1520559217653171
0.22452542402926434
-0.24863759066455077
-0.3198864395405269
0.06777841055841213
-0.2514192887198142
-0.2413772779481936
-0.18209526439597862
0.07951193737995355
-0.3038693682403638
-0.5404762807503403
-0.21734961458385438
-0.5294739457027439
-0.5482304378316786
0.02220632605242953
-0.07852069973913606
-0.31084505255627615
-0.3998701649409563
-0.5541658994659726
-0.6317890226446728
-0.6371263663166739
-0.5532760990102975
-0.3891873851990385
-0.14111594220506313
-0.06784826228587476
-0.06718647179868073
-0.09993761947926783
-0.15745024651652825
-0.17703870880463837
-0.21975434293318538
-0.2635923627279235
-0.28580470808815206
-0.3539126781488097
-0.4009103417950974
-0.35155059676607786
-0.16759433664422896
-0.5066141333411935
-0.5762912492509589
-0.6068322278651045
-0.47197110964302735
-0.523499048115085
-0.46708992558420237
-0.38673856231422304
-0.5004921764349438
-0.4808202079024311
-0.2741060063225545
-0.3063333068231741
-0.31755438792747626
-0.36457257740232685
-0.3134173569151788
-0.3145634853120133
-0.3189546832223186
-0.1426729752662008
-0.3170708379022555
-0.19340747160241478
-0.24256650319169626
-0.13923410270003322
-0.173176615268803
-0.20599605031399876
-0.23058843166997675
-0.07839779137542552
-0.21944812063771885
-0.22075283709508606
-0.2200655011744225
-0.23563427899774753
0.04085009388662894
-0.15846508863392422
-0.24285194099689836
-0.44060340391296565
-0.18644601443028486
-0.18140545454459686
-0.1506282615883353
-0.24542175808493827
-0.17445914111123617
-0.14611611971025326
-0.19526853734785646
-0.1422765565565759
-0.20570886669242242
-0.1555635342636172
-0.07287769579753828
-0.15219776786259256
-0.13680575019205013
-0.05012434750265887
-0.061630104549336706
-0.14100060691965594
-0.017706567341883722
-0.007346718630457383
0.14006808236212864
0.004456008837622899
-0.010294803532700653
0.008166641438703826
-0.013900383493290064
0.04269728100890588
0.19562707032397708
0.01962086815163744
0.08513132094346343
-0.01086191633523026
-0.002249060277559889
0.006592213447255413
-0.014543746972742605
0.023881837201301936
0.1340258714480147
-0.006158904480497995
-0.10220334936232561
-0.06425206601107611
-0.15154396695409106
-0.1038095666199157
-0.10499078100458123
-0.1524091687854119
0.0863717608728018
0.15437593028912094
-0.07945018201285695
-0.03219953461457384
-0.13193790410803735
-0.2097524342972347
-0.21760812834732135
-0.25367233174017884
-0.2552636805559592
-0.24912909939567518
-0.2429458236917391
-0.23603927257854568
-0.23637707987612097
-0.23906606514027082
-0.23566441709582858
-0.19593062557629104
-0.25595717453698846
-0.2763845087817293
-0.26824020364397333
-0.33402469565177656
-0.37141316303633193
-0.35907857452935676
-0.353665862020938
-0.38643777766378257
-0.45339546936852837
-0.5607812176770982
-0.44303936032127994
-0.47524434775809477
-0.11633294096529384
-0.431886927140156
-0.53511763694363
-0.5337273879855627
-0.3678319148665197
-0.40589590156518873
-0.39384638511805053
-0.3773511015742155
-0.26550333741435145
-0.21735214223603097
-0.13250549730485423
-0.05056430763443309
-0.0022282239749449317
-0.06395186827290594
-0.06678467413208933
-0.0810744601129651
-0.10341135808803623
-0.13065830741271045
-0.1560495037158656
-0.1908418995984841
-0.2268787626374172
-0.2798208529234414
-0.3063357704865885
-0.3065665010010052
-0.18976316343451455
0.03161684318850888
-0.5384776607613647
-0.5863042747459315
-0.5742207436946292
-0.5355296822727172
-0.5939414254308037
-0.5262393659051521
-0.45771160843478875
-0.5484755257507385
-0.5017748091782555
-0.4889650594135492
-0.48710885545783483
-0.4861297669513033
-0.45666460852408675
-0.4950947448369473
-0.4493608380997131
-0.3475243027374737
-0.4247484742164041
-0.3356089597481641
-0.4258338699045461
-0.32333447073922633
-0.3259290430824316
-0.4202212064538835
-0.33510044290298524
-0.34175631158585834
-0.3538369290515357
-0.32218616117016985
-0.35092506094003356
-0.37102234414496477
-0.19169641165861825
-0.2404429116634385
-0.3755692515751947
-0.17325429740811638
-0.18971868670071682
-0.22179749985465916
-0.18489056095526354
-0.1939744209533259
-0.2408800528784047
-0.22348435128706545
-0.22111496952568532
-0.25855626972539597
-0.22399016083134576
-0.25539538696045555
-0.275212948664794
-0.16206267661842494
-0.21251227743087006
-0.28001145499971597
-0.14887653918195354
-0.15651795705538207
-0.18095253580162327
-0.16090541211983195
-0.1605304385630145
-0.1391220317880773
-0.15304655910515982
-0.16201971077320604
-0.15711338540432274
-0.08737979184268357
-0.13832734152703988
-0.08617599737344925
0.0051921903142834736
-0.007708687106414702
0.00053202757280435
-0.019575095022847933
0.04455217075388207
0.0019488314213492175
0.265420396268069
-0.009780525000213092
0.12150290235557165
-0.022062645746265125
-0.027971521711081665
-0.07226333398228021
-0.012464004090820269
-0.019709270508535964
-0.035522145111024916
-0.009379636344252068
0.12843491625524617
-0.019798052349440515
-0.09102406806559202
-0.018317656166550456
-0.15743925214074223
-0.12001398272005387
-0.15981789722085388
-0.1837303196270021
-0.13481237748682817
-0.14488457056992782
-0.17484345735976126
-0.1291165534045488
-0.13348434294873576
-0.16191073402917144
-0.13585639348192013
-0.2398944326239745
-0.2975092499748033
-0.26942271104051924
-0.2701929190237771
-0.28404600627058546
-0.2587041236980296
-0.2685716568957719
-0.3016050087839973
-0.25612447051050424
-0.26408082959317625
-0.27895480377103415
-0.20412192124070652
-0.29353974127652616
-0.40727591305885297
-0.37895318673707395
-0.39122191190088
-0.3878516230817855
-0.37597645221860193
-0.37380960491968596
-0.3681947162397682
-0.3723706646823084
-0.3874388631457977
-0.3849569391273992
-0.40359256507629004
-0.42588130086466147
-0.4375267930273739
-0.5329011033763104
-0.49723133910238165
-0.5493873998445069
-0.4898436133259815
-0.4070073655143251
-0.4866238683680044
-0.4980676384910905
-0.49615900880445096
-0.47073186359453795
-0.47809181949851826
-0.4842282867212048
-0.4718555019805419
-0.4727024698344279
-0.47333308341841074
-0.47347857106436103
-0.4353944706108599
-0.4444795467726993
-0.4143837219180672
-0.40518866881568305
-0.40079951770152294
-0.3722431555980522
-0.3622285034977904
-0.3663172008287596
-0.3304360308050003
-0.3255472553348666
-0.31875874087546135
-0.2875255513106649
-0.2628459692349483
-0.25597771687835447
-0.21936726897624909
-0.20310849003899817
-0.18423402852659088
-0.2085537403235381
-0.2896645334935233
-0.42735680582946106
-0.26112204551166557
-0.25188171502832296
0.33922596045162595
0.15307863072581085
0.018969070889581496
-0.03497678193185527
-0.06907349475933494
-0.09346520847993908
-0.11421414919081482
-0.1358047996449925
-0.16550214277251563
-0.19765267794034092
-0.2258086177186426
-0.25062649376955404
-0.2030285407697742
-0.18802968194910397
-0.2681943955593578
-0.6043051021549556
-0.5812597205144895
-0.503376121651692
-0.42473965008945375
-0.45617022131516305
-0.4691075433272663
-0.49807156589272344
-0.34006673480721017
0.026096687396393592
-0.3884370347146844
-0.4766703370986762
-0.4927001517243132
-0.32474945446356124
-0.44202337636613953
-0.456539359308659
-0.3064909821413934
-0.3971306637508405
-0.417877263917447
-0.20063401606032136
-0.27825273623859514
-0.41452397412844716
-0.23530239385536722
-0.2385085204299829
-0.26759756517713007
-0.2671719419417809
-0.26422210583786393
-0.2722598688313528
-0.2878659240368134
-0.28636061929317086
-0.2851238490679414
-0.2658460830313103
-0.2947143156716886
-0.30297751814213275
-0.17340218805233287
-0.2390250157098843
-0.30351491067804853
-0.16284331148551365
-0.17133941053954868
-0.17564452028259944
-0.17263380909595963
-0.16261933018004882
-0.18600393423963787
-0.14166736664897442
-0.12301580530104717
-0.09721595726114085
-0.18225862218724437
-0.2043554999067551
-0.02724733978354668
-0.1116468435430204
-0.17954521479026597
-0.02212816173096377
-0.020982722677437837
0.197441373741786
-0.014473118352932302
-0.01719639872069703
-0.01579607036365921
-0.05511593653427738
0.30172982531892184
0.03116340929483208
0.21820719679814152
0.037655809659010164
0.13637077726355085
0.215464988062484
-0.02304945809224551
-0.007145865521037548
-0.030195259443524525
-0.03353748128596082
-0.04656042287848591
-0.08934141412770685
-0.184879204019604
-0.13123425688428406
-0.1986832185819093
-0.1728070833955682
-0.1798165602685517
-0.20445465337028096
-0.1593851060288319
-0.16479982168270763
-0.19171084957787646
-0.14848122502064617
-0.14477209705356195
-0.27978977345235645
-0.2522866669812243
-0.28335287481140586
-0.30797383300254594
-0.2772203792062973
-0.2733362292549722
-0.2970388771254584
-0.27379867124582846
-0.271613945577282
-0.27561530524699784
-0.26922010147363645
-0.28123580206291643
-0.4313602299558834
-0.36903023289036924
-0.41058462926735106
-0.4423939036164168
-0.40046423237054984
-0.3860318857009918
-0.4382424875929459
-0.3814534106388437
-0.3662679768656317
-0.4118460718576881
-0.3674194676936311
-0.38076065858495917
-0.3807618992344003
-0.392312903755935
-0.43648954021329156
-0.5090358181851452
-0.5088754308416646
-0.5461426689634152
-0.41670824705091175
-0.5265500851654931
-0.5591977262551484
-0.5343250997002658
-0.6578741768402532
-0.5471243472920547
-0.6021823915346042
-0.19306276755994847
-0.31243931574787565
-0.36928374179539425
-0.36017225524467383
-0.3163226630416849
-0.2808351097247337
-0.23480380664584952
-0.2214444141245349
-0.286261001983191
-0.3195907303311464
-0.2677938544072944
0.11764140150267721
0.0811820995805268
0.026207742013394236
-0.022284739733203218
-0.06202670160846718
-0.08384677532289914
-0.10290869011716344
-0.11903724936532717
0.03656438731000716
0.38805578447256406
-0.23670622469560948
-0.32841287981208583
-0.3819672016296601
-0.1860000489184785
-0.29962205196435054
-0.3835824081956939
-0.23964063469476785
-0.25851223313715505
-0.3515448959738915
-0.28801275257605535
-0.26122783909763525
-0.35218076811982135
-0.34789741387316037
-0.31839315526464906
-0.1630764112012155
-0.42683396603094087
-0.3826416530049571
-0.11431966006723415
-0.43076033730248514
-0.4287425190893346
-0.08209346436354015
-0.4423765223495671
-0.4415900897302911
-0.1382352195655033
-0.4510408541320692
-0.5071997353604565
-0.2051767841805513
-0.433662223594731
-0.4611369138504706
-0.32584852355454774
-0.4587205022921277
-0.47313465120597403
-0.43935450183858943
-0.4498519247444044
-0.4548731159121955
-0.48138011968115774
-0.45755889222949375
-0.42792345262335646
-0.4914911656149466
-0.34483791220867976
-0.4248586551534994
-0.33791706928247855
-0.48841163162617374
-0.5098712853213438
-0.435673787682911
-0.43578176498458615
-0.4929240377440597
-0.3747769917896415
-0.390866539309946
-0.2310608186755518
-0.3227992159093294
-0.37238593655297164
-0.3827821052857716
-0.3993868291858488
-0.38063666988236416
-0.38106328748095
-0.41503525134622105
-0.3671403910609383
-0.3835562804151446
-0.43026991106713663
-0.26030223927369156
-0.2765987890510442
-0.4526547562890991
-0.2788479740737587
-0.25002180999794993
-0.32756544106439217
-0.29137990659686447
-0.27736533658049217
-0.359366932385303
-0.3055412535256913
-0.28054698799116373
-0.3713017391617626
-0.26969308604085196
-0.26895633278464126
-0.286148364805973
-0.3498909697854603
-0.27844379542957637
-0.17105916381640537
-0.1990355257386936
-0.3184888414575483
-0.1855672865128459
-0.18925887304063374
-0.1929990112523544
-0.18893169326720582
-0.19907230315641095
-0.22135738408353256
-0.19442603080285753
-0.18667090052337076
-0.21984045112302952
-0.13132061574593096
-0.14792820006174295
-0.0715973034554225
-0.2199230573863145
-0.17293665139293452
-0.007584244132201601
-0.022673924483453123
-0.03608598396785609
-0.013668740512111366
0.2619378319558305
-0.016533760040861323
0.033793890816015415
-0.03524533497201249
-0.0322655012131029
-0.04543773643988697
-0.019908509707926153
-0.0440581133221124
-0.03051185634415504
0.2429250462745136
-0.03570977051993801
-0.01649732143576027
-0.05163223096882122
-0.049148191389309925
-0.028493361199190964
-0.028882387553404165
-0.05910468393917151
-0.05022091330275841
-0.14231041768322655
-0.14281189103505926
-0.2124302466282442
-0.13431649701766593
-0.17310512683439722
-0.1918926051882576
-0.20288216653090899
-0.2247142713860499
-0.1758375005765124
-0.19632040469435286
-0.26231928999123105
-0.15949259606382812
-0.25512375451595404
-0.3839666561392805
-0.29342140044205
-0.29595530049857
-0.3061251119854509
-0.12017846528537254
-0.28136870054167235
-0.32795604044679083
-0.3037344214120824
-0.2735009078839709
-0.33645982177507444
-0.1517548935476598
-0.37585259942317634
-0.35237253050040507
-0.3180181131432519
-0.34568765837290877
-0.45342019836258085
-0.3556114830801227
-0.35483624833637734
-0.323083295370557
-0.2856977318963555
-0.417471956053128
-0.2938046887037807
-0.36181326562897187
-0.2283913394970774
-0.2410074475217816
-0.20711535162079214
-0.24758192685918265
-0.2868770197627063
-0.3881711434593497
-0.3481285648651736
-0.34053385353952637
0.05269686621690167
-0.06133424676774024
-0.23531765194088838
-0.3448309702377837
-0.39245224456644895
-0.3450809559672625
-0.3713005024982811
-0.3766240873776497
-0.3557780600481898
-0.3301862120595797
-0.2996292246445871
-0.260763334271662
-0.11206882943602836
-0.05337382809007252
-0.026225996336011748
0.0022156484988986036
0.02727572473275125
0.01477014371456184
0.02538103030865463
0.05403890156183061
0.08766750277995672
0.03478955300160527
-0.06816748105060971
-0.03304559201551843
0.03296042626046283
0.1145485622150022
-0.06522959361961733
0.05233779625372276
0.09840107597347325
0.09143788158776367
-0.016266445982833222
-0.08719156689636104
-0.14237608740049867
-0.15180079038792663
-0.13025407452494905
-0.10646869485294558
-0.08264041008971684
-0.16636810642956149
-0.2110302727972771
-0.22336045300474297
-0.18282808040757312
-0.22087488180858747
-0.27825406514789247
-0.3940196011261224
-0.4271754017869951
-0.41672162276981134
-0.4216025457984157
-0.4225713292046919
-0.36911926979823106
-0.11343016279632662
0.3307465694843506
-0.1416439955797391
-0.3941209124011955
-0.527049150231837
-0.29400874431254304
-0.23329910691592654
-0.22575760848251497
-0.5879991731379405
-0.33153645878224364
-0.26561297011717083
-0.2437801902586062
-0.48196800020703146
-0.20017328645744903
-0.17206857902866732
-0.3752150175423117
-0.20394682350991483
-0.21916728301318383
-0.3017544861458475
-0.20181766197375814
-0.2307497586052118
-0.2403667564823718
-0.17207864523117164
-0.19915791528297005
-0.18896056253902893
-0.241362878313158
-0.2576835603147101
-0.026266648098458023
-0.24299814854140234
-0.3029835823476115
-0.025001238242291363
-0.09206918217044849
-0.08941008525176722
-0.009089105747914217
0.3250323076854267
-0.09414330739225665
0.053308740235445545
-0.059249808193674314
-0.0824463909126584
-0.00951760539928126
-0.06648649326590983
-0.09977736081422897
0.014287167519456412
0.03657906784087617
-0.0773880986403544
-0.08780777702152034
-0.09256962881626779
-0.08783007864260353
-0.004390739733995952
-0.07663999244895234
-0.06743159271913018
-0.09157368336446592
-0.1539235930721329
-0.23445949265250093
-0.26817941397274986
-0.24878542705122547
-0.2630018003362586
-0.23225599616659542
-0.2550988362664208
-0.27478193656958166
-0.24635736202688302
-0.06019935101852669
-0.20867041610683826
-0.21010303355895682
-0.17430525537846797
-0.38281412024699857
-0.22835440002760984
-0.10792568021504481
-0.4969801318039255
-0.22150669016097885
-0.19436965271506387
-0.4382971733384923
-0.31353015773489545
-0.3025956124876447
-0.35354514654585556
-0.28221478527448524
-0.3227272266099934
-0.3200992724041968
-0.21828386291563223
-0.28941111463202496
-0.16878352728915802
-0.23641731839465385
-0.18646903280744864
-0.20490862489158324
-0.1714969989319276
-0.1792837947165457
0.0016728568123076937
-0.1445404760800134
-0.1221960460467951
0.021483262111038487
0.1086182523490864
-0.09476259410722693
-0.10364402561912178
0.005373632957221958
-0.07146602640528396
-0.06076029711132164
-0.17755446580423398
-0.38032055922547464
-0.15743466836217163
-0.10204984155501015
0.38281233701520007
0.011501652493975945
-0.16606213030866915
0.148984309748722
-0.017770090743867706
-0.106089473859651
-0.15754434576108423
-0.12990876252479994
-0.06299110955542767
-0.06314631968542872
-0.08135984012220987
-0.05220759109093087
0.19873704579919965
0.6383576264252772
-0.06658234544442226
-0.21407379691710166
-0.2159892403576849
-0.025899147955895374
-0.14001765690828893
-0.12058923360629581
-0.047409047742955346
-0.09482409685222612
0.05859745177693387
-0.04440359800911786
-0.06994823576797024
0.09848109929789295
-0.04402388790009537
-0.060544942376691835
0.12323182406890648
-0.019894545786724865
-0.009947376961467469
0.08122711763084794
-0.02637710823152395
0.00321409261087674
0.08945662895718243
-0.027440454880392484
0.011922699484601396
0.08780079817085423
-0.019785162640645615
-0.059152035505342926
-0.07857572250847988
-0.36954368333895204
-0.18547497693262166
-0.1875028326774017
0.3566392546641081
0.17969561427458008
0.13937451668702458
0.122350093781039
0.0621221980452738
-0.06249641704462294
-0.022073698837380973
0.020054963054118025
0.043689532303947676
-0.02066363234701607
-0.07503137309986835
-0.11293917623807159
-0.12326178343340446
-0.10701083478814877
-0.06485111439660296
0.005291834045814542
0.06244681297536692
0.05622813309598018
0.01434274229578772
-0.07689695156231136
-0.1105640262847421
-0.10522356051791762
-0.03977423515772155
-0.05516563333387264
-0.09491283866118569
-0.15241138814665392
-0.16138293887543564
-0.11598613293714588
-0.049214776717834974
-0.09350141448836183
-0.3105537049562926
-0.20289318520000058
-0.15680566499036847
-0.07011886439480947
-0.09833654960251015
0.17725563943576883
-0.3515814619359138
-0.44264002638929406
-0.44456879716769715
-0.3388438772871453
-0.363020183614275
-0.2921077811602066
-0.27860180320464223
-0.3450624890774451
-0.294106708534297
-0.09982397892438183
-0.30625916152881805
-0.15056147086648763
-0.28586629249900836
-0.22943266543439228
0.011292322500229546
-0.2138647608691427
-0.21725241295976777
0.035785751493907086
-0.19934746539746806
-0.14053675204893784
0.06470661536250935
0.4299017451924539
-0.1936306225963512
-0.06540041770853641
-0.10221138117187778
-0.0017776207479483497
0.07782060950957057
-0.20697686914823182
-0.15194443798549326
0.003168974487196552
-0.013667404139427186
-0.19222422656467425
-0.1788201162000208
-0.15096609836056374
-0.09320836221811846
-0.22211388258402492
-0.1461221409275841
-0.3114410015575736
-0.24788899467211772
-0.32247208361084284
-0.2641743055178065
-0.29350010029251555
-0.3895720156829169
-0.34366698310241206
-0.24373222452467355
-0.3724790979211057
-0.24343559452757998
-0.3141689126057907
-0.23536029528400754
-0.21670840356635884
-0.07432703797703277
-0.18590667117822493
-0.18665247473808072
-0.0761663989044728
-0.1429343295318028
-0.011018146320049271
-0.18925390403518205
-0.15423263048104374
-0.007655083198990359
-0.018692185156736207
-0.16220691110703886
-0.06249063673851779
-0.07234137941390648
-0.11922885099118499
-0.01684692336772209
0.024619117597682316
-0.08859849528542824
0.09756500940132029
-0.06706758903512092
-0.028753424196759636
-0.10416573426914502
-0.1343028552658057
-0.27507051396635535
-0.21789651516125316
-0.21633988567296356
0.2309522406199789
0.11026468184845456
0.050977043362759045
-0.03203429248454154
-0.16837458908120398
-0.316722361076478
0.11944262973718395
0.4986827065546301
-0.019645949752023356
-0.2498928046533415
-0.24853525533105478
0.1523677912420579
-0.21673924701123323
-0.1449051879385635
0.039598761233032576
-0.13296535442640922
-0.10684834176803104
-0.06060696127813528
-0.047369281225204674
-0.05777414726374788
-0.12188842343381412
0.08516737463447943
-0.06032052712739794
-0.04372638707598464
0.16995614662149702
-0.025978876023365904
0.04900974005066533
0.24204890602825713
0.02543054561401803
0.04469924501650957
0.07906295549218234
0.02879638447791849
0.0011977090874627783
0.11091290311304319
0.03249549685395925
0.014580649676443624
0.1289233299136086
0.07859759271842043
-0.011472622196859322
-0.05277266192191654
-0.2456943374055931
-0.05188964340923502
0.08049008328800233
0.5893240268621697
-0.07829340104424737
0.07942299558732574
-0.16708590785371458
-0.34880494849090893
-0.35692819112363977
-0.29032052961045773
-0.17727934557001473
-0.17710259689799487
-0.2979986801824284
-0.2254231757117829
-0.004897391641599247
0.5941081606318568
0.15486143768044303
0.1635027655767135
0.16906696558946
0.13224790180131923
0.05596520827663515
0.0039320285716304415
0.021472925444356583
0.07730240903208993
0.12046774095158919
0.11835744108471505
0.04512191783860531
0.015418321574130894
0.014104317233556013
0.27512601888967786
0.12277292072194468
0.1216521678370161
0.12061590352779455
0.09454584333107335
0.05400148198614771
0.005689866475884764
-0.02120272359008163
-0.029277211827384297
-0.029536649506113344
-0.051703607474974655
-0.06218224606245937
-0.052500883246730246
-0.04772141605406954
-0.035037308617672236
-0.02191471132729772
-0.08249431418815928
-0.17030097599133986
-0.24156110488176244
-0.16228897072425863
-0.11539719705145168
-0.07691873239209224
0.012590641366790889
-0.20532502087598117
-0.1948490856912724
-0.13843949996361724
-0.1319481741823189
-0.14860788856990395
-0.12168009986966488
0.07311682270659176
-0.006107570803396967
-0.0166268092758462
0.8959781744036551
0.1798609009674576
-0.14292816737714792
-0.0853669265605099
-0.31512728422100494
0.06860732221343147
-0.05481976253504828
-0.041880227943073
-0.055042770111252554
-0.22922888110662204
-0.07545320509024858
-0.08173634692266174
-0.08519692139995122
-0.09948636331724242
-0.08570498083282974
-0.19565094342870015
-0.06925849780318488
-0.029220583572926173
-0.09508928315453552
-0.05693587534580269
-0.15325149660655735
-0.028541849353079657
-0.08093877914014849
-0.01996092477295902
-0.014289555393139086
-0.027991809623376107
0.0992088522530074
-0.0035626111850231568
-0.023676380447334444
-0.12343430417544404
-0.0371006347490177
-0.05115014799908779
-0.05060751151899606
-0.044453596795646644
-0.03338004739058584
-0.020334597150696854
-0.08232339898490648
-0.17211375268356338
-0.34288145425479144
-0.15984312049766441
-0.16828104109911368
0.4914476046232788
0.1924755637215797
-0.014717903891583728
-0.21593003763970636
-0.19285887820688602
0.15625255051445103
0.07406560716511995
0.02288939391935821
-0.061995265648160935
-0.09546774188281398
0.011357107696314261
0.20828955633707985
0.1988309838380263
-0.1949747152324352
-0.16145646825854496
-0.07797227621257119
-0.05455791212360339
-0.010778572206826542
-0.010044494744757965
0.006602266014027192
0.03525108445569192
0.05141428233679329
0.00965906603025063
-0.0015470903262665425
-0.22058929754210532
0.1813384241759837
0.061946955388933606
0.008563071344191153
-0.04396208702753798
-0.07309360455401565
-0.06462295477742908
-0.034008460019526454
-0.009077598011927451
-0.015031935696948884
-0.04424087962350082
-0.15113376110263088
-0.15801981958184955
-0.12944341317027042
0.06784903881012883
0.21649897207401986
0.2563386745764831
0.23760871236010686
0.16852026355109934
0.08546673349011089
0.17076668465297165
0.5486698057163161
-0.10413099722775779
-0.2419078961326178
-0.24189598865883594
-0.007317991671769164
-0.1596853240699786
-0.13925906638807883
-0.01840262351111774
-0.08187001562452417
-0.06759169123761427
-0.04150946834741376
-0.059752694512282406
-0.055627056145563514
-0.09236128249254946
-0.08670582357198767
0.0032902159682912657
-0.13406417265926424
-0.0495970350943456
-0.026009477055367602
-0.10351688041101884
-0.031200365242297218
-0.020185323952516543
-0.06684712558757716
-0.03641700422836458
-0.022334277868936714
-0.058998283139164165
-0.037837493933020744
-0.023935413769077818
-0.06857988475352975
-0.04411095895015746
-0.02543752631240903
-0.07883058527266895
-0.052315572490047035
-0.026378154404655962
-0.08008243868231013
-0.05781719308586286
-0.02579631582276809
-0.06740647791965051
-0.057491046494150266
-0.02990039951223572
-0.042918087642052904
-0.1078615849881491
-0.16795604407246603
-0.27161267033340025
-0.21115983320891457
-0.2090532145469015
0.4974133198112396
0.3029715766685584
0.21034015369410075
0.16457282494622943
0.12150859556051635
0.017801203030895774
-0.09978466320155963
-0.08565107218560686
0.03507377088406011
0.09202611880288508
0.0585487494819259
-0.0797467146766423
-0.23247715439979638
-0.30302797348452426
-0.27318520401434077
-0.22506534857424987
-0.21033652755219429
-0.22418487480544147
-0.17880110626296533
-0.11787422467322117
-0.04137204552610546
-0.13125517544454762
-0.06814106619631916
0.12008511504730007
-0.22225952018459547
-0.20899532845705143
-0.12875281542571032
-0.13655299381748087
-0.05225354179530323
-0.031737560179152524
0.010281694488520066
0.0401559625214834
0.004385841767214349
0.022754089072510586
-0.022532097944200913
-0.17375650981072868
-0.23112695859353743
-0.18148971731944283
0.19023058145229976
0.09193680407471524
-0.005996081066124842
-0.0765545463722131
-0.04728736251316923
0.036185827763850764
0.024224356834354477
-0.011176379197208458
-0.04536492017965674
-0.029342756805140063
0.04173662688726862
0.08812426434848031
0.032278574504976676
-0.08096786592204225
-0.09874362129538655
-0.08791204410982426
-0.0649666169284277
-0.037962853047838474
-0.016060839708840757
0.0068991710674931594
0.026669255707135187
0.023229156505902848
-0.009438976412604327
-0.012893267315168266
0.015149214786703141
0.15909640286656535
0.1331165644526086
0.03763972838433105
-0.01757015860255201
-0.04482693671355023
-0.044465299081270226
-0.033058082647510895
-0.02791031517732384
-0.04452867884517098
0.12519938812911663
0.5481605419348065
-0.09728557866599444
-0.20697249547193194
-0.22988371653310344
0.060786844194997136
-0.11524937934899573
-0.1589371958571746
0.04782465658448726
-0.025211235849989383
-0.06214960029982994
0.03396399213649523
0.006570277250133871
-0.02400492952973815
0.0340881418482844
0.022427844209417513
-0.010728786067187301
0.02328081945861621
0.022676744029428708
-0.007517854266513024
0.0157973981680129
0.01752986951517918
0.005466536531073263
0.06108711278602852
0.017442100166021046
-0.06726214704482841
0.09487588871850944
0.06897187816844216
-0.03250853539118498
0.02523939338248668
0.4249073760703992
0.04017385696356707
0.06748927766247248
-0.02419859813089148
-0.13629775672412192
-0.34138730097981546
-0.17982583135519065
-0.1892076248054224
0.30106860939516894
0.05120878607379489
-0.06498247876163654
-0.07645410510944528
0.002384492009774447
0.019088963282380966
0.01028427865941095
0.00250989619939912
-0.009199658297066732
-0.020581815152694583
-0.05163425714044975
-0.05595890907080972
-0.13325227850563684
0.04987427307340225
-0.30029153262551134
0.12090631815839414
0.1186742553463388
0.10699564484803678
0.06117932799486289
0.010058246691413142
-0.016089561526617946
0.00020829814201012153
0.0005012692404632313
-0.010915454758888415
0.007420935677092261
0.007806836792276228
0.00017588642340554683
-0.04863913648281898
-0.06453298505598073
-0.05992639955715556
-0.04906966010611302
-0.03619455984600006
-0.028854740341279494
-0.019786847803530405
0.03969629716716799
0.041982666236597965
0.08156892622532705
0.2576929457444335
0.11791690488101803
0.027456693614770905
-0.038187617203169766
-0.09342090366036171
-0.09410169624966797
-0.035870717241887895
-0.006151533026511891
0.027519532087027787
0.03711098632555698
-0.008219221375091179
-0.05406010445116266
-0.1161405853410169
-0.16498498088006672
-0.17206533342892696
-0.11509928603462338
0.004530629939813319
-0.010393844937989505
-0.05128388940007361
-0.06906955088920558
-0.047692856471532596
-0.014374888237231875
-0.013682026613286019
-0.023652054971857323
-0.024996558477253517
-0.0011145519338467968
0.03295419836151586
0.0357591868329625
-0.008874512510490262
-0.05956970025570024
-0.0765183471385937
-0.06569426296682071
-0.04892376669448417
-0.030624277761840124
-0.01836398877003584
-0.005603125207430393
-0.00423444374335058
-0.008618655980313084
-0.01470275453325856
0.006372524464593743
0.04816390130047116
0.09311430725758171
0.07635592320813289
0.027280062304942676
-0.017545613209739713
-0.044520870104553245
-0.05370952391936579
-0.05377894409517109
-0.03485676763129636
0.05114459178582956
0.11104454270507491
0.11002284169939897
-0.2358762514982396
-0.12466982147245384
-0.051596585163406206
-0.001290084660907076
0.022390403037847173
0.03151875503819623
0.056062450070833575
0.2204672223287292
0.10421610166636369
-0.06894815165441742
-0.2342890166896168
-0.31371036854552115
0.0533534277278605
0.0006836850350291912
-0.02481195401159625
-0.028661381889537596
-0.0022425289582425623
0.021272938208138636
0.018817466925180742
0.010621911288444946
-0.0005679405030366291
-0.016971343714665688
-0.039206284722455575
-0.14046808164902655
-0.08421561320135773
-0.05006681742644625
-0.0043331061852427966
0.05168946412919345
0.08036563566213392
0.07355591405449335
0.042198136733751224
0.01394937830044074
-0.000651389121176793
-0.002550400903459371
-0.004286361431850572
-0.005024310392299225
-0.0007529095978209277
-0.0055211011971187385
-0.020453129968849015
-0.041708815958787504
-0.05189536402141981
-0.05212869527930181
-0.04708080691296662
-0.038539250175433776
-0.027764468355290367
0.006693912715439176
0.02891209443499909
0.05517528944505232
0.10677020264358572
0.15063553022621773
0.019582514696603326
0.018543827732303425
0.027407516586288316
0.029743900866576467
-0.006822418781884526
-0.05268825570008878
-0.06512152961388448
-0.057246364253803195
-0.04388362977488125
-0.07048188773568387
-0.10824965988556395
-0.13423404680349776
-0.12377009109827766
-0.08432750344579285
-0.036591658179565556
-0.034349637122546434
-0.04656305846042527
-0.04701825803890988
-0.0325568266614365
-0.02023357698875905
-0.018710826200508124
-0.015729509001748965
-0.007093932953789184
0.009819582339886668
0.02224371139792153
0.013385861064306448
-0.016412123262335987
-0.03861914777897671
-0.05044207303001619
-0.04871875005859172
-0.03879345702473003
-0.026182370302532953
-0.014166871602332154
-0.0023535988331792324
0.006273078782148417
0.005117991055864912
0.008372912827402101
0.023303480877882587
0.04253162217629697
0.05533032384396813
0.044490818711978436
0.01995844943567887
-0.0029145977047162486
-0.02180382938023223
-0.03367133372478043
0.00186441518660041
0.10508027602760608
0.23729233939095554
0.07000440270413077
0.00343230951798168
-0.09743185936689991
-0.07889265708411156
-0.04204020528192104
-0.0035618990776378756
0.026166960940295636
0.05806013455910919
0.0844178318513096
0.06401427354104747
0.017120555026532425
-0.07547755604899453
-0.10979136189561034
0.1025469208039001
-0.026143402014949524
-0.02425947938728773
-0.01501988627331946
0.005073323375586747
0.021136345607099816
0.0184326541046044
0.010154132611423228
-0.0009523765865188105
-0.024398486975151373
-0.05456271481496827
-0.08331106279219819
-0.06545805904672172
-0.04295508506807266
0.002716900911241271
0.044852196261448984
0.06580859894442764
0.059402350932799
0.03257095874865251
0.009190535953184642
-0.0006290677763985675
-0.003219808371483779
-0.0030780458205777184
-0.0014018744132800187
-0.0003349160895024794
-0.004849428205231376
-0.01390738248454454
-0.022310053390429962
-0.026073110213450656
-0.02544884393217553
-0.02109863712750404
-0.012773319391927163
-0.005976388826098161
0.03799857754510083
0.05740549550973806
0.09599766942500254
0.15388902778429275
0.211482259667954
0.1288460186068137
0.016998882815943556
-0.03698215906074609
-0.031505994936313064
-0.03798126755745257
-0.010352458373112383
-0.05875333991882836
-0.05487071668419108
-0.05854182356444221
-0.07813186385504822
-0.10037101790032768
-0.11023956450299577
-0.09898564534503218
-0.0794377987369635
-0.05491751112390281
-0.04685641702136728
-0.04525283107099154
-0.040385655118289066
-0.031699821539050016
-0.02502789775990208
-0.023295410698825625
-0.015322381880968905
-0.004689189375582936
0.0059468682451552235
0.00899910398584669
-0.0013146994054874517
-0.021508687956098282
-0.03432522430222698
-0.04056454127039616
-0.041048013335364814
-0.03467287252362283
-0.024961508368300384
-0.014109610832539615
-0.003104030730173707
0.009550928512039453
0.01226086796821374
0.019777095362081
0.03383637425664221
0.04972874659660745
0.05506357258977343
0.04633494675718386
0.02853416536058459
0.005847822570983208
-0.004617627183941819
0.009055052166553335
0.02855861501893958
0.047517619818457923
0.022189685589318053
-0.01758399202103661
-0.05504263568252982
-0.05236518500246576
-0.03086712339530895
-0.0013317724663342023
0.02586025523815927
0.04954888862075929
0.05754959560805503
0.032434890117977455
-0.013625087094656096
-0.05808147328869334
-0.07328054668780892
-0.04505239332379035
-0.029641606402260323
-0.013256023675528583
0.0028129055160106
0.015546316609108407
0.01108604899760987
0.002985225546168202
-0.010223983727069563
-0.031083355200625107
-0.05182596081612825
-0.061751411368413944
-0.049383752969421324
-0.0317826684070914
0.0038694944676467835
0.027373264295099675
0.03195440994920695
0.024666828907641825
0.010764696214570213
-0.006768513664548448
-0.01732995040242935
-0.02564142853284948
-0.03299632813382178
-0.04037979697905009
-0.049394498974167644
-0.06155318448656438
-0.07220187531873826
-0.07995135413920468
-0.08786526572835102
-0.09175444366138374
-0.09108357936322892
0.09464104252550412
0.5190322487123824
-0.10033862284541256
-0.22805964102045106
-0.22512590799327492
0.040108324517655475
-0.15798723855122182
-0.20529540577271077
0.016923749691357404
-0.0537342226408033
-0.04711498006988807
0.12722040706156498
0.054235035439788026
-0.06324774953707923
0.08988894489713045
-0.06258864240540382
-0.07776792343370198
-0.17017725262282957
-0.3660662777001648
-0.18627145422658475
-0.18231387510389566
0.40576161739245026
0.1911613592031139
0.14821523777831427
0.05525642014141477
-0.025753538750830224
-0.04477239095371066
-0.05889404889095243
-0.08171982803826652
-0.11755976429282125
-0.11383111495780598
-0.09091530750616833
-0.08554482108681594
-0.06779643361747079
-0.05713771336714857
-0.05044525602568961
-0.04447298034057773
-0.038788989665838186
-0.027160547303897165
-0.02608740469214582
-0.01765028389415585
-0.009769371579621405
-0.004582152437361819
-0.006045965693418226
-0.015915644375246035
-0.019567520134386035
-0.02966067991000132
-0.039035156140304755
-0.047043097244143794
-0.05417676956224721
-0.049711181730938137
-0.022676222022305625
-0.006108409169134493
0.009471040783151363
0.01484886457842366
0.02355156990386298
0.03466410216326904
0.04391561003085798
0.045844387654362245
0.03871832051231566
0.02604305704670573
0.012783719634558571
0.009109541832839074
0.01674951546151035
0.024484115801559347
0.024673023694124357
0.00537340232940775
-0.019427277234520257
-0.04412796721121007
-0.04992963355752583
-0.03893211686595885
-0.019273722094415857
-0.003872234855658574
0.009363554917074801
0.012146016603871435
0.0030245944803478086
-0.02430183329731536
-0.04170969332723512
-0.038221617193217594
-0.03692583975490438
-0.02558414517923463
-0.013183837458259351
-0.0014661838457689924
0.008351559543542664
0.0069919139266860775
-0.012825807896417601
-0.025565640543515344
-0.04479283861294911
-0.06606849221355168
-0.07522862202628405
-0.04912631016036895
-0.02701138976316908
-0.0004324143651719681
0.0158613636173785
0.02148583809673643
0.01845628524802037
0.009907503857027877
-0.003666772456045464
-0.010087991393499807
-0.017615732123760497
-0.02538850514685817
-0.03388138650427419
-0.0438079259074553
-0.055829469960393535
-0.06029588729485946
-0.06899404865918737
-0.07383450305118944
-0.0552441076078064
0.034840024470740305
0.1060807060559063
0.15301539152618032
-0.18499896511325012
-0.0392105842828816
-0.006797780327883196
0.008667919549882747
-0.2091736628185098
-0.24550652976915527
0.18512040912818273
0.20445914478620514
0.19290083899234076
0.17995641618851893
0.043111200777865843
-0.07120531291707505
-0.026711281550815535
0.016800497213712712
0.0070366520640166574
-0.07609746521995905
-0.10300652408369401
-0.11510120384552014
-0.1259789604789728
-0.11420654849226511
-0.10224777728578091
-0.09171461316768825
-0.08504639268572922
-0.0836116484635896
-0.07357383008295484
-0.062494018798608386
-0.051021469667129615
-0.04445288924935814
-0.04870945791668538
-0.06398743230432463
-0.04063232795926741
0.09042917870056455
-0.04175815163111413
-0.03336899430252949
0.013725498080509602
0.05102782193911498
0.00646860060565968
0.35649303537864135
0.07556512342526606
0.034856921997896695
0.01181302921572383
0.010517119443817502
0.01838672786882045
0.020847261567760733
0.014781348880371081
0.0035234073592788073
-0.009642228877454195
-0.009444650100781382
0.0013126915701834607
0.02442432876029285
0.0860354883288425
0.08166737615693642
0.020997281600494966
0.0556953779524047
0.07588804401725907
0.1032826996972748
0.12385851445099877
0.1838924739118246
0.03669941077508593
0.00960304246909266
-0.019784823650107197
-0.05070758067221626
-0.07194671533062635
-0.07014689502381807
-0.08463419282035908
-0.0720394219695028
-0.056664435970469884
-0.04231331987350262
-0.037766927775047254
-0.0012037143253454397
0.08159663399083833
-0.035944433848276724
-0.05140946748136921
-0.03980141602276263
-0.0027309319528381892
0.031058703223137696
0.015966719195762286
-0.00929800283732407
-0.010718898279159783
-0.012689268013403587
-0.002806975481542129
0.0011033857035286365
-0.007097475767307293
-0.010442341514370346
-0.01721350448694356
-0.02496943799378093
-0.033874602626955824
-0.04437324739164861
-0.055691498801573175
-0.057000049425902366
-0.06062299659356854
0.15285207266154802
0.8072276942228912
-0.0626826624837376
-0.18080423938201973
-0.14924025913568922
0.1747067866720388
-0.06853468861498291
-0.01931979279712087
0.0026755413001748607
-0.04467340116458718
-0.005974718501662035
-0.014026375481313857
-0.035314138390723365
-0.017158124099510563
0.03739764419103203
-0.1064176611445325
0.05028390959662121
-0.036011546644962866
-0.09985345437033957
-0.013376220346637546
-0.1570738850546037
-0.4584094566559782
-0.13502174844177775
-0.13656114738188313
0.5224087591893397
0.30420969829472594
0.20259586675425795
0.23113377337069335
0.009137685745938956
-0.10125778161401561
-0.15411849122584087
-0.1421072633227688
-0.09736800634192827
-0.08668183314737496
-0.0946045225578708
-0.0950182983112613
-0.08147932214158105
-0.06847839249935164
-0.05714788208923294
-0.04890757323687572
-0.05103701194944715
-0.029622200064503
-0.027270549877626282
-0.0035149458086056184
-0.0013052312151379253
-0.002055424842316439
-0.0071382432169112
-0.010332617031081903
-0.008909384400779263
-0.010625069596991166
-0.032361651136051106
-0.06904878041426324
-0.06942789992864656
0.01115716014892798
0.016994363546513763
0.03993199672703868
0.08055478133912108
0.1338788322904519
0.14688068884215644
0.15015569958508931
0.11554363946121943
0.05453761605187041
0.025088895267292716
0.00863138848525652
0.002054680205499093
0.0070784596702769265
-0.048227306537616255
-0.05034848809858744
-0.034937626872543204
-0.028278193065706253
-0.006886459391339528
0.010482286972261223
0.010761954891806008
-0.0009826373704840963
-0.0194268226712202
-0.02362022798723884
0.03240592381419494
0.051052944121991184
-0.02460129358992924
-0.017135808743271308
-0.009684173233537596
-0.002720116810099593
-0.001823957081170946
-0.022610927220972632
-0.021322180740019625
-0.02431178268038875
-0.0355720312842725
-0.06355029305985971
-0.03775895915381661
-0.038904199912285775
-0.0014491950630551864
0.04711557600324462
0.08083583671175676
0.061119205873391286
0.03072449227790791
-0.009043163307443647
-0.023006205474472297
-0.03242031136374807
-0.0462528687707317
-0.06259909373518863
-0.07823640765380752
-0.04535283473697638
0.1021523030393355
0.3118109459434268
0.19028123056521906
0.016768796211084208
-0.2495767451566945
-0.19723267625242444
-0.26533360417313145
-0.07309393256632546
-0.28176080611289206
-0.26284628090823076
0.1540586017988685
0.12079515087054543
0.08465914999229898
0.048671792635647526
0.057763610814254435
-0.07224098288049027
-0.09812383103381575
-0.10969658456350173
-0.10176464432204158
-0.06855185216091894
-0.019734443120975054
-0.026459698962128242
-0.13300957968943372
-0.12747787675357475
-0.11974861051246011
-0.11382738215807486
-0.10893926497466608
-0.11011319864512092
-0.09383342868128405
-0.09853887085326654
-0.09374615636660893
-0.1004933657398395
-0.11757631267829943
-0.07818517254195856
-0.0652422527264726
-0.06317127868638
-0.06540143707684881
-0.05398829021667051
-0.02624947412173187
0.028268870205131746
0.04258718373863102
0.055797487248763905
0.06437988164924996
0.018537548375998636
0.011233205164714044
0.18574987285058228
0.02148502493055024
0.04149430983371866
0.04562667600754494
0.053407859088347165
0.10473048378857819
0.18947532309620624
-0.021650162086318814
-0.037080450804325704
-0.03129293480996387
-0.02759978425545956
-0.01378588374898626
-0.025461678071120597
-0.03538965086666013
-0.050734243002025226
-0.06269503630866619
-0.07728985903838942
-0.08575759919724771
-0.09754484641128963
-0.0847255913760471
-0.07201138402119306
-0.058462149605685854
-0.056857212273239144
-0.07097039744214745
-0.06397503976606211
-0.05815865455089039
-0.04761250388626334
-0.029348972893237513
-0.0035533684957149425
-0.0016542640504860207
0.009492890089647377
0.0025740877732444156
-0.03682410051656454
-0.05295109873342252
-0.04755805935614962
-0.05757553524926781
-0.0640002102471024
-0.0742692358872317
-0.08626694284447622
-0.0938398838725793
-0.04792919252278996
0.006716292030331528
0.06196113922888061
0.019219918663667956
-0.020130009812839578
-0.017449934854633226
-0.21760550002555779
-0.4300998950972458
0.05655144160500725
-0.12272071046104713
0.10100659245922156
0.24747174351424067
0.17907058339334064
0.11880663399743502
0.1697029338728663
-0.056437871339525825
-0.14360439640511508
-0.15219127166930205
-0.13471047357518529
-0.09171319706034464
0.058449726610250996
0.022951737179864318
0.06915940580372149
0.09298678444293967
0.13421995427719505
0.1835747445398181
0.22757497999698423
0.15721306664920748
0.16683441798619705
0.16698453235878402
0.15953739811614964
0.1495133187888542
0.2662091173660047
0.1698657548624133
0.14321755637382513
0.09140388898910334
0.050521585855223955
-0.032164209940337
0.24259393387430592
0.058915397410402165
0.03322552024694586
0.0044787373156399135
-0.002563257927873236
-0.00887012407950194
0.012801902747910793
0.012980568463479558
0.00588392365203444
-0.0007608283139638738
-0.034587406063892184
-0.09191751617743452
-0.05214074933840157
0.05891514453898683
0.16190242890399456
0.237536176950595
0.14571804938809607
0.18508418747478078
0.20611143385141806
0.2243096045379947
0.25330513627149
0.3909082496491023
0.15973134954197
0.1665371094325674
0.1709794121442916
0.16841161590447878
0.15482191245882015
0.2654413958058785
0.15497045455464903
0.11305731356537313
0.0632734144625055
-0.022827834811848524
-0.11016868281263803
0.14075145850346443
-0.013347201455533447
-0.030139927166728392
-0.03794123374372543
-0.02960136041347053
-0.031745918240112664
-0.027829950893712985
-0.0366444149594386
0.1259228652271288
0.5114734885383249
-0.16015485146010852
-0.2607393706198874
-0.30800436006759885
-0.01059720763797442
-0.16699037807011305
-0.24493012752091356
-0.022226893857331675
-0.08671603136221936
-0.16107846101839726
-0.027781976147172732
-0.037647553038208104
-0.11716933338883198
-0.04881506510557354
-0.0326379513858048
-0.038140503187385766
0.07282236831336178
0.02583980161093402
-0.025806289124070125
-0.1684811220640825
-0.12583888711661287
-0.17017733390504455
-0.052662440979551195
-0.05972681656684159
-0.197168100257393
-0.21096257589679965
-0.353803682837452
-0.24363725997026686
-0.1703484891176016
0.43999596581510453
0.22449553878720302
0.13393262339220113
0.07258122836657263
-0.034319672736627393
0.0035311110366571807
-0.005218791391583544
-0.05860470939393278
-0.08348335719075145
-0.11039680965551038
-0.08119972732882341
-0.051757436840330906
-0.04012035105713213
-0.021818248341519547
-0.03882132242557845
-0.031627765349936665
-0.03397299456251196
-0.04814231532613525
-0.032715366788814426
-0.02277192186061705
-0.04027685555604399
-0.07715739168995428
-0.11186155176256027
0.027987255370961472
0.18451992939031187
0.20918452244553187
0.21068742788504707
0.19410074541835506
0.306977899007628
0.3052123504952328
0.25794826398971127
0.2752734175490404
0.2532545591283
0.259912912940293
0.1447835015390364
-0.006036429322534981
-0.09631596776814202
-0.008184052994150981
0.1766531087841805
-0.10046664579657028
-0.061865456379846806
-0.039414496081783545
-0.022589612394365438
-0.07502882703415092
-0.050414751649638934
-0.03039821080350044
-0.023134717426673973
-0.01858604957258772
-0.05367877170951635
-0.0722530018504132
-0.07974186387523202
-0.05673667344623254
0.13579178971791867
0.1585680991517069
0.1379539575176532
0.08399907734336895
0.013518479726887522
-0.09104767708098843
-0.0728700579913849
0.012408031765767935
0.07011693337138608
0.1134044417144145
-0.08423137401121689
-0.000031805723776923145
0.024306986186984347
0.04140605138882078
0.0504969105782227
-0.16433406116692736
-0.30566623347025645
-0.439081016761579
0.23079817233768618
0.3424552711000958
0.36952407926707703
0.3147894218002556
0.32569752003317326
0.018987389243403374
-0.14431824087946507
-0.09807682220468808
0.0022070571894061697
0.042077750804201536
-0.068390118304721
-0.13565305318687382
-0.08906690142992876
-0.0553153111614596
-0.03129548919624359
-0.045059743855335455
-0.0404631768988567
-0.04189870811598745
-0.042776775900078695
-0.02618270656505481
-0.04224275419735829
-0.07063617119230453
-0.06827864314869397
-0.047235960488205414
0.35385935710066513
0.09837804515462248
0.04780464458418621
0.008505874142144265
0.0005292463414527382
0.07372788072081998
0.050839920778743275
0.012313857865958316
0.0386785451653332
0.2782297467740602
0.04865778421768996
0.059174562166643824
-0.0011011940505947782
-0.10099846106682311
-0.049921180263382825
0.07083706283876431
0.00593012080699673
0.030253558042911133
0.0936891926782224
-0.06383634527773366
-0.054133322439353926
-0.04897650651821614
-0.04682612463664748
0.09704387170371864
-0.018392990381147223
-0.00630927743169446
0.036471240433134655
-0.009791475310165915
-0.027324125930579535
-0.05452643635582094
-0.1075964343109144
-0.14939296331886773
-0.007182523945157837
0.14040801446356554
0.17485367569646776
0.14837246829752182
-0.02605844274679317
-0.11482840296143992
-0.1250812694849765
-0.052299063742047985
0.022149178930758323
-0.043556743298049094
-0.21469890104937606
-0.15921590643963243
0.46008970424303547
0.1406448720679071
0.16886644988082927
0.0428778178971867
-0.12338547515293855
-0.14293801795901492
0.16838077618931482
0.03877796090263744
-0.004424627407145776
-0.1236884275716138
-0.07574152065239453
-0.017331922992764176
0.06807272914438556
-0.09127240649717469
-0.08350338184493794
-0.06948767285041027
-0.06718798922814573
0.16485371503793061
-0.029956810226912378
-0.04075541662286353
-0.052368513671597616
-0.016701759019112083
0.04508513560402466
0.028172818367717956
0.013167449495030126
0.008006415395252348
0.06120453935026651
0.02934226441736576
0.013713084129678976
0.013582899862834563
0.05454253573245693
0.04471613765912569
0.04504003757246314
0.1346722298034625
-0.08633026808259045
-0.051621202293545554
-0.0242920094080791
-0.017531422602870828
-0.07226565656272874
-0.05478051603763981
-0.052122980826423415
-0.04534207085623715
-0.040979853708956876
-0.01948507581342629
-0.028297875249334165
-0.021903294544100838
0.15919743010673476
0.021231590140995127
-0.002826781941265566
0.0445573795404243
0.39717994697278297
0.08907819218792357
0.0609314008467951
0.03775440948030728
0.020646873309165537
-0.026488104986565897
-0.04598815810609544
-0.08869305947373354
-0.09281983207011707
-0.11129909790830714
0.008677965486197647
0.2145931902714826
0.1361550768908966
0.22369401276552167
0.11649338666225972
-0.10295794043523543
-0.06084504261209628
-0.019823006720623704
-0.029134758496273533
-0.06779749901958426
-0.06921434576721966
-0.06317589512746719
-0.05990287953260259
-0.06785980831123972
-0.07735474332549439
-0.07718869010544388
-0.06602252437430095
-0.07223023756334629
-0.09429056198424185
0.40541347720876003
0.11535115774637589
0.08854682382136492
0.021029338317338914
0.09240715576782757
0.1642212251331132
0.08238858346065844
0.046678004281871244
0.21028311424114737
0.07232924034525981
0.03938085094797983
0.04517239080177371
-0.07189673493408544
-0.05727928798892709
-0.023563227883657833
0.01819171932401442
-0.008041724634693104
-0.07851366358025816
-0.05642142962459684
-0.028119407443126243
-0.05030390653867303
-0.040332512826082856
-0.045831769643869535
-0.039610962680846906
-0.01509725266507167
0.0012152728562567217
0.02290987534920741
0.06931368984796099
0.0754408048177714
0.03920367512944167
0.13023768402522534
0.02883935165279683
-0.06642376228777586
-0.08863721421742687
0.16963368374098814
-0.004739065257247377
0.10063445494782747
0.09445728162156997
0.11329332063125142
0.01946538326793229
-0.04158501404132209
0.0078011278693480846
0.11092461190419345
-0.12490120867559851
-0.14591631467513091
-0.10107994112806495
-0.07984034105241802
-0.08450256255409225
-0.08310387041481238
-0.0693142109968084
-0.052827536025373406
-0.06780125794659003
-0.048557604024265094
0.035452996401812986
0.014291667844357203
0.026457750163508126
0.10319411517026839
0.08749398028088745
0.19209275255759495
0.27496667040751016
0.0787631844387715
0.07311146164538873
0.15103681272973707
-0.07786649659939651
-0.05203888651139549
-0.03178120755201269
-0.106863915631695
-0.07772470752598376
-0.06338733404456676
0.0881308457838137
-0.026436437233272325
-0.026452881419593566
-0.02629377509701422
-0.01775820034904174
-0.00026679549377031653
0.02370353264497943
0.04578863989797302
0.023121662070310633
0.004857582611974831
0.013862445041674387
-0.05530442235218008
-0.06999318525751197
0.04237055785260693
0.19806474210664463
0.060144837164529674
0.062081596308631026
0.053895324608742856
-0.01815380988644505
0.008183819510571566
0.005484674630710784
-0.09257594458120785
-0.03789058670357434
-0.050405503277603514
-0.18394833472716532
-0.1583224003008024
-0.1475941172485086
-0.005567310789766355
-0.08079086017751522
-0.08640560422938509
0.3468856401479531
0.10000458220915373
-0.017057567379465677
0.0777892046018247
0.12758545600451893
0.18554610180778836
0.09198945313057982
0.06710024055903208
0.050687352612421854
-0.04796874716175348
-0.034040590436230644
0.014520316581288495
-0.04802444549397697
-0.0874876124197374
-0.054557625320397346
-0.060736483151877796
-0.035851312916202194
-0.02446243241322199
-0.020266383496120866
-0.0018258119162324615
0.032238003001020255
0.027057148275411447
0.011507709566788427
-0.006467130219844769
0.014570975806812436
-0.003968140042797524
0.34157951657836333
0.16318355323191092
0.23167421777931838
0.11322235035064576
0.22811026151834557
-0.09997987078991688
-0.09542684202276969
-0.05872187399894285
-0.09877343307516301
-0.11151709501064228
-0.13415552900888167
-0.15196077691442517
-0.09695111224309952
-0.10278750961138533
-0.05623144613058795
0.010449509848574068
0.06448370828297828
0.3301678230392188
0.12922164922185814
0.13444294027615725
0.31286096971926525
0.0992932485437345
0.1132761856342368
-0.0064060919290080676
-0.07140267982418763
-0.05540194293785494
-0.09929875405818508
-0.060941441076144964
-0.09795631512890285
-0.0793181946913693
-0.08108942387326235
0.2376609045185167
0.06718428059181492
0.04347149848972748
0.021421234753562224
-0.00017429516449909976
0.017722753180806627
0.03445834588529928
0.11098743608512152
0.2981518063367003
0.17332707759671356
0.12506279485847788
0.12572991473297004
-0.04774362612452093
-0.06357893681013388
-0.07417611534524804
-0.06017361229991497
-0.17447841018087204
-0.2450299248212548
-0.180057122476244
-0.17097379291219877
0.3393839630334336
0.1093861930972162
0.13326575977725977
0.12188853302006114
0.250477949761691
0.1736070554950933
0.1400593773562013
-0.03506595555024278
-0.01268003916801208
-0.01577454596171951
-0.05335462692022466
-0.10254488955427868
-0.11036969487591336
-0.09010275859077266
-0.07175175999830849
0.4001213492799957
0.11457597262393024
0.07868656714319439
0.06977708877344058
-0.03531527426644407
0.4419932125005438
0.002573159641641176
